"PreSens Measurement Studio 2","4.0.0.2393",""
"Date","Time","Channel","User","SensorID","Sensor_Name","delta_t","Time_Unit","Value","O2_Unit","Mode","Phase","Phase_Unit","Amplitude","Amplitude_Unit","Temp","Temp_Unit","Pressure","Pressure_Unit","Salinity","Salinity_Unit","Error","Cal0","Cal0_Unit","T0","T0_Unit","O2Cal2nd","O2_Unit","Cal2nd","Cal2nd_Unit","T2nd","T2nd_Unit","CalPressure","CalPressure_Unit","f1","dPhi1","dkSv1","dPhi2","dkSv2","m","Cal_Mode","SignalLEDCurrent","User_Signal_Intensity","ReferenceLEDCurrent","Reference_Amplitude","Device_Serial","FwVersion","SwVersion","Sensor_Type","BatchID","Calibration_Date","Sensor_Lot","PreSens_Calibr","Battery_Voltage","Battery_Voltage_Unit","Cal0_Amplitude","Cal0_Amplitude_Unit","Cal2nd_Amplitude","Cal2nd_Amplitude_Unit"
"03/05/2026","13:15:59","2","default","813736599","OXY_06","0.000","min","210.649","μmol/L","Humid","21.995","deg","69183","µV","23.999","°C","1017.000","hPa","34.9","pmil","0","55.710","deg","20.000","°C","100.000","%a.s.","22.780","deg","20.000","°C","969.000","hPa","0.82","-0.015","0.00036","-0.00014","0","10","Humid","58.27","1","2500.00","297458.50","SADF0001000082","ABF0.1.0.10","4.0.0.2393","PSt7-10","250224-007","7/27/2025 6:28:56 PM","0000-00","0","no battery","V","","µV","","µV"
"03/05/2026","13:16:01","2","default","813736599","OXY_06","0.033","min","210.761","μmol/L","Humid","21.997","deg","69171","µV","23.975","°C","1017.000","hPa","34.9","pmil","0","55.710","deg","20.000","°C","100.000","%a.s.","22.780","deg","20.000","°C","969.000","hPa","0.82","-0.015","0.00036","-0.00014","0","10","Humid","58.27","1","2500.00","297465.82","SADF0001000082","ABF0.1.0.10","4.0.0.2393","PSt7-10","250224-007","7/27/2025 6:28:56 PM","0000-00","0","no battery","V","","µV","","µV"
"03/05/2026","13:16:03","2","default","813736599","OXY_06","0.067","min","210.541","μmol/L","Humid","22.001","deg","69161","µV","23.999","°C","1017.000","hPa","34.9","pmil","0","55.710","deg","20.000","°C","100.000","%a.s.","22.780","deg","20.000","°C","969.000","hPa","0.82","-0.015","0.00036","-0.00014","0","10","Humid","58.27","1","2500.00","297446.97","SADF0001000082","ABF0.1.0.10","4.0.0.2393","PSt7-10","250224-007","7/27/2025 6:28:56 PM","0000-00","0","no battery","V","","µV","","µV"
"03/05/2026","13:16:05","2","default","813736599","OXY_06","0.100","min","210.413","μmol/L","Humid","22.006","deg","69149","µV","24.006","°C","1017.000","hPa","34.9","pmil","0","55.710","deg","20.000","°C","100.000","%a.s.","22.780","deg","20.000","°C","969.000","hPa","0.82","-0.015","0.00036","-0.00014","0","10","Humid","58.27","1","2500.00","297437.76","SADF0001000082","ABF0.1.0.10","4.0.0.2393","PSt7-10","250224-007","7/27/2025 6:28:56 PM","0000-00","0","no battery","V","","µV","","µV"
"03/05/2026","13:16:07","2","default","813736599","OXY_06","0.133","min","210.597","μmol/L","Humid","22.002","deg","69135","µV","23.987","°C","1017.000","hPa","34.9","pmil","0","55.710","deg","20.000","°C","100.000","%a.s.","22.780","deg","20.000","°C","969.000","hPa","0.82","-0.015","0.00036","-0.00014","0","10","Humid","58.27","1","2500.00","297424.96","SADF0001000082","ABF0.1.0.10","4.0.0.2393","PSt7-10","250224-007","7/27/2025 6:28:56 PM","0000-00","0","no battery","V","","µV","","µV"
"03/05/2026","13:16:09","2","default","813736599","OXY_06","0.167","min","210.543","μmol/L","Humid","22.007","deg","69126","µV","23.981","°C","1017.000","hPa","34.9","pmil","0","55.710","deg","20.000","°C","100.000","%a.s.","22.780","deg","20.000","°C","969.000","hPa","0.82","-0.015","0.00036","-0.00014","0","10","Humid","58.27","1","2500.00","297423.89","SADF0001000082","ABF0.1.0.10","4.0.0.2393","PSt7-10","250224-007","7/27/2025 6:28:56 PM","0000-00","0","no battery","V","","µV","","µV"
"03/05/2026","13:16:11","2","default","813736599","OXY_06","0.200","min","210.506","μmol/L","Humid","22.007","deg","69123","µV","23.987","°C","1017.000","hPa","34.9","pmil","0","55.710","deg","20.000","°C","100.000","%a.s.","22.780","deg","20.000","°C","969.000","hPa","0.82","-0.015","0.00036","-0.00014","0","10","Humid","58.27","1","2500.00","297413.98","SADF0001000082","ABF0.1.0.10","4.0.0.2393","PSt7-10","250224-007","7/27/2025 6:28:56 PM","0000-00","0","no battery","V","","µV","","µV"
"03/05/2026","13:16:13","2","default","813736599","OXY_06","0.233","min","210.727","μmol/L","Humid","22.003","deg","69114","µV","23.962","°C","1017.000","hPa","34.9","pmil","0","55.710","deg","20.000","°C","100.000","%a.s.","22.780","deg","20.000","°C","969.000","hPa","0.82","-0.015","0.00036","-0.00014","0","10","Humid","58.27","1","2500.00","297404.22","SADF0001000082","ABF0.1.0.10","4.0.0.2393","PSt7-10","250224-007","7/27/2025 6:28:56 PM","0000-00","0","no battery","V","","µV","","µV"
"03/05/2026","13:16:15","2","default","813736599","OXY_06","0.267","min","210.489","μmol/L","Humid","22.010","deg","69121","µV","23.981","°C","1017.000","hPa","34.9","pmil","0","55.710","deg","20.000","°C","100.000","%a.s.","22.780","deg","20.000","°C","969.000","hPa","0.82","-0.015","0.00036","-0.00014","0","10","Humid","58.27","1","2500.00","297417.11","SADF0001000082","ABF0.1.0.10","4.0.0.2393","PSt7-10","250224-007","7/27/2025 6:28:56 PM","0000-00","0","no battery","V","","µV","","µV"
"03/05/2026","13:16:17","2","default","813736599","OXY_06","0.300","min","210.417","μmol/L","Humid","22.014","deg","69115","µV","23.981","°C","1017.000","hPa","34.9","pmil","0","55.710","deg","20.000","°C","100.000","%a.s.","22.780","deg","20.000","°C","969.000","hPa","0.82","-0.015","0.00036","-0.00014","0","10","Humid","58.27","1","2500.00","297415.39","SADF0001000082","ABF0.1.0.10","4.0.0.2393","PSt7-10","250224-007","7/27/2025 6:28:56 PM","0000-00","0","no battery","V","","µV","","µV"
"03/05/2026","13:16:19","2","default","813736599","OXY_06","0.333","min","210.490","μmol/L","Humid","22.012","deg","69113","µV","23.975","°C","1017.000","hPa","34.9","pmil","0","55.710","deg","20.000","°C","100.000","%a.s.","22.780","deg","20.000","°C","969.000","hPa","0.82","-0.015","0.00036","-0.00014","0","10","Humid","58.27","1","2500.00","297393.71","SADF0001000082","ABF0.1.0.10","4.0.0.2393","PSt7-10","250224-007","7/27/2025 6:28:56 PM","0000-00","0","no battery","V","","µV","","µV"
"03/05/2026","13:16:21","2","default","813736599","OXY_06","0.366","min","210.449","μmol/L","Humid","22.004","deg","69110","µV","24.006","°C","1017.000","hPa","34.9","pmil","0","55.710","deg","20.000","°C","100.000","%a.s.","22.780","deg","20.000","°C","969.000","hPa","0.82","-0.015","0.00036","-0.00014","0","10","Humid","58.27","1","2500.00","297402.97","SADF0001000082","ABF0.1.0.10","4.0.0.2393","PSt7-10","250224-007","7/27/2025 6:28:56 PM","0000-00","0","no battery","V","","µV","","µV"
"03/05/2026","13:16:23","2","default","813736599","OXY_06","0.400","min","210.580","μmol/L","Humid","22.007","deg","69104","µV","23.975","°C","1017.000","hPa","34.9","pmil","0","55.710","deg","20.000","°C","100.000","%a.s.","22.780","deg","20.000","°C","969.000","hPa","0.82","-0.015","0.00036","-0.00014","0","10","Humid","58.27","1","2500.00","297410.11","SADF0001000082","ABF0.1.0.10","4.0.0.2393","PSt7-10","250224-007","7/27/2025 6:28:56 PM","0000-00","0","no battery","V","","µV","","µV"
"03/05/2026","13:16:25","2","default","813736599","OXY_06","0.433","min","210.471","μmol/L","Humid","22.011","deg","69103","µV","23.981","°C","1017.000","hPa","34.9","pmil","0","55.710","deg","20.000","°C","100.000","%a.s.","22.780","deg","20.000","°C","969.000","hPa","0.82","-0.015","0.00036","-0.00014","0","10","Humid","58.27","1","2500.00","297408.65","SADF0001000082","ABF0.1.0.10","4.0.0.2393","PSt7-10","250224-007","7/27/2025 6:28:56 PM","0000-00","0","no battery","V","","µV","","µV"
"03/05/2026","13:16:27","2","default","813736599","OXY_06","0.466","min","210.507","μmol/L","Humid","22.009","deg","69107","µV","23.981","°C","1017.000","hPa","34.9","pmil","0","55.710","deg","20.000","°C","100.000","%a.s.","22.780","deg","20.000","°C","969.000","hPa","0.82","-0.015","0.00036","-0.00014","0","10","Humid","58.27","1","2500.00","297410.09","SADF0001000082","ABF0.1.0.10","4.0.0.2393","PSt7-10","250224-007","7/27/2025 6:28:56 PM","0000-00","0","no battery","V","","µV","","µV"
"03/05/2026","13:16:29","2","default","813736599","OXY_06","0.500","min","210.454","μmol/L","Humid","22.014","deg","69115","µV","23.975","°C","1017.000","hPa","34.9","pmil","0","55.710","deg","20.000","°C","100.000","%a.s.","22.780","deg","20.000","°C","969.000","hPa","0.82","-0.015","0.00036","-0.00014","0","10","Humid","58.27","1","2500.00","297404.80","SADF0001000082","ABF0.1.0.10","4.0.0.2393","PSt7-10","250224-007","7/27/2025 6:28:56 PM","0000-00","0","no battery","V","","µV","","µV"
"03/05/2026","13:16:31","2","default","813736599","OXY_06","0.533","min","210.397","μmol/L","Humid","22.011","deg","69113","µV","23.993","°C","1017.000","hPa","34.9","pmil","0","55.710","deg","20.000","°C","100.000","%a.s.","22.780","deg","20.000","°C","969.000","hPa","0.82","-0.015","0.00036","-0.00014","0","10","Humid","58.27","1","2500.00","297406.31","SADF0001000082","ABF0.1.0.10","4.0.0.2393","PSt7-10","250224-007","7/27/2025 6:28:56 PM","0000-00","0","no battery","V","","µV","","µV"
"03/05/2026","13:16:33","2","default","813736599","OXY_06","0.567","min","210.360","μmol/L","Humid","22.011","deg","69115","µV","23.999","°C","1017.000","hPa","34.9","pmil","0","55.710","deg","20.000","°C","100.000","%a.s.","22.780","deg","20.000","°C","969.000","hPa","0.82","-0.015","0.00036","-0.00014","0","10","Humid","58.27","1","2500.00","297401.99","SADF0001000082","ABF0.1.0.10","4.0.0.2393","PSt7-10","250224-007","7/27/2025 6:28:56 PM","0000-00","0","no battery","V","","µV","","µV"
"03/05/2026","13:16:35","2","default","813736599","OXY_06","0.600","min","210.306","μmol/L","Humid","22.014","deg","69113","µV","23.999","°C","1017.000","hPa","34.9","pmil","0","55.710","deg","20.000","°C","100.000","%a.s.","22.780","deg","20.000","°C","969.000","hPa","0.82","-0.015","0.00036","-0.00014","0","10","Humid","58.27","1","2500.00","297402.59","SADF0001000082","ABF0.1.0.10","4.0.0.2393","PSt7-10","250224-007","7/27/2025 6:28:56 PM","0000-00","0","no battery","V","","µV","","µV"
"03/05/2026","13:16:37","2","default","813736599","OXY_06","0.633","min","210.381","μmol/L","Humid","22.016","deg","69116","µV","23.981","°C","1017.000","hPa","34.9","pmil","0","55.710","deg","20.000","°C","100.000","%a.s.","22.780","deg","20.000","°C","969.000","hPa","0.82","-0.015","0.00036","-0.00014","0","10","Humid","58.27","1","2500.00","297406.24","SADF0001000082","ABF0.1.0.10","4.0.0.2393","PSt7-10","250224-007","7/27/2025 6:28:56 PM","0000-00","0","no battery","V","","µV","","µV"
"03/05/2026","13:16:39","2","default","813736599","OXY_06","0.667","min","210.364","μmol/L","Humid","22.019","deg","69131","µV","23.975","°C","1017.000","hPa","34.9","pmil","0","55.710","deg","20.000","°C","100.000","%a.s.","22.780","deg","20.000","°C","969.000","hPa","0.82","-0.015","0.00036","-0.00014","0","10","Humid","58.27","1","2500.00","297396.80","SADF0001000082","ABF0.1.0.10","4.0.0.2393","PSt7-10","250224-007","7/27/2025 6:28:56 PM","0000-00","0","no battery","V","","µV","","µV"
"03/05/2026","13:16:41","2","default","813736599","OXY_06","0.700","min","210.346","μmol/L","Humid","22.022","deg","69144","µV","23.968","°C","1017.000","hPa","34.9","pmil","0","55.710","deg","20.000","°C","100.000","%a.s.","22.780","deg","20.000","°C","969.000","hPa","0.82","-0.015","0.00036","-0.00014","0","10","Humid","58.27","1","2500.00","297389.21","SADF0001000082","ABF0.1.0.10","4.0.0.2393","PSt7-10","250224-007","7/27/2025 6:28:56 PM","0000-00","0","no battery","V","","µV","","µV"
"03/05/2026","13:16:43","2","default","813736599","OXY_06","0.733","min","210.291","μmol/L","Humid","22.023","deg","69156","µV","23.975","°C","1017.000","hPa","34.9","pmil","0","55.710","deg","20.000","°C","100.000","%a.s.","22.780","deg","20.000","°C","969.000","hPa","0.82","-0.015","0.00036","-0.00014","0","10","Humid","58.27","1","2500.00","297393.52","SADF0001000082","ABF0.1.0.10","4.0.0.2393","PSt7-10","250224-007","7/27/2025 6:28:56 PM","0000-00","0","no battery","V","","µV","","µV"
"03/05/2026","13:16:45","2","default","813736599","OXY_06","0.767","min","210.165","μmol/L","Humid","22.030","deg","69171","µV","23.975","°C","1017.000","hPa","34.9","pmil","0","55.710","deg","20.000","°C","100.000","%a.s.","22.780","deg","20.000","°C","969.000","hPa","0.82","-0.015","0.00036","-0.00014","0","10","Humid","58.27","1","2500.00","297382.57","SADF0001000082","ABF0.1.0.10","4.0.0.2393","PSt7-10","250224-007","7/27/2025 6:28:56 PM","0000-00","0","no battery","V","","µV","","µV"
"03/05/2026","13:16:47","2","default","813736599","OXY_06","0.800","min","210.127","μmol/L","Humid","22.028","deg","69165","µV","23.987","°C","1017.000","hPa","34.9","pmil","0","55.710","deg","20.000","°C","100.000","%a.s.","22.780","deg","20.000","°C","969.000","hPa","0.82","-0.015","0.00036","-0.00014","0","10","Humid","58.27","1","2500.00","297375.69","SADF0001000082","ABF0.1.0.10","4.0.0.2393","PSt7-10","250224-007","7/27/2025 6:28:56 PM","0000-00","0","no battery","V","","µV","","µV"
"03/05/2026","13:16:49","2","default","813736599","OXY_06","0.833","min","210.163","μmol/L","Humid","22.026","deg","69164","µV","23.987","°C","1017.000","hPa","34.9","pmil","0","55.710","deg","20.000","°C","100.000","%a.s.","22.780","deg","20.000","°C","969.000","hPa","0.82","-0.015","0.00036","-0.00014","0","10","Humid","58.27","1","2500.00","297382.40","SADF0001000082","ABF0.1.0.10","4.0.0.2393","PSt7-10","250224-007","7/27/2025 6:28:56 PM","0000-00","0","no battery","V","","µV","","µV"
"03/05/2026","13:16:51","2","default","813736599","OXY_06","0.867","min","210.036","μmol/L","Humid","22.031","deg","69168","µV","23.993","°C","1017.000","hPa","34.9","pmil","0","55.710","deg","20.000","°C","100.000","%a.s.","22.780","deg","20.000","°C","969.000","hPa","0.82","-0.015","0.00036","-0.00014","0","10","Humid","58.27","1","2500.00","297389.90","SADF0001000082","ABF0.1.0.10","4.0.0.2393","PSt7-10","250224-007","7/27/2025 6:28:56 PM","0000-00","0","no battery","V","","µV","","µV"
"03/05/2026","13:16:53","2","default","813736599","OXY_06","0.900","min","210.093","μmol/L","Humid","22.034","deg","69172","µV","23.975","°C","1017.000","hPa","34.9","pmil","0","55.710","deg","20.000","°C","100.000","%a.s.","22.780","deg","20.000","°C","969.000","hPa","0.82","-0.015","0.00036","-0.00014","0","10","Humid","58.27","1","2500.00","297393.92","SADF0001000082","ABF0.1.0.10","4.0.0.2393","PSt7-10","250224-007","7/27/2025 6:28:56 PM","0000-00","0","no battery","V","","µV","","µV"
"03/05/2026","13:16:55","2","default","813736599","OXY_06","0.933","min","210.072","μmol/L","Humid","22.029","deg","69158","µV","23.993","°C","1017.000","hPa","34.9","pmil","0","55.710","deg","20.000","°C","100.000","%a.s.","22.780","deg","20.000","°C","969.000","hPa","0.82","-0.015","0.00036","-0.00014","0","10","Humid","58.27","1","2500.00","297388.43","SADF0001000082","ABF0.1.0.10","4.0.0.2393","PSt7-10","250224-007","7/27/2025 6:28:56 PM","0000-00","0","no battery","V","","µV","","µV"
"03/05/2026","13:16:57","2","default","813736599","OXY_06","0.966","min","209.965","μmol/L","Humid","22.037","deg","69176","µV","23.987","°C","1017.000","hPa","34.9","pmil","0","55.710","deg","20.000","°C","100.000","%a.s.","22.780","deg","20.000","°C","969.000","hPa","0.82","-0.015","0.00036","-0.00014","0","10","Humid","58.27","1","2500.00","297382.83","SADF0001000082","ABF0.1.0.10","4.0.0.2393","PSt7-10","250224-007","7/27/2025 6:28:56 PM","0000-00","0","no battery","V","","µV","","µV"
"03/05/2026","13:16:59","2","default","813736599","OXY_06","1.000","min","209.965","μmol/L","Humid","22.037","deg","69185","µV","23.987","°C","1017.000","hPa","34.9","pmil","0","55.710","deg","20.000","°C","100.000","%a.s.","22.780","deg","20.000","°C","969.000","hPa","0.82","-0.015","0.00036","-0.00014","0","10","Humid","58.27","1","2500.00","297383.14","SADF0001000082","ABF0.1.0.10","4.0.0.2393","PSt7-10","250224-007","7/27/2025 6:28:56 PM","0000-00","0","no battery","V","","µV","","µV"
"03/05/2026","13:17:01","2","default","813736599","OXY_06","1.033","min","209.947","μmol/L","Humid","22.038","deg","69196","µV","23.987","°C","1017.000","hPa","34.9","pmil","0","55.710","deg","20.000","°C","100.000","%a.s.","22.780","deg","20.000","°C","969.000","hPa","0.82","-0.015","0.00036","-0.00014","0","10","Humid","58.27","1","2500.00","297380.68","SADF0001000082","ABF0.1.0.10","4.0.0.2393","PSt7-10","250224-007","7/27/2025 6:28:56 PM","0000-00","0","no battery","V","","µV","","µV"
"03/05/2026","13:17:03","2","default","813736599","OXY_06","1.066","min","209.800","μmol/L","Humid","22.040","deg","69202","µV","24.006","°C","1017.000","hPa","34.9","pmil","0","55.710","deg","20.000","°C","100.000","%a.s.","22.780","deg","20.000","°C","969.000","hPa","0.82","-0.015","0.00036","-0.00014","0","10","Humid","58.27","1","2500.00","297395.20","SADF0001000082","ABF0.1.0.10","4.0.0.2393","PSt7-10","250224-007","7/27/2025 6:28:56 PM","0000-00","0","no battery","V","","µV","","µV"
"03/05/2026","13:17:05","2","default","813736599","OXY_06","1.100","min","209.948","μmol/L","Humid","22.040","deg","69202","µV","23.981","°C","1017.000","hPa","34.9","pmil","0","55.710","deg","20.000","°C","100.000","%a.s.","22.780","deg","20.000","°C","969.000","hPa","0.82","-0.015","0.00036","-0.00014","0","10","Humid","58.27","1","2500.00","297387.65","SADF0001000082","ABF0.1.0.10","4.0.0.2393","PSt7-10","250224-007","7/27/2025 6:28:56 PM","0000-00","0","no battery","V","","µV","","µV"
"03/05/2026","13:17:07","2","default","813736599","OXY_06","1.133","min","209.839","μmol/L","Humid","22.044","deg","69195","µV","23.987","°C","1017.000","hPa","34.9","pmil","0","55.710","deg","20.000","°C","100.000","%a.s.","22.780","deg","20.000","°C","969.000","hPa","0.82","-0.015","0.00036","-0.00014","0","10","Humid","58.27","1","2500.00","297373.86","SADF0001000082","ABF0.1.0.10","4.0.0.2393","PSt7-10","250224-007","7/27/2025 6:28:56 PM","0000-00","0","no battery","V","","µV","","µV"
"03/05/2026","13:17:09","2","default","813736599","OXY_06","1.167","min","210.002","μmol/L","Humid","22.037","deg","69199","µV","23.981","°C","1017.000","hPa","34.9","pmil","0","55.710","deg","20.000","°C","100.000","%a.s.","22.780","deg","20.000","°C","969.000","hPa","0.82","-0.015","0.00036","-0.00014","0","10","Humid","58.27","1","2500.00","297374.57","SADF0001000082","ABF0.1.0.10","4.0.0.2393","PSt7-10","250224-007","7/27/2025 6:28:56 PM","0000-00","0","no battery","V","","µV","","µV"
"03/05/2026","13:17:11","2","default","813736599","OXY_06","1.199","min","209.783","μmol/L","Humid","22.043","deg","69195","µV","23.999","°C","1017.000","hPa","34.9","pmil","0","55.710","deg","20.000","°C","100.000","%a.s.","22.780","deg","20.000","°C","969.000","hPa","0.82","-0.015","0.00036","-0.00014","0","10","Humid","58.27","1","2500.00","297380.55","SADF0001000082","ABF0.1.0.10","4.0.0.2393","PSt7-10","250224-007","7/27/2025 6:28:56 PM","0000-00","0","no battery","V","","µV","","µV"
"03/05/2026","13:17:13","2","default","813736599","OXY_06","1.233","min","209.913","μmol/L","Humid","22.044","deg","69200","µV","23.975","°C","1017.000","hPa","34.9","pmil","0","55.710","deg","20.000","°C","100.000","%a.s.","22.780","deg","20.000","°C","969.000","hPa","0.82","-0.015","0.00036","-0.00014","0","10","Humid","58.27","1","2500.00","297368.88","SADF0001000082","ABF0.1.0.10","4.0.0.2393","PSt7-10","250224-007","7/27/2025 6:28:56 PM","0000-00","0","no battery","V","","µV","","µV"
"03/05/2026","13:17:15","2","default","813736599","OXY_06","1.267","min","209.711","μmol/L","Humid","22.047","deg","69221","µV","23.999","°C","1017.000","hPa","34.9","pmil","0","55.710","deg","20.000","°C","100.000","%a.s.","22.780","deg","20.000","°C","969.000","hPa","0.82","-0.015","0.00036","-0.00014","0","10","Humid","58.27","1","2500.00","297377.10","SADF0001000082","ABF0.1.0.10","4.0.0.2393","PSt7-10","250224-007","7/27/2025 6:28:56 PM","0000-00","0","no battery","V","","µV","","µV"
"03/05/2026","13:17:17","2","default","813736599","OXY_06","1.300","min","209.585","μmol/L","Humid","22.054","deg","69238","µV","23.999","°C","1017.000","hPa","34.9","pmil","0","55.710","deg","20.000","°C","100.000","%a.s.","22.780","deg","20.000","°C","969.000","hPa","0.82","-0.015","0.00036","-0.00014","0","10","Humid","58.27","1","2500.00","297383.94","SADF0001000082","ABF0.1.0.10","4.0.0.2393","PSt7-10","250224-007","7/27/2025 6:28:56 PM","0000-00","0","no battery","V","","µV","","µV"
"03/05/2026","13:17:19","2","default","813736599","OXY_06","1.333","min","209.587","μmol/L","Humid","22.058","deg","69240","µV","23.987","°C","1017.000","hPa","34.9","pmil","0","55.710","deg","20.000","°C","100.000","%a.s.","22.780","deg","20.000","°C","969.000","hPa","0.82","-0.015","0.00036","-0.00014","0","10","Humid","58.27","1","2500.00","297377.53","SADF0001000082","ABF0.1.0.10","4.0.0.2393","PSt7-10","250224-007","7/27/2025 6:28:56 PM","0000-00","0","no battery","V","","µV","","µV"
"03/05/2026","13:17:21","2","default","813736599","OXY_06","1.366","min","209.694","μmol/L","Humid","22.050","deg","69238","µV","23.993","°C","1017.000","hPa","34.9","pmil","0","55.710","deg","20.000","°C","100.000","%a.s.","22.780","deg","20.000","°C","969.000","hPa","0.82","-0.015","0.00036","-0.00014","0","10","Humid","58.27","1","2500.00","297376.66","SADF0001000082","ABF0.1.0.10","4.0.0.2393","PSt7-10","250224-007","7/27/2025 6:28:56 PM","0000-00","0","no battery","V","","µV","","µV"
"03/05/2026","13:17:23","2","default","813736599","OXY_06","1.400","min","209.660","μmol/L","Humid","22.056","deg","69237","µV","23.981","°C","1017.000","hPa","34.9","pmil","0","55.710","deg","20.000","°C","100.000","%a.s.","22.780","deg","20.000","°C","969.000","hPa","0.82","-0.015","0.00036","-0.00014","0","10","Humid","58.27","1","2500.00","297376.42","SADF0001000082","ABF0.1.0.10","4.0.0.2393","PSt7-10","250224-007","7/27/2025 6:28:56 PM","0000-00","0","no battery","V","","µV","","µV"
"03/05/2026","13:17:25","2","default","813736599","OXY_06","1.433","min","209.623","μmol/L","Humid","22.056","deg","69243","µV","23.987","°C","1017.000","hPa","34.9","pmil","0","55.710","deg","20.000","°C","100.000","%a.s.","22.780","deg","20.000","°C","969.000","hPa","0.82","-0.015","0.00036","-0.00014","0","10","Humid","58.27","1","2500.00","297375.44","SADF0001000082","ABF0.1.0.10","4.0.0.2393","PSt7-10","250224-007","7/27/2025 6:28:56 PM","0000-00","0","no battery","V","","µV","","µV"
"03/05/2026","13:17:27","2","default","813736599","OXY_06","1.467","min","209.602","μmol/L","Humid","22.051","deg","69238","µV","24.006","°C","1017.000","hPa","34.9","pmil","0","55.710","deg","20.000","°C","100.000","%a.s.","22.780","deg","20.000","°C","969.000","hPa","0.82","-0.015","0.00036","-0.00014","0","10","Humid","58.27","1","2500.00","297369.06","SADF0001000082","ABF0.1.0.10","4.0.0.2393","PSt7-10","250224-007","7/27/2025 6:28:56 PM","0000-00","0","no battery","V","","µV","","µV"
"03/05/2026","13:17:29","2","default","813736599","OXY_06","1.500","min","209.699","μmol/L","Humid","22.060","deg","69251","µV","23.962","°C","1017.000","hPa","34.9","pmil","0","55.710","deg","20.000","°C","100.000","%a.s.","22.780","deg","20.000","°C","969.000","hPa","0.82","-0.015","0.00036","-0.00014","0","10","Humid","58.27","1","2500.00","297372.66","SADF0001000082","ABF0.1.0.10","4.0.0.2393","PSt7-10","250224-007","7/27/2025 6:28:56 PM","0000-00","0","no battery","V","","µV","","µV"
"03/05/2026","13:17:31","2","default","813736599","OXY_06","1.533","min","209.461","μmol/L","Humid","22.065","deg","69268","µV","23.987","°C","1017.000","hPa","34.9","pmil","0","55.710","deg","20.000","°C","100.000","%a.s.","22.780","deg","20.000","°C","969.000","hPa","0.82","-0.015","0.00036","-0.00014","0","10","Humid","58.27","1","2500.00","297371.02","SADF0001000082","ABF0.1.0.10","4.0.0.2393","PSt7-10","250224-007","7/27/2025 6:28:56 PM","0000-00","0","no battery","V","","µV","","µV"
"03/05/2026","13:17:33","2","default","813736599","OXY_06","1.567","min","209.516","μmol/L","Humid","22.064","deg","69274","µV","23.981","°C","1017.000","hPa","34.9","pmil","0","55.710","deg","20.000","°C","100.000","%a.s.","22.780","deg","20.000","°C","969.000","hPa","0.82","-0.015","0.00036","-0.00014","0","10","Humid","58.27","1","2500.00","297363.62","SADF0001000082","ABF0.1.0.10","4.0.0.2393","PSt7-10","250224-007","7/27/2025 6:28:56 PM","0000-00","0","no battery","V","","µV","","µV"
"03/05/2026","13:17:35","2","default","813736599","OXY_06","1.600","min","209.388","μmol/L","Humid","22.067","deg","69269","µV","23.993","°C","1017.000","hPa","34.9","pmil","0","55.710","deg","20.000","°C","100.000","%a.s.","22.780","deg","20.000","°C","969.000","hPa","0.82","-0.015","0.00036","-0.00014","0","10","Humid","58.27","1","2500.00","297372.38","SADF0001000082","ABF0.1.0.10","4.0.0.2393","PSt7-10","250224-007","7/27/2025 6:28:56 PM","0000-00","0","no battery","V","","µV","","µV"
"03/05/2026","13:17:37","2","default","813736599","OXY_06","1.633","min","209.370","μmol/L","Humid","22.068","deg","69273","µV","23.993","°C","1017.000","hPa","34.9","pmil","0","55.710","deg","20.000","°C","100.000","%a.s.","22.780","deg","20.000","°C","969.000","hPa","0.82","-0.015","0.00036","-0.00014","0","10","Humid","58.27","1","2500.00","297377.01","SADF0001000082","ABF0.1.0.10","4.0.0.2393","PSt7-10","250224-007","7/27/2025 6:28:56 PM","0000-00","0","no battery","V","","µV","","µV"
"03/05/2026","13:17:39","2","default","813736599","OXY_06","1.666","min","209.423","μmol/L","Humid","22.063","deg","69263","µV","23.999","°C","1017.000","hPa","34.9","pmil","0","55.710","deg","20.000","°C","100.000","%a.s.","22.780","deg","20.000","°C","969.000","hPa","0.82","-0.015","0.00036","-0.00014","0","10","Humid","58.27","1","2500.00","297366.81","SADF0001000082","ABF0.1.0.10","4.0.0.2393","PSt7-10","250224-007","7/27/2025 6:28:56 PM","0000-00","0","no battery","V","","µV","","µV"
"03/05/2026","13:17:41","2","default","813736599","OXY_06","1.700","min","209.607","μmol/L","Humid","22.061","deg","69269","µV","23.975","°C","1017.000","hPa","34.9","pmil","0","55.710","deg","20.000","°C","100.000","%a.s.","22.780","deg","20.000","°C","969.000","hPa","0.82","-0.015","0.00036","-0.00014","0","10","Humid","58.27","1","2500.00","297360.73","SADF0001000082","ABF0.1.0.10","4.0.0.2393","PSt7-10","250224-007","7/27/2025 6:28:56 PM","0000-00","0","no battery","V","","µV","","µV"
"03/05/2026","13:17:43","2","default","813736599","OXY_06","1.734","min","209.625","μmol/L","Humid","22.060","deg","69254","µV","23.975","°C","1017.000","hPa","34.9","pmil","0","55.710","deg","20.000","°C","100.000","%a.s.","22.780","deg","20.000","°C","969.000","hPa","0.82","-0.015","0.00036","-0.00014","0","10","Humid","58.27","1","2500.00","297377.64","SADF0001000082","ABF0.1.0.10","4.0.0.2393","PSt7-10","250224-007","7/27/2025 6:28:56 PM","0000-00","0","no battery","V","","µV","","µV"
"03/05/2026","13:17:45","2","default","813736599","OXY_06","1.766","min","209.352","μmol/L","Humid","22.069","deg","69278","µV","23.993","°C","1017.000","hPa","34.9","pmil","0","55.710","deg","20.000","°C","100.000","%a.s.","22.780","deg","20.000","°C","969.000","hPa","0.82","-0.015","0.00036","-0.00014","0","10","Humid","58.27","1","2500.00","297362.50","SADF0001000082","ABF0.1.0.10","4.0.0.2393","PSt7-10","250224-007","7/27/2025 6:28:56 PM","0000-00","0","no battery","V","","µV","","µV"
"03/05/2026","13:17:47","2","default","813736599","OXY_06","1.800","min","209.516","μmol/L","Humid","22.064","deg","69278","µV","23.981","°C","1017.000","hPa","34.9","pmil","0","55.710","deg","20.000","°C","100.000","%a.s.","22.780","deg","20.000","°C","969.000","hPa","0.82","-0.015","0.00036","-0.00014","0","10","Humid","58.27","1","2500.00","297375.35","SADF0001000082","ABF0.1.0.10","4.0.0.2393","PSt7-10","250224-007","7/27/2025 6:28:56 PM","0000-00","0","no battery","V","","µV","","µV"
"03/05/2026","13:17:49","2","default","813736599","OXY_06","1.833","min","209.335","μmol/L","Humid","22.070","deg","69282","µV","23.993","°C","1017.000","hPa","34.9","pmil","0","55.710","deg","20.000","°C","100.000","%a.s.","22.780","deg","20.000","°C","969.000","hPa","0.82","-0.015","0.00036","-0.00014","0","10","Humid","58.27","1","2500.00","297373.46","SADF0001000082","ABF0.1.0.10","4.0.0.2393","PSt7-10","250224-007","7/27/2025 6:28:56 PM","0000-00","0","no battery","V","","µV","","µV"
"03/05/2026","13:17:51","2","default","813736599","OXY_06","1.867","min","209.556","μmol/L","Humid","22.070","deg","69285","µV","23.956","°C","1017.000","hPa","34.9","pmil","0","55.710","deg","20.000","°C","100.000","%a.s.","22.780","deg","20.000","°C","969.000","hPa","0.82","-0.015","0.00036","-0.00014","0","10","Humid","58.27","1","2500.00","297374.06","SADF0001000082","ABF0.1.0.10","4.0.0.2393","PSt7-10","250224-007","7/27/2025 6:28:56 PM","0000-00","0","no battery","V","","µV","","µV"
"03/05/2026","13:17:53","2","default","813736599","OXY_06","1.900","min","209.500","μmol/L","Humid","22.069","deg","69295","µV","23.968","°C","1017.000","hPa","34.9","pmil","0","55.710","deg","20.000","°C","100.000","%a.s.","22.780","deg","20.000","°C","969.000","hPa","0.82","-0.015","0.00036","-0.00014","0","10","Humid","58.27","1","2500.00","297368.89","SADF0001000082","ABF0.1.0.10","4.0.0.2393","PSt7-10","250224-007","7/27/2025 6:28:56 PM","0000-00","0","no battery","V","","µV","","µV"
"03/05/2026","13:17:55","2","default","813736599","OXY_06","1.933","min","209.409","μmol/L","Humid","22.072","deg","69296","µV","23.975","°C","1017.000","hPa","34.9","pmil","0","55.710","deg","20.000","°C","100.000","%a.s.","22.780","deg","20.000","°C","969.000","hPa","0.82","-0.015","0.00036","-0.00014","0","10","Humid","58.27","1","2500.00","297364.44","SADF0001000082","ABF0.1.0.10","4.0.0.2393","PSt7-10","250224-007","7/27/2025 6:28:56 PM","0000-00","0","no battery","V","","µV","","µV"
"03/05/2026","13:17:57","2","default","813736599","OXY_06","1.966","min","209.301","μmol/L","Humid","22.076","deg","69297","µV","23.981","°C","1017.000","hPa","34.9","pmil","0","55.710","deg","20.000","°C","100.000","%a.s.","22.780","deg","20.000","°C","969.000","hPa","0.82","-0.015","0.00036","-0.00014","0","10","Humid","58.27","1","2500.00","297371.19","SADF0001000082","ABF0.1.0.10","4.0.0.2393","PSt7-10","250224-007","7/27/2025 6:28:56 PM","0000-00","0","no battery","V","","µV","","µV"
"03/05/2026","13:17:59","2","default","813736599","OXY_06","2.000","min","209.355","μmol/L","Humid","22.075","deg","69309","µV","23.975","°C","1017.000","hPa","34.9","pmil","0","55.710","deg","20.000","°C","100.000","%a.s.","22.780","deg","20.000","°C","969.000","hPa","0.82","-0.015","0.00036","-0.00014","0","10","Humid","58.27","1","2500.00","297366.46","SADF0001000082","ABF0.1.0.10","4.0.0.2393","PSt7-10","250224-007","7/27/2025 6:28:56 PM","0000-00","0","no battery","V","","µV","","µV"
"03/05/2026","13:18:01","2","default","813736599","OXY_06","2.033","min","209.319","μmol/L","Humid","22.075","deg","69313","µV","23.981","°C","1017.000","hPa","34.9","pmil","0","55.710","deg","20.000","°C","100.000","%a.s.","22.780","deg","20.000","°C","969.000","hPa","0.82","-0.015","0.00036","-0.00014","0","10","Humid","58.27","1","2500.00","297355.83","SADF0001000082","ABF0.1.0.10","4.0.0.2393","PSt7-10","250224-007","7/27/2025 6:28:56 PM","0000-00","0","no battery","V","","µV","","µV"
"03/05/2026","13:18:03","2","default","813736599","OXY_06","2.066","min","209.410","μmol/L","Humid","22.074","deg","69306","µV","23.968","°C","1017.000","hPa","34.9","pmil","0","55.710","deg","20.000","°C","100.000","%a.s.","22.780","deg","20.000","°C","969.000","hPa","0.82","-0.015","0.00036","-0.00014","0","10","Humid","58.27","1","2500.00","297353.95","SADF0001000082","ABF0.1.0.10","4.0.0.2393","PSt7-10","250224-007","7/27/2025 6:28:56 PM","0000-00","0","no battery","V","","µV","","µV"
"03/05/2026","13:18:05","2","default","813736599","OXY_06","2.100","min","209.319","μmol/L","Humid","22.077","deg","69304","µV","23.975","°C","1017.000","hPa","34.9","pmil","0","55.710","deg","20.000","°C","100.000","%a.s.","22.780","deg","20.000","°C","969.000","hPa","0.82","-0.015","0.00036","-0.00014","0","10","Humid","58.27","1","2500.00","297361.77","SADF0001000082","ABF0.1.0.10","4.0.0.2393","PSt7-10","250224-007","7/27/2025 6:28:56 PM","0000-00","0","no battery","V","","µV","","µV"
"03/05/2026","13:18:07","2","default","813736599","OXY_06","2.133","min","209.301","μmol/L","Humid","22.076","deg","69302","µV","23.981","°C","1017.000","hPa","34.9","pmil","0","55.710","deg","20.000","°C","100.000","%a.s.","22.780","deg","20.000","°C","969.000","hPa","0.82","-0.015","0.00036","-0.00014","0","10","Humid","58.27","1","2500.00","297367.63","SADF0001000082","ABF0.1.0.10","4.0.0.2393","PSt7-10","250224-007","7/27/2025 6:28:56 PM","0000-00","0","no battery","V","","µV","","µV"
"03/05/2026","13:18:09","2","default","813736599","OXY_06","2.167","min","209.119","μmol/L","Humid","22.082","deg","69310","µV","23.993","°C","1017.000","hPa","34.9","pmil","0","55.710","deg","20.000","°C","100.000","%a.s.","22.780","deg","20.000","°C","969.000","hPa","0.82","-0.015","0.00036","-0.00014","0","10","Humid","58.27","1","2500.00","297364.98","SADF0001000082","ABF0.1.0.10","4.0.0.2393","PSt7-10","250224-007","7/27/2025 6:28:56 PM","0000-00","0","no battery","V","","µV","","µV"
"03/05/2026","13:18:11","2","default","813736599","OXY_06","2.200","min","209.335","μmol/L","Humid","22.072","deg","69319","µV","23.987","°C","1017.000","hPa","34.9","pmil","0","55.710","deg","20.000","°C","100.000","%a.s.","22.780","deg","20.000","°C","969.000","hPa","0.82","-0.015","0.00036","-0.00014","0","10","Humid","58.27","1","2500.00","297367.68","SADF0001000082","ABF0.1.0.10","4.0.0.2393","PSt7-10","250224-007","7/27/2025 6:28:56 PM","0000-00","0","no battery","V","","µV","","µV"
"03/05/2026","13:18:13","2","default","813736599","OXY_06","2.233","min","209.285","μmol/L","Humid","22.081","deg","69308","µV","23.968","°C","1017.000","hPa","34.9","pmil","0","55.710","deg","20.000","°C","100.000","%a.s.","22.780","deg","20.000","°C","969.000","hPa","0.82","-0.015","0.00036","-0.00014","0","10","Humid","58.27","1","2500.00","297369.27","SADF0001000082","ABF0.1.0.10","4.0.0.2393","PSt7-10","250224-007","7/27/2025 6:28:56 PM","0000-00","0","no battery","V","","µV","","µV"
"03/05/2026","13:18:15","2","default","813736599","OXY_06","2.267","min","209.228","μmol/L","Humid","22.078","deg","69304","µV","23.987","°C","1017.000","hPa","34.9","pmil","0","55.710","deg","20.000","°C","100.000","%a.s.","22.780","deg","20.000","°C","969.000","hPa","0.82","-0.015","0.00036","-0.00014","0","10","Humid","58.27","1","2500.00","297369.33","SADF0001000082","ABF0.1.0.10","4.0.0.2393","PSt7-10","250224-007","7/27/2025 6:28:56 PM","0000-00","0","no battery","V","","µV","","µV"
"03/05/2026","13:18:17","2","default","813736599","OXY_06","2.300","min","209.336","μmol/L","Humid","22.074","deg","69317","µV","23.981","°C","1017.000","hPa","34.9","pmil","0","55.710","deg","20.000","°C","100.000","%a.s.","22.780","deg","20.000","°C","969.000","hPa","0.82","-0.015","0.00036","-0.00014","0","10","Humid","58.27","1","2500.00","297366.27","SADF0001000082","ABF0.1.0.10","4.0.0.2393","PSt7-10","250224-007","7/27/2025 6:28:56 PM","0000-00","0","no battery","V","","µV","","µV"
"03/05/2026","13:18:19","2","default","813736599","OXY_06","2.333","min","209.302","μmol/L","Humid","22.080","deg","69321","µV","23.968","°C","1017.000","hPa","34.9","pmil","0","55.710","deg","20.000","°C","100.000","%a.s.","22.780","deg","20.000","°C","969.000","hPa","0.82","-0.015","0.00036","-0.00014","0","10","Humid","58.27","1","2500.00","297362.93","SADF0001000082","ABF0.1.0.10","4.0.0.2393","PSt7-10","250224-007","7/27/2025 6:28:56 PM","0000-00","0","no battery","V","","µV","","µV"
"03/05/2026","13:18:21","2","default","813736599","OXY_06","2.366","min","209.158","μmol/L","Humid","22.086","deg","69327","µV","23.975","°C","1017.000","hPa","34.9","pmil","0","55.710","deg","20.000","°C","100.000","%a.s.","22.780","deg","20.000","°C","969.000","hPa","0.82","-0.015","0.00036","-0.00014","0","10","Humid","58.27","1","2500.00","297357.22","SADF0001000082","ABF0.1.0.10","4.0.0.2393","PSt7-10","250224-007","7/27/2025 6:28:56 PM","0000-00","0","no battery","V","","µV","","µV"
"03/05/2026","13:18:23","2","default","813736599","OXY_06","2.400","min","209.065","μmol/L","Humid","22.083","deg","69339","µV","23.999","°C","1017.000","hPa","34.9","pmil","0","55.710","deg","20.000","°C","100.000","%a.s.","22.780","deg","20.000","°C","969.000","hPa","0.82","-0.015","0.00036","-0.00014","0","10","Humid","58.27","1","2500.00","297370.26","SADF0001000082","ABF0.1.0.10","4.0.0.2393","PSt7-10","250224-007","7/27/2025 6:28:56 PM","0000-00","0","no battery","V","","µV","","µV"
"03/05/2026","13:18:25","2","default","813736599","OXY_06","2.433","min","209.047","μmol/L","Humid","22.084","deg","69340","µV","23.999","°C","1017.000","hPa","34.9","pmil","0","55.710","deg","20.000","°C","100.000","%a.s.","22.780","deg","20.000","°C","969.000","hPa","0.82","-0.015","0.00036","-0.00014","0","10","Humid","58.27","1","2500.00","297357.68","SADF0001000082","ABF0.1.0.10","4.0.0.2393","PSt7-10","250224-007","7/27/2025 6:28:56 PM","0000-00","0","no battery","V","","µV","","µV"
"03/05/2026","13:18:27","2","default","813736599","OXY_06","2.467","min","209.121","μmol/L","Humid","22.086","deg","69339","µV","23.981","°C","1017.000","hPa","34.9","pmil","0","55.710","deg","20.000","°C","100.000","%a.s.","22.780","deg","20.000","°C","969.000","hPa","0.82","-0.015","0.00036","-0.00014","0","10","Humid","58.27","1","2500.00","297357.00","SADF0001000082","ABF0.1.0.10","4.0.0.2393","PSt7-10","250224-007","7/27/2025 6:28:56 PM","0000-00","0","no battery","V","","µV","","µV"
"03/05/2026","13:18:29","2","default","813736599","OXY_06","2.500","min","209.050","μmol/L","Humid","22.090","deg","69336","µV","23.981","°C","1017.000","hPa","34.9","pmil","0","55.710","deg","20.000","°C","100.000","%a.s.","22.780","deg","20.000","°C","969.000","hPa","0.82","-0.015","0.00036","-0.00014","0","10","Humid","58.27","1","2500.00","297360.41","SADF0001000082","ABF0.1.0.10","4.0.0.2393","PSt7-10","250224-007","7/27/2025 6:28:56 PM","0000-00","0","no battery","V","","µV","","µV"
"03/05/2026","13:18:31","2","default","813736599","OXY_06","2.533","min","209.122","μmol/L","Humid","22.088","deg","69338","µV","23.975","°C","1017.000","hPa","34.9","pmil","0","55.710","deg","20.000","°C","100.000","%a.s.","22.780","deg","20.000","°C","969.000","hPa","0.82","-0.015","0.00036","-0.00014","0","10","Humid","58.27","1","2500.00","297357.86","SADF0001000082","ABF0.1.0.10","4.0.0.2393","PSt7-10","250224-007","7/27/2025 6:28:56 PM","0000-00","0","no battery","V","","µV","","µV"
"03/05/2026","13:18:33","2","default","813736599","OXY_06","2.567","min","209.249","μmol/L","Humid","22.083","deg","69345","µV","23.968","°C","1017.000","hPa","34.9","pmil","0","55.710","deg","20.000","°C","100.000","%a.s.","22.780","deg","20.000","°C","969.000","hPa","0.82","-0.015","0.00036","-0.00014","0","10","Humid","58.27","1","2500.00","297376.46","SADF0001000082","ABF0.1.0.10","4.0.0.2393","PSt7-10","250224-007","7/27/2025 6:28:56 PM","0000-00","0","no battery","V","","µV","","µV"
"03/05/2026","13:18:35","2","default","813736599","OXY_06","2.600","min","208.923","μmol/L","Humid","22.095","deg","69346","µV","23.987","°C","1017.000","hPa","34.9","pmil","0","55.710","deg","20.000","°C","100.000","%a.s.","22.780","deg","20.000","°C","969.000","hPa","0.82","-0.015","0.00036","-0.00014","0","10","Humid","58.27","1","2500.00","297373.60","SADF0001000082","ABF0.1.0.10","4.0.0.2393","PSt7-10","250224-007","7/27/2025 6:28:56 PM","0000-00","0","no battery","V","","µV","","µV"
"03/05/2026","13:18:37","2","default","813736599","OXY_06","2.633","min","208.921","μmol/L","Humid","22.091","deg","69349","µV","23.999","°C","1017.000","hPa","34.9","pmil","0","55.710","deg","20.000","°C","100.000","%a.s.","22.780","deg","20.000","°C","969.000","hPa","0.82","-0.015","0.00036","-0.00014","0","10","Humid","58.27","1","2500.00","297366.21","SADF0001000082","ABF0.1.0.10","4.0.0.2393","PSt7-10","250224-007","7/27/2025 6:28:56 PM","0000-00","0","no battery","V","","µV","","µV"
"03/05/2026","13:18:39","2","default","813736599","OXY_06","2.666","min","208.867","μmol/L","Humid","22.094","deg","69360","µV","23.999","°C","1017.000","hPa","34.9","pmil","0","55.710","deg","20.000","°C","100.000","%a.s.","22.780","deg","20.000","°C","969.000","hPa","0.82","-0.015","0.00036","-0.00014","0","10","Humid","58.27","1","2500.00","297350.39","SADF0001000082","ABF0.1.0.10","4.0.0.2393","PSt7-10","250224-007","7/27/2025 6:28:56 PM","0000-00","0","no battery","V","","µV","","µV"
"03/05/2026","13:18:41","2","default","813736599","OXY_06","2.700","min","208.905","μmol/L","Humid","22.096","deg","69362","µV","23.987","°C","1017.000","hPa","34.9","pmil","0","55.710","deg","20.000","°C","100.000","%a.s.","22.780","deg","20.000","°C","969.000","hPa","0.82","-0.015","0.00036","-0.00014","0","10","Humid","58.27","1","2500.00","297344.27","SADF0001000082","ABF0.1.0.10","4.0.0.2393","PSt7-10","250224-007","7/27/2025 6:28:56 PM","0000-00","0","no battery","V","","µV","","µV"
"03/05/2026","13:18:43","2","default","813736599","OXY_06","2.733","min","209.032","μmol/L","Humid","22.091","deg","69360","µV","23.981","°C","1017.000","hPa","34.9","pmil","0","55.710","deg","20.000","°C","100.000","%a.s.","22.780","deg","20.000","°C","969.000","hPa","0.82","-0.015","0.00036","-0.00014","0","10","Humid","58.27","1","2500.00","297348.34","SADF0001000082","ABF0.1.0.10","4.0.0.2393","PSt7-10","250224-007","7/27/2025 6:28:56 PM","0000-00","0","no battery","V","","µV","","µV"
"03/05/2026","13:18:45","2","default","813736599","OXY_06","2.767","min","208.995","μmol/L","Humid","22.091","deg","69357","µV","23.987","°C","1017.000","hPa","34.9","pmil","0","55.710","deg","20.000","°C","100.000","%a.s.","22.780","deg","20.000","°C","969.000","hPa","0.82","-0.015","0.00036","-0.00014","0","10","Humid","58.27","1","2500.00","297355.31","SADF0001000082","ABF0.1.0.10","4.0.0.2393","PSt7-10","250224-007","7/27/2025 6:28:56 PM","0000-00","0","no battery","V","","µV","","µV"
"03/05/2026","13:18:47","2","default","813736599","OXY_06","2.799","min","209.031","μmol/L","Humid","22.089","deg","69360","µV","23.987","°C","1017.000","hPa","34.9","pmil","0","55.710","deg","20.000","°C","100.000","%a.s.","22.780","deg","20.000","°C","969.000","hPa","0.82","-0.015","0.00036","-0.00014","0","10","Humid","58.27","1","2500.00","297351.65","SADF0001000082","ABF0.1.0.10","4.0.0.2393","PSt7-10","250224-007","7/27/2025 6:28:56 PM","0000-00","0","no battery","V","","µV","","µV"
"03/05/2026","13:18:49","2","default","813736599","OXY_06","2.833","min","209.176","μmol/L","Humid","22.085","deg","69354","µV","23.975","°C","1017.000","hPa","34.9","pmil","0","55.710","deg","20.000","°C","100.000","%a.s.","22.780","deg","20.000","°C","969.000","hPa","0.82","-0.015","0.00036","-0.00014","0","10","Humid","58.27","1","2500.00","297348.59","SADF0001000082","ABF0.1.0.10","4.0.0.2393","PSt7-10","250224-007","7/27/2025 6:28:56 PM","0000-00","0","no battery","V","","µV","","µV"
"03/05/2026","13:18:51","2","default","813736599","OXY_06","2.866","min","209.105","μmol/L","Humid","22.091","deg","69353","µV","23.968","°C","1017.000","hPa","34.9","pmil","0","55.710","deg","20.000","°C","100.000","%a.s.","22.780","deg","20.000","°C","969.000","hPa","0.82","-0.015","0.00036","-0.00014","0","10","Humid","58.27","1","2500.00","297352.44","SADF0001000082","ABF0.1.0.10","4.0.0.2393","PSt7-10","250224-007","7/27/2025 6:28:56 PM","0000-00","0","no battery","V","","µV","","µV"
"03/05/2026","13:18:53","2","default","813736599","OXY_06","2.900","min","208.998","μmol/L","Humid","22.097","deg","69358","µV","23.968","°C","1017.000","hPa","34.9","pmil","0","55.710","deg","20.000","°C","100.000","%a.s.","22.780","deg","20.000","°C","969.000","hPa","0.82","-0.015","0.00036","-0.00014","0","10","Humid","58.27","1","2500.00","297345.82","SADF0001000082","ABF0.1.0.10","4.0.0.2393","PSt7-10","250224-007","7/27/2025 6:28:56 PM","0000-00","0","no battery","V","","µV","","µV"
"03/05/2026","13:18:55","2","default","813736599","OXY_06","2.933","min","208.925","μmol/L","Humid","22.099","deg","69365","µV","23.975","°C","1017.000","hPa","34.9","pmil","0","55.710","deg","20.000","°C","100.000","%a.s.","22.780","deg","20.000","°C","969.000","hPa","0.82","-0.015","0.00036","-0.00014","0","10","Humid","58.27","1","2500.00","297354.62","SADF0001000082","ABF0.1.0.10","4.0.0.2393","PSt7-10","250224-007","7/27/2025 6:28:56 PM","0000-00","0","no battery","V","","µV","","µV"
"03/05/2026","13:18:57","2","default","813736599","OXY_06","2.967","min","208.851","μmol/L","Humid","22.097","deg","69369","µV","23.993","°C","1017.000","hPa","34.9","pmil","0","55.710","deg","20.000","°C","100.000","%a.s.","22.780","deg","20.000","°C","969.000","hPa","0.82","-0.015","0.00036","-0.00014","0","10","Humid","58.27","1","2500.00","297356.97","SADF0001000082","ABF0.1.0.10","4.0.0.2393","PSt7-10","250224-007","7/27/2025 6:28:56 PM","0000-00","0","no battery","V","","µV","","µV"
"03/05/2026","13:18:59","2","default","813736599","OXY_06","2.999","min","208.851","μmol/L","Humid","22.097","deg","69383","µV","23.993","°C","1017.000","hPa","34.9","pmil","0","55.710","deg","20.000","°C","100.000","%a.s.","22.780","deg","20.000","°C","969.000","hPa","0.82","-0.015","0.00036","-0.00014","0","10","Humid","58.27","1","2500.00","297352.42","SADF0001000082","ABF0.1.0.10","4.0.0.2393","PSt7-10","250224-007","7/27/2025 6:28:56 PM","0000-00","0","no battery","V","","µV","","µV"
"03/05/2026","13:19:01","2","default","813736599","OXY_06","3.033","min","208.707","μmol/L","Humid","22.105","deg","69393","µV","23.993","°C","1017.000","hPa","34.9","pmil","0","55.710","deg","20.000","°C","100.000","%a.s.","22.780","deg","20.000","°C","969.000","hPa","0.82","-0.015","0.00036","-0.00014","0","10","Humid","58.27","1","2500.00","297349.46","SADF0001000082","ABF0.1.0.10","4.0.0.2393","PSt7-10","250224-007","7/27/2025 6:28:56 PM","0000-00","0","no battery","V","","µV","","µV"
"03/05/2026","13:19:03","2","default","813736599","OXY_06","3.067","min","208.691","μmol/L","Humid","22.108","deg","69403","µV","23.987","°C","1017.000","hPa","34.9","pmil","0","55.710","deg","20.000","°C","100.000","%a.s.","22.780","deg","20.000","°C","969.000","hPa","0.82","-0.015","0.00036","-0.00014","0","10","Humid","58.27","1","2500.00","297356.13","SADF0001000082","ABF0.1.0.10","4.0.0.2393","PSt7-10","250224-007","7/27/2025 6:28:56 PM","0000-00","0","no battery","V","","µV","","µV"
"03/05/2026","13:19:05","2","default","813736599","OXY_06","3.100","min","208.655","μmol/L","Humid","22.110","deg","69413","µV","23.987","°C","1017.000","hPa","34.9","pmil","0","55.710","deg","20.000","°C","100.000","%a.s.","22.780","deg","20.000","°C","969.000","hPa","0.82","-0.015","0.00036","-0.00014","0","10","Humid","58.27","1","2500.00","297351.72","SADF0001000082","ABF0.1.0.10","4.0.0.2393","PSt7-10","250224-007","7/27/2025 6:28:56 PM","0000-00","0","no battery","V","","µV","","µV"
"03/05/2026","13:19:07","2","default","813736599","OXY_06","3.134","min","208.600","μmol/L","Humid","22.111","deg","69427","µV","23.993","°C","1017.000","hPa","34.9","pmil","0","55.710","deg","20.000","°C","100.000","%a.s.","22.780","deg","20.000","°C","969.000","hPa","0.82","-0.015","0.00036","-0.00014","0","10","Humid","58.27","1","2500.00","297352.64","SADF0001000082","ABF0.1.0.10","4.0.0.2393","PSt7-10","250224-007","7/27/2025 6:28:56 PM","0000-00","0","no battery","V","","µV","","µV"
"03/05/2026","13:19:09","2","default","813736599","OXY_06","3.166","min","208.692","μmol/L","Humid","22.112","deg","69428","µV","23.975","°C","1017.000","hPa","34.9","pmil","0","55.710","deg","20.000","°C","100.000","%a.s.","22.780","deg","20.000","°C","969.000","hPa","0.82","-0.015","0.00036","-0.00014","0","10","Humid","58.27","1","2500.00","297351.04","SADF0001000082","ABF0.1.0.10","4.0.0.2393","PSt7-10","250224-007","7/27/2025 6:28:56 PM","0000-00","0","no battery","V","","µV","","µV"
"03/05/2026","13:19:11","2","default","813736599","OXY_06","3.200","min","208.658","μmol/L","Humid","22.116","deg","69436","µV","23.968","°C","1017.000","hPa","34.9","pmil","0","55.710","deg","20.000","°C","100.000","%a.s.","22.780","deg","20.000","°C","969.000","hPa","0.82","-0.015","0.00036","-0.00014","0","10","Humid","58.27","1","2500.00","297338.26","SADF0001000082","ABF0.1.0.10","4.0.0.2393","PSt7-10","250224-007","7/27/2025 6:28:56 PM","0000-00","0","no battery","V","","µV","","µV"
"03/05/2026","13:19:13","2","default","813736599","OXY_06","3.233","min","208.693","μmol/L","Humid","22.114","deg","69438","µV","23.968","°C","1017.000","hPa","34.9","pmil","0","55.710","deg","20.000","°C","100.000","%a.s.","22.780","deg","20.000","°C","969.000","hPa","0.82","-0.015","0.00036","-0.00014","0","10","Humid","58.27","1","2500.00","297355.07","SADF0001000082","ABF0.1.0.10","4.0.0.2393","PSt7-10","250224-007","7/27/2025 6:28:56 PM","0000-00","0","no battery","V","","µV","","µV"
"03/05/2026","13:19:15","2","default","813736599","OXY_06","3.267","min","208.492","μmol/L","Humid","22.115","deg","69445","µV","23.999","°C","1017.000","hPa","34.9","pmil","0","55.710","deg","20.000","°C","100.000","%a.s.","22.780","deg","20.000","°C","969.000","hPa","0.82","-0.015","0.00036","-0.00014","0","10","Humid","58.27","1","2500.00","297334.93","SADF0001000082","ABF0.1.0.10","4.0.0.2393","PSt7-10","250224-007","7/27/2025 6:28:56 PM","0000-00","0","no battery","V","","µV","","µV"
"03/05/2026","13:19:17","2","default","813736599","OXY_06","3.300","min","208.568","μmol/L","Humid","22.121","deg","69447","µV","23.968","°C","1017.000","hPa","34.9","pmil","0","55.710","deg","20.000","°C","100.000","%a.s.","22.780","deg","20.000","°C","969.000","hPa","0.82","-0.015","0.00036","-0.00014","0","10","Humid","58.27","1","2500.00","297352.08","SADF0001000082","ABF0.1.0.10","4.0.0.2393","PSt7-10","250224-007","7/27/2025 6:28:56 PM","0000-00","0","no battery","V","","µV","","µV"
"03/05/2026","13:19:19","2","default","813736599","OXY_06","3.333","min","208.585","μmol/L","Humid","22.118","deg","69450","µV","23.975","°C","1017.000","hPa","34.9","pmil","0","55.710","deg","20.000","°C","100.000","%a.s.","22.780","deg","20.000","°C","969.000","hPa","0.82","-0.015","0.00036","-0.00014","0","10","Humid","58.27","1","2500.00","297344.65","SADF0001000082","ABF0.1.0.10","4.0.0.2393","PSt7-10","250224-007","7/27/2025 6:28:56 PM","0000-00","0","no battery","V","","µV","","µV"
"03/05/2026","13:19:21","2","default","813736599","OXY_06","3.367","min","208.531","μmol/L","Humid","22.119","deg","69453","µV","23.981","°C","1017.000","hPa","34.9","pmil","0","55.710","deg","20.000","°C","100.000","%a.s.","22.780","deg","20.000","°C","969.000","hPa","0.82","-0.015","0.00036","-0.00014","0","10","Humid","58.27","1","2500.00","297353.95","SADF0001000082","ABF0.1.0.10","4.0.0.2393","PSt7-10","250224-007","7/27/2025 6:28:56 PM","0000-00","0","no battery","V","","µV","","µV"
"03/05/2026","13:19:23","2","default","813736599","OXY_06","3.400","min","208.533","μmol/L","Humid","22.123","deg","69453","µV","23.968","°C","1017.000","hPa","34.9","pmil","0","55.710","deg","20.000","°C","100.000","%a.s.","22.780","deg","20.000","°C","969.000","hPa","0.82","-0.015","0.00036","-0.00014","0","10","Humid","58.27","1","2500.00","297354.39","SADF0001000082","ABF0.1.0.10","4.0.0.2393","PSt7-10","250224-007","7/27/2025 6:28:56 PM","0000-00","0","no battery","V","","µV","","µV"
"03/05/2026","13:19:25","2","default","813736599","OXY_06","3.433","min","208.731","μmol/L","Humid","22.116","deg","69458","µV","23.956","°C","1017.000","hPa","34.9","pmil","0","55.710","deg","20.000","°C","100.000","%a.s.","22.780","deg","20.000","°C","969.000","hPa","0.82","-0.015","0.00036","-0.00014","0","10","Humid","58.27","1","2500.00","297342.78","SADF0001000082","ABF0.1.0.10","4.0.0.2393","PSt7-10","250224-007","7/27/2025 6:28:56 PM","0000-00","0","no battery","V","","µV","","µV"
"03/05/2026","13:19:27","2","default","813736599","OXY_06","3.466","min","208.515","μmol/L","Humid","22.124","deg","69456","µV","23.968","°C","1017.000","hPa","34.9","pmil","0","55.710","deg","20.000","°C","100.000","%a.s.","22.780","deg","20.000","°C","969.000","hPa","0.82","-0.015","0.00036","-0.00014","0","10","Humid","58.27","1","2500.00","297349.37","SADF0001000082","ABF0.1.0.10","4.0.0.2393","PSt7-10","250224-007","7/27/2025 6:28:56 PM","0000-00","0","no battery","V","","µV","","µV"
"03/05/2026","13:19:29","2","default","813736599","OXY_06","3.500","min","208.371","μmol/L","Humid","22.130","deg","69474","µV","23.975","°C","1017.000","hPa","34.9","pmil","0","55.710","deg","20.000","°C","100.000","%a.s.","22.780","deg","20.000","°C","969.000","hPa","0.82","-0.015","0.00036","-0.00014","0","10","Humid","58.27","1","2500.00","297340.94","SADF0001000082","ABF0.1.0.10","4.0.0.2393","PSt7-10","250224-007","7/27/2025 6:28:56 PM","0000-00","0","no battery","V","","µV","","µV"
"03/05/2026","13:19:31","2","default","813736599","OXY_06","3.534","min","208.368","μmol/L","Humid","22.124","deg","69477","µV","23.993","°C","1017.000","hPa","34.9","pmil","0","55.710","deg","20.000","°C","100.000","%a.s.","22.780","deg","20.000","°C","969.000","hPa","0.82","-0.015","0.00036","-0.00014","0","10","Humid","58.27","1","2500.00","297336.82","SADF0001000082","ABF0.1.0.10","4.0.0.2393","PSt7-10","250224-007","7/27/2025 6:28:56 PM","0000-00","0","no battery","V","","µV","","µV"
"03/05/2026","13:19:33","2","default","813736599","OXY_06","3.566","min","208.316","μmol/L","Humid","22.131","deg","69490","µV","23.981","°C","1017.000","hPa","34.9","pmil","0","55.710","deg","20.000","°C","100.000","%a.s.","22.780","deg","20.000","°C","969.000","hPa","0.82","-0.015","0.00036","-0.00014","0","10","Humid","58.27","1","2500.00","297340.14","SADF0001000082","ABF0.1.0.10","4.0.0.2393","PSt7-10","250224-007","7/27/2025 6:28:56 PM","0000-00","0","no battery","V","","µV","","µV"
"03/05/2026","13:19:35","2","default","813736599","OXY_06","3.600","min","208.227","μmol/L","Humid","22.136","deg","69499","µV","23.981","°C","1017.000","hPa","34.9","pmil","0","55.710","deg","20.000","°C","100.000","%a.s.","22.780","deg","20.000","°C","969.000","hPa","0.82","-0.015","0.00036","-0.00014","0","10","Humid","58.27","1","2500.00","297341.54","SADF0001000082","ABF0.1.0.10","4.0.0.2393","PSt7-10","250224-007","7/27/2025 6:28:56 PM","0000-00","0","no battery","V","","µV","","µV"
"03/05/2026","13:19:37","2","default","813736599","OXY_06","3.633","min","208.280","μmol/L","Humid","22.131","deg","69498","µV","23.987","°C","1017.000","hPa","34.9","pmil","0","55.710","deg","20.000","°C","100.000","%a.s.","22.780","deg","20.000","°C","969.000","hPa","0.82","-0.015","0.00036","-0.00014","0","10","Humid","58.27","1","2500.00","297334.47","SADF0001000082","ABF0.1.0.10","4.0.0.2393","PSt7-10","250224-007","7/27/2025 6:28:56 PM","0000-00","0","no battery","V","","µV","","µV"
"03/05/2026","13:19:39","2","default","813736599","OXY_06","3.667","min","208.225","μmol/L","Humid","22.132","deg","69503","µV","23.993","°C","1017.000","hPa","34.9","pmil","0","55.710","deg","20.000","°C","100.000","%a.s.","22.780","deg","20.000","°C","969.000","hPa","0.82","-0.015","0.00036","-0.00014","0","10","Humid","58.27","1","2500.00","297346.00","SADF0001000082","ABF0.1.0.10","4.0.0.2393","PSt7-10","250224-007","7/27/2025 6:28:56 PM","0000-00","0","no battery","V","","µV","","µV"
"03/05/2026","13:19:41","2","default","813736599","OXY_06","3.700","min","208.208","μmol/L","Humid","22.135","deg","69511","µV","23.987","°C","1017.000","hPa","34.9","pmil","0","55.710","deg","20.000","°C","100.000","%a.s.","22.780","deg","20.000","°C","969.000","hPa","0.82","-0.015","0.00036","-0.00014","0","10","Humid","58.27","1","2500.00","297336.74","SADF0001000082","ABF0.1.0.10","4.0.0.2393","PSt7-10","250224-007","7/27/2025 6:28:56 PM","0000-00","0","no battery","V","","µV","","µV"
"03/05/2026","13:19:43","2","default","813736599","OXY_06","3.733","min","208.175","μmol/L","Humid","22.141","deg","69519","µV","23.975","°C","1017.000","hPa","34.9","pmil","0","55.710","deg","20.000","°C","100.000","%a.s.","22.780","deg","20.000","°C","969.000","hPa","0.82","-0.015","0.00036","-0.00014","0","10","Humid","58.27","1","2500.00","297348.04","SADF0001000082","ABF0.1.0.10","4.0.0.2393","PSt7-10","250224-007","7/27/2025 6:28:56 PM","0000-00","0","no battery","V","","µV","","µV"
"03/05/2026","13:19:45","2","default","813736599","OXY_06","3.766","min","208.083","μmol/L","Humid","22.140","deg","69537","µV","23.993","°C","1017.000","hPa","34.9","pmil","0","55.710","deg","20.000","°C","100.000","%a.s.","22.780","deg","20.000","°C","969.000","hPa","0.82","-0.015","0.00036","-0.00014","0","10","Humid","58.27","1","2500.00","297340.55","SADF0001000082","ABF0.1.0.10","4.0.0.2393","PSt7-10","250224-007","7/27/2025 6:28:56 PM","0000-00","0","no battery","V","","µV","","µV"
"03/05/2026","13:19:47","2","default","813736599","OXY_06","3.800","min","208.197","μmol/L","Humid","22.148","deg","69545","µV","23.950","°C","1017.000","hPa","34.9","pmil","0","55.710","deg","20.000","°C","100.000","%a.s.","22.780","deg","20.000","°C","969.000","hPa","0.82","-0.015","0.00036","-0.00014","0","10","Humid","58.27","1","2500.00","297350.70","SADF0001000082","ABF0.1.0.10","4.0.0.2393","PSt7-10","250224-007","7/27/2025 6:28:56 PM","0000-00","0","no battery","V","","µV","","µV"
"03/05/2026","13:19:49","2","default","813736599","OXY_06","3.833","min","208.068","μmol/L","Humid","22.147","deg","69551","µV","23.975","°C","1017.000","hPa","34.9","pmil","0","55.710","deg","20.000","°C","100.000","%a.s.","22.780","deg","20.000","°C","969.000","hPa","0.82","-0.015","0.00036","-0.00014","0","10","Humid","58.27","1","2500.00","297347.23","SADF0001000082","ABF0.1.0.10","4.0.0.2393","PSt7-10","250224-007","7/27/2025 6:28:56 PM","0000-00","0","no battery","V","","µV","","µV"
"03/05/2026","13:19:51","2","default","813736599","OXY_06","3.866","min","207.903","μmol/L","Humid","22.148","deg","69556","µV","23.999","°C","1017.000","hPa","34.9","pmil","0","55.710","deg","20.000","°C","100.000","%a.s.","22.780","deg","20.000","°C","969.000","hPa","0.82","-0.015","0.00036","-0.00014","0","10","Humid","58.27","1","2500.00","297340.92","SADF0001000082","ABF0.1.0.10","4.0.0.2393","PSt7-10","250224-007","7/27/2025 6:28:56 PM","0000-00","0","no battery","V","","µV","","µV"
"03/05/2026","13:19:53","2","default","813736599","OXY_06","3.900","min","208.015","μmol/L","Humid","22.152","deg","69561","µV","23.968","°C","1017.000","hPa","34.9","pmil","0","55.710","deg","20.000","°C","100.000","%a.s.","22.780","deg","20.000","°C","969.000","hPa","0.82","-0.015","0.00036","-0.00014","0","10","Humid","58.27","1","2500.00","297331.44","SADF0001000082","ABF0.1.0.10","4.0.0.2393","PSt7-10","250224-007","7/27/2025 6:28:56 PM","0000-00","0","no battery","V","","µV","","µV"
"03/05/2026","13:19:55","2","default","813736599","OXY_06","3.933","min","207.907","μmol/L","Humid","22.154","deg","69564","µV","23.981","°C","1017.000","hPa","34.9","pmil","0","55.710","deg","20.000","°C","100.000","%a.s.","22.780","deg","20.000","°C","969.000","hPa","0.82","-0.015","0.00036","-0.00014","0","10","Humid","58.27","1","2500.00","297333.04","SADF0001000082","ABF0.1.0.10","4.0.0.2393","PSt7-10","250224-007","7/27/2025 6:28:56 PM","0000-00","0","no battery","V","","µV","","µV"
"03/05/2026","13:19:57","2","default","813736599","OXY_06","3.967","min","207.908","μmol/L","Humid","22.156","deg","69582","µV","23.975","°C","1017.000","hPa","34.9","pmil","0","55.710","deg","20.000","°C","100.000","%a.s.","22.780","deg","20.000","°C","969.000","hPa","0.82","-0.015","0.00036","-0.00014","0","10","Humid","58.27","1","2500.00","297332.49","SADF0001000082","ABF0.1.0.10","4.0.0.2393","PSt7-10","250224-007","7/27/2025 6:28:56 PM","0000-00","0","no battery","V","","µV","","µV"
"03/05/2026","13:19:59","2","default","813736599","OXY_06","4.000","min","207.818","μmol/L","Humid","22.159","deg","69587","µV","23.981","°C","1017.000","hPa","34.9","pmil","0","55.710","deg","20.000","°C","100.000","%a.s.","22.780","deg","20.000","°C","969.000","hPa","0.82","-0.015","0.00036","-0.00014","0","10","Humid","58.27","1","2500.00","297333.66","SADF0001000082","ABF0.1.0.10","4.0.0.2393","PSt7-10","250224-007","7/27/2025 6:28:56 PM","0000-00","0","no battery","V","","µV","","µV"
"03/05/2026","13:20:01","2","default","813736599","OXY_06","4.033","min","207.749","μmol/L","Humid","22.169","deg","69603","µV","23.962","°C","1017.000","hPa","34.9","pmil","0","55.710","deg","20.000","°C","100.000","%a.s.","22.780","deg","20.000","°C","969.000","hPa","0.82","-0.015","0.00036","-0.00014","0","10","Humid","58.27","1","2500.00","297334.98","SADF0001000082","ABF0.1.0.10","4.0.0.2393","PSt7-10","250224-007","7/27/2025 6:28:56 PM","0000-00","0","no battery","V","","µV","","µV"
"03/05/2026","13:20:03","2","default","813736599","OXY_06","4.066","min","207.910","μmol/L","Humid","22.160","deg","69600","µV","23.962","°C","1017.000","hPa","34.9","pmil","0","55.710","deg","20.000","°C","100.000","%a.s.","22.780","deg","20.000","°C","969.000","hPa","0.82","-0.015","0.00036","-0.00014","0","10","Humid","58.27","1","2500.00","297337.74","SADF0001000082","ABF0.1.0.10","4.0.0.2393","PSt7-10","250224-007","7/27/2025 6:28:56 PM","0000-00","0","no battery","V","","µV","","µV"
"03/05/2026","13:20:05","2","default","813736599","OXY_06","4.100","min","207.783","μmol/L","Humid","22.163","deg","69601","µV","23.975","°C","1017.000","hPa","34.9","pmil","0","55.710","deg","20.000","°C","100.000","%a.s.","22.780","deg","20.000","°C","969.000","hPa","0.82","-0.015","0.00036","-0.00014","0","10","Humid","58.27","1","2500.00","297339.08","SADF0001000082","ABF0.1.0.10","4.0.0.2393","PSt7-10","250224-007","7/27/2025 6:28:56 PM","0000-00","0","no battery","V","","µV","","µV"
"03/05/2026","13:20:07","2","default","813736599","OXY_06","4.133","min","207.783","μmol/L","Humid","22.163","deg","69597","µV","23.975","°C","1017.000","hPa","34.9","pmil","0","55.710","deg","20.000","°C","100.000","%a.s.","22.780","deg","20.000","°C","969.000","hPa","0.82","-0.015","0.00036","-0.00014","0","10","Humid","58.27","1","2500.00","297344.76","SADF0001000082","ABF0.1.0.10","4.0.0.2393","PSt7-10","250224-007","7/27/2025 6:28:56 PM","0000-00","0","no battery","V","","µV","","µV"
"03/05/2026","13:20:09","2","default","813736599","OXY_06","4.166","min","207.731","μmol/L","Humid","22.168","deg","69599","µV","23.968","°C","1017.000","hPa","34.9","pmil","0","55.710","deg","20.000","°C","100.000","%a.s.","22.780","deg","20.000","°C","969.000","hPa","0.82","-0.015","0.00036","-0.00014","0","10","Humid","58.27","1","2500.00","297335.99","SADF0001000082","ABF0.1.0.10","4.0.0.2393","PSt7-10","250224-007","7/27/2025 6:28:56 PM","0000-00","0","no battery","V","","µV","","µV"
"03/05/2026","13:20:11","2","default","813736599","OXY_06","4.200","min","207.603","μmol/L","Humid","22.169","deg","69599","µV","23.987","°C","1017.000","hPa","34.9","pmil","0","55.710","deg","20.000","°C","100.000","%a.s.","22.780","deg","20.000","°C","969.000","hPa","0.82","-0.015","0.00036","-0.00014","0","10","Humid","58.27","1","2500.00","297337.24","SADF0001000082","ABF0.1.0.10","4.0.0.2393","PSt7-10","250224-007","7/27/2025 6:28:56 PM","0000-00","0","no battery","V","","µV","","µV"
"03/05/2026","13:20:13","2","default","813736599","OXY_06","4.233","min","207.730","μmol/L","Humid","22.166","deg","69607","µV","23.975","°C","1017.000","hPa","34.9","pmil","0","55.710","deg","20.000","°C","100.000","%a.s.","22.780","deg","20.000","°C","969.000","hPa","0.82","-0.015","0.00036","-0.00014","0","10","Humid","58.27","1","2500.00","297338.88","SADF0001000082","ABF0.1.0.10","4.0.0.2393","PSt7-10","250224-007","7/27/2025 6:28:56 PM","0000-00","0","no battery","V","","µV","","µV"
"03/05/2026","13:20:15","2","default","813736599","OXY_06","4.267","min","207.694","μmol/L","Humid","22.168","deg","69617","µV","23.975","°C","1017.000","hPa","34.9","pmil","0","55.710","deg","20.000","°C","100.000","%a.s.","22.780","deg","20.000","°C","969.000","hPa","0.82","-0.015","0.00036","-0.00014","0","10","Humid","58.27","1","2500.00","297326.23","SADF0001000082","ABF0.1.0.10","4.0.0.2393","PSt7-10","250224-007","7/27/2025 6:28:56 PM","0000-00","0","no battery","V","","µV","","µV"
"03/05/2026","13:20:17","2","default","813736599","OXY_06","4.300","min","207.623","μmol/L","Humid","22.172","deg","69629","µV","23.975","°C","1017.000","hPa","34.9","pmil","0","55.710","deg","20.000","°C","100.000","%a.s.","22.780","deg","20.000","°C","969.000","hPa","0.82","-0.015","0.00036","-0.00014","0","10","Humid","58.27","1","2500.00","297337.18","SADF0001000082","ABF0.1.0.10","4.0.0.2393","PSt7-10","250224-007","7/27/2025 6:28:56 PM","0000-00","0","no battery","V","","µV","","µV"
"03/05/2026","13:20:19","2","default","813736599","OXY_06","4.333","min","207.659","μmol/L","Humid","22.170","deg","69627","µV","23.975","°C","1017.000","hPa","34.9","pmil","0","55.710","deg","20.000","°C","100.000","%a.s.","22.780","deg","20.000","°C","969.000","hPa","0.82","-0.015","0.00036","-0.00014","0","10","Humid","58.27","1","2500.00","297337.90","SADF0001000082","ABF0.1.0.10","4.0.0.2393","PSt7-10","250224-007","7/27/2025 6:28:56 PM","0000-00","0","no battery","V","","µV","","µV"
"03/05/2026","13:20:21","2","default","813736599","OXY_06","4.367","min","207.605","μmol/L","Humid","22.173","deg","69632","µV","23.975","°C","1017.000","hPa","34.9","pmil","0","55.710","deg","20.000","°C","100.000","%a.s.","22.780","deg","20.000","°C","969.000","hPa","0.82","-0.015","0.00036","-0.00014","0","10","Humid","58.27","1","2500.00","297332.01","SADF0001000082","ABF0.1.0.10","4.0.0.2393","PSt7-10","250224-007","7/27/2025 6:28:56 PM","0000-00","0","no battery","V","","µV","","µV"
"03/05/2026","13:20:23","2","default","813736599","OXY_06","4.400","min","207.443","μmol/L","Humid","22.178","deg","69637","µV","23.987","°C","1017.000","hPa","34.9","pmil","0","55.710","deg","20.000","°C","100.000","%a.s.","22.780","deg","20.000","°C","969.000","hPa","0.82","-0.015","0.00036","-0.00014","0","10","Humid","58.27","1","2500.00","297323.69","SADF0001000082","ABF0.1.0.10","4.0.0.2393","PSt7-10","250224-007","7/27/2025 6:28:56 PM","0000-00","0","no battery","V","","µV","","µV"
"03/05/2026","13:20:25","2","default","813736599","OXY_06","4.433","min","207.515","μmol/L","Humid","22.176","deg","69653","µV","23.981","°C","1017.000","hPa","34.9","pmil","0","55.710","deg","20.000","°C","100.000","%a.s.","22.780","deg","20.000","°C","969.000","hPa","0.82","-0.015","0.00036","-0.00014","0","10","Humid","58.27","1","2500.00","297330.16","SADF0001000082","ABF0.1.0.10","4.0.0.2393","PSt7-10","250224-007","7/27/2025 6:28:56 PM","0000-00","0","no battery","V","","µV","","µV"
"03/05/2026","13:20:27","2","default","813736599","OXY_06","4.466","min","207.443","μmol/L","Humid","22.178","deg","69660","µV","23.987","°C","1017.000","hPa","34.9","pmil","0","55.710","deg","20.000","°C","100.000","%a.s.","22.780","deg","20.000","°C","969.000","hPa","0.82","-0.015","0.00036","-0.00014","0","10","Humid","58.27","1","2500.00","297336.36","SADF0001000082","ABF0.1.0.10","4.0.0.2393","PSt7-10","250224-007","7/27/2025 6:28:56 PM","0000-00","0","no battery","V","","µV","","µV"
"03/05/2026","13:20:29","2","default","813736599","OXY_06","4.500","min","207.339","μmol/L","Humid","22.188","deg","69671","µV","23.975","°C","1017.000","hPa","34.9","pmil","0","55.710","deg","20.000","°C","100.000","%a.s.","22.780","deg","20.000","°C","969.000","hPa","0.82","-0.015","0.00036","-0.00014","0","10","Humid","58.27","1","2500.00","297326.17","SADF0001000082","ABF0.1.0.10","4.0.0.2393","PSt7-10","250224-007","7/27/2025 6:28:56 PM","0000-00","0","no battery","V","","µV","","µV"
"03/05/2026","13:20:31","2","default","813736599","OXY_06","4.533","min","207.446","μmol/L","Humid","22.184","deg","69659","µV","23.968","°C","1017.000","hPa","34.9","pmil","0","55.710","deg","20.000","°C","100.000","%a.s.","22.780","deg","20.000","°C","969.000","hPa","0.82","-0.015","0.00036","-0.00014","0","10","Humid","58.27","1","2500.00","297333.76","SADF0001000082","ABF0.1.0.10","4.0.0.2393","PSt7-10","250224-007","7/27/2025 6:28:56 PM","0000-00","0","no battery","V","","µV","","µV"
"03/05/2026","13:20:33","2","default","813736599","OXY_06","4.567","min","207.446","μmol/L","Humid","22.184","deg","69653","µV","23.968","°C","1017.000","hPa","34.9","pmil","0","55.710","deg","20.000","°C","100.000","%a.s.","22.780","deg","20.000","°C","969.000","hPa","0.82","-0.015","0.00036","-0.00014","0","10","Humid","58.27","1","2500.00","297334.08","SADF0001000082","ABF0.1.0.10","4.0.0.2393","PSt7-10","250224-007","7/27/2025 6:28:56 PM","0000-00","0","no battery","V","","µV","","µV"
"03/05/2026","13:20:35","2","default","813736599","OXY_06","4.599","min","207.500","μmol/L","Humid","22.181","deg","69657","µV","23.968","°C","1017.000","hPa","34.9","pmil","0","55.710","deg","20.000","°C","100.000","%a.s.","22.780","deg","20.000","°C","969.000","hPa","0.82","-0.015","0.00036","-0.00014","0","10","Humid","58.27","1","2500.00","297333.45","SADF0001000082","ABF0.1.0.10","4.0.0.2393","PSt7-10","250224-007","7/27/2025 6:28:56 PM","0000-00","0","no battery","V","","µV","","µV"
"03/05/2026","13:20:37","2","default","813736599","OXY_06","4.633","min","207.482","μmol/L","Humid","22.182","deg","69658","µV","23.968","°C","1017.000","hPa","34.9","pmil","0","55.710","deg","20.000","°C","100.000","%a.s.","22.780","deg","20.000","°C","969.000","hPa","0.82","-0.015","0.00036","-0.00014","0","10","Humid","58.27","1","2500.00","297332.81","SADF0001000082","ABF0.1.0.10","4.0.0.2393","PSt7-10","250224-007","7/27/2025 6:28:56 PM","0000-00","0","no battery","V","","µV","","µV"
"03/05/2026","13:20:39","2","default","813736599","OXY_06","4.667","min","207.465","μmol/L","Humid","22.185","deg","69667","µV","23.962","°C","1017.000","hPa","34.9","pmil","0","55.710","deg","20.000","°C","100.000","%a.s.","22.780","deg","20.000","°C","969.000","hPa","0.82","-0.015","0.00036","-0.00014","0","10","Humid","58.27","1","2500.00","297331.46","SADF0001000082","ABF0.1.0.10","4.0.0.2393","PSt7-10","250224-007","7/27/2025 6:28:56 PM","0000-00","0","no battery","V","","µV","","µV"
"03/05/2026","13:20:41","2","default","813736599","OXY_06","4.700","min","207.214","μmol/L","Humid","22.193","deg","69688","µV","23.981","°C","1017.000","hPa","34.9","pmil","0","55.710","deg","20.000","°C","100.000","%a.s.","22.780","deg","20.000","°C","969.000","hPa","0.82","-0.015","0.00036","-0.00014","0","10","Humid","58.27","1","2500.00","297324.72","SADF0001000082","ABF0.1.0.10","4.0.0.2393","PSt7-10","250224-007","7/27/2025 6:28:56 PM","0000-00","0","no battery","V","","µV","","µV"
"03/05/2026","13:20:43","2","default","813736599","OXY_06","4.733","min","207.161","μmol/L","Humid","22.196","deg","69703","µV","23.981","°C","1017.000","hPa","34.9","pmil","0","55.710","deg","20.000","°C","100.000","%a.s.","22.780","deg","20.000","°C","969.000","hPa","0.82","-0.015","0.00036","-0.00014","0","10","Humid","58.27","1","2500.00","297330.29","SADF0001000082","ABF0.1.0.10","4.0.0.2393","PSt7-10","250224-007","7/27/2025 6:28:56 PM","0000-00","0","no battery","V","","µV","","µV"
"03/05/2026","13:20:45","2","default","813736599","OXY_06","4.766","min","207.270","μmol/L","Humid","22.196","deg","69712","µV","23.962","°C","1017.000","hPa","34.9","pmil","0","55.710","deg","20.000","°C","100.000","%a.s.","22.780","deg","20.000","°C","969.000","hPa","0.82","-0.015","0.00036","-0.00014","0","10","Humid","58.27","1","2500.00","297327.63","SADF0001000082","ABF0.1.0.10","4.0.0.2393","PSt7-10","250224-007","7/27/2025 6:28:56 PM","0000-00","0","no battery","V","","µV","","µV"
"03/05/2026","13:20:47","2","default","813736599","OXY_06","4.800","min","207.160","μmol/L","Humid","22.194","deg","69717","µV","23.987","°C","1017.000","hPa","34.9","pmil","0","55.710","deg","20.000","°C","100.000","%a.s.","22.780","deg","20.000","°C","969.000","hPa","0.82","-0.015","0.00036","-0.00014","0","10","Humid","58.27","1","2500.00","297320.43","SADF0001000082","ABF0.1.0.10","4.0.0.2393","PSt7-10","250224-007","7/27/2025 6:28:56 PM","0000-00","0","no battery","V","","µV","","µV"
"03/05/2026","13:20:49","2","default","813736599","OXY_06","4.833","min","207.107","μmol/L","Humid","22.199","deg","69717","µV","23.981","°C","1017.000","hPa","34.9","pmil","0","55.710","deg","20.000","°C","100.000","%a.s.","22.780","deg","20.000","°C","969.000","hPa","0.82","-0.015","0.00036","-0.00014","0","10","Humid","58.27","1","2500.00","297324.07","SADF0001000082","ABF0.1.0.10","4.0.0.2393","PSt7-10","250224-007","7/27/2025 6:28:56 PM","0000-00","0","no battery","V","","µV","","µV"
"03/05/2026","13:20:51","2","default","813736599","OXY_06","4.866","min","207.179","μmol/L","Humid","22.197","deg","69725","µV","23.975","°C","1017.000","hPa","34.9","pmil","0","55.710","deg","20.000","°C","100.000","%a.s.","22.780","deg","20.000","°C","969.000","hPa","0.82","-0.015","0.00036","-0.00014","0","10","Humid","58.27","1","2500.00","297321.23","SADF0001000082","ABF0.1.0.10","4.0.0.2393","PSt7-10","250224-007","7/27/2025 6:28:56 PM","0000-00","0","no battery","V","","µV","","µV"
"03/05/2026","13:20:53","2","default","813736599","OXY_06","4.900","min","207.216","μmol/L","Humid","22.197","deg","69731","µV","23.968","°C","1017.000","hPa","34.9","pmil","0","55.710","deg","20.000","°C","100.000","%a.s.","22.780","deg","20.000","°C","969.000","hPa","0.82","-0.015","0.00036","-0.00014","0","10","Humid","58.27","1","2500.00","297332.76","SADF0001000082","ABF0.1.0.10","4.0.0.2393","PSt7-10","250224-007","7/27/2025 6:28:56 PM","0000-00","0","no battery","V","","µV","","µV"
"03/05/2026","13:20:55","2","default","813736599","OXY_06","4.933","min","206.893","μmol/L","Humid","22.207","deg","69742","µV","23.993","°C","1017.000","hPa","34.9","pmil","0","55.710","deg","20.000","°C","100.000","%a.s.","22.780","deg","20.000","°C","969.000","hPa","0.82","-0.015","0.00036","-0.00014","0","10","Humid","58.27","1","2500.00","297323.41","SADF0001000082","ABF0.1.0.10","4.0.0.2393","PSt7-10","250224-007","7/27/2025 6:28:56 PM","0000-00","0","no battery","V","","µV","","µV"
"03/05/2026","13:20:57","2","default","813736599","OXY_06","4.967","min","207.056","μmol/L","Humid","22.206","deg","69741","µV","23.968","°C","1017.000","hPa","34.9","pmil","0","55.710","deg","20.000","°C","100.000","%a.s.","22.780","deg","20.000","°C","969.000","hPa","0.82","-0.015","0.00036","-0.00014","0","10","Humid","58.27","1","2500.00","297325.41","SADF0001000082","ABF0.1.0.10","4.0.0.2393","PSt7-10","250224-007","7/27/2025 6:28:56 PM","0000-00","0","no battery","V","","µV","","µV"
"03/05/2026","13:20:59","2","default","813736599","OXY_06","5.000","min","207.127","μmol/L","Humid","22.202","deg","69747","µV","23.968","°C","1017.000","hPa","34.9","pmil","0","55.710","deg","20.000","°C","100.000","%a.s.","22.780","deg","20.000","°C","969.000","hPa","0.82","-0.015","0.00036","-0.00014","0","10","Humid","58.27","1","2500.00","297325.11","SADF0001000082","ABF0.1.0.10","4.0.0.2393","PSt7-10","250224-007","7/27/2025 6:28:56 PM","0000-00","0","no battery","V","","µV","","µV"
"03/05/2026","13:21:01","2","default","813736599","OXY_06","5.033","min","207.002","μmol/L","Humid","22.207","deg","69751","µV","23.975","°C","1017.000","hPa","34.9","pmil","0","55.710","deg","20.000","°C","100.000","%a.s.","22.780","deg","20.000","°C","969.000","hPa","0.82","-0.015","0.00036","-0.00014","0","10","Humid","58.27","1","2500.00","297339.84","SADF0001000082","ABF0.1.0.10","4.0.0.2393","PSt7-10","250224-007","7/27/2025 6:28:56 PM","0000-00","0","no battery","V","","µV","","µV"
"03/05/2026","13:21:03","2","default","813736599","OXY_06","5.066","min","206.966","μmol/L","Humid","22.207","deg","69753","µV","23.981","°C","1017.000","hPa","34.9","pmil","0","55.710","deg","20.000","°C","100.000","%a.s.","22.780","deg","20.000","°C","969.000","hPa","0.82","-0.015","0.00036","-0.00014","0","10","Humid","58.27","1","2500.00","297324.39","SADF0001000082","ABF0.1.0.10","4.0.0.2393","PSt7-10","250224-007","7/27/2025 6:28:56 PM","0000-00","0","no battery","V","","µV","","µV"
"03/05/2026","13:21:05","2","default","813736599","OXY_06","5.100","min","207.041","μmol/L","Humid","22.211","deg","69755","µV","23.956","°C","1017.000","hPa","34.9","pmil","0","55.710","deg","20.000","°C","100.000","%a.s.","22.780","deg","20.000","°C","969.000","hPa","0.82","-0.015","0.00036","-0.00014","0","10","Humid","58.27","1","2500.00","297328.38","SADF0001000082","ABF0.1.0.10","4.0.0.2393","PSt7-10","250224-007","7/27/2025 6:28:56 PM","0000-00","0","no battery","V","","µV","","µV"
"03/05/2026","13:21:07","2","default","813736599","OXY_06","5.133","min","207.041","μmol/L","Humid","22.211","deg","69758","µV","23.956","°C","1017.000","hPa","34.9","pmil","0","55.710","deg","20.000","°C","100.000","%a.s.","22.780","deg","20.000","°C","969.000","hPa","0.82","-0.015","0.00036","-0.00014","0","10","Humid","58.27","1","2500.00","297333.80","SADF0001000082","ABF0.1.0.10","4.0.0.2393","PSt7-10","250224-007","7/27/2025 6:28:56 PM","0000-00","0","no battery","V","","µV","","µV"
"03/05/2026","13:21:09","2","default","813736599","OXY_06","5.166","min","206.932","μmol/L","Humid","22.213","deg","69758","µV","23.968","°C","1017.000","hPa","34.9","pmil","0","55.710","deg","20.000","°C","100.000","%a.s.","22.780","deg","20.000","°C","969.000","hPa","0.82","-0.015","0.00036","-0.00014","0","10","Humid","58.27","1","2500.00","297320.65","SADF0001000082","ABF0.1.0.10","4.0.0.2393","PSt7-10","250224-007","7/27/2025 6:28:56 PM","0000-00","0","no battery","V","","µV","","µV"
"03/05/2026","13:21:11","2","default","813736599","OXY_06","5.200","min","206.988","μmol/L","Humid","22.214","deg","69768","µV","23.956","°C","1017.000","hPa","34.9","pmil","0","55.710","deg","20.000","°C","100.000","%a.s.","22.780","deg","20.000","°C","969.000","hPa","0.82","-0.015","0.00036","-0.00014","0","10","Humid","58.27","1","2500.00","297313.58","SADF0001000082","ABF0.1.0.10","4.0.0.2393","PSt7-10","250224-007","7/27/2025 6:28:56 PM","0000-00","0","no battery","V","","µV","","µV"
"03/05/2026","13:21:13","2","default","813736599","OXY_06","5.233","min","206.755","μmol/L","Humid","22.221","deg","69779","µV","23.975","°C","1017.000","hPa","34.9","pmil","0","55.710","deg","20.000","°C","100.000","%a.s.","22.780","deg","20.000","°C","969.000","hPa","0.82","-0.015","0.00036","-0.00014","0","10","Humid","58.27","1","2500.00","297322.11","SADF0001000082","ABF0.1.0.10","4.0.0.2393","PSt7-10","250224-007","7/27/2025 6:28:56 PM","0000-00","0","no battery","V","","µV","","µV"
"03/05/2026","13:21:15","2","default","813736599","OXY_06","5.267","min","206.807","μmol/L","Humid","22.216","deg","69783","µV","23.981","°C","1017.000","hPa","34.9","pmil","0","55.710","deg","20.000","°C","100.000","%a.s.","22.780","deg","20.000","°C","969.000","hPa","0.82","-0.015","0.00036","-0.00014","0","10","Humid","58.27","1","2500.00","297323.79","SADF0001000082","ABF0.1.0.10","4.0.0.2393","PSt7-10","250224-007","7/27/2025 6:28:56 PM","0000-00","0","no battery","V","","µV","","µV"
"03/05/2026","13:21:17","2","default","813736599","OXY_06","5.299","min","206.826","μmol/L","Humid","22.219","deg","69798","µV","23.968","°C","1017.000","hPa","34.9","pmil","0","55.710","deg","20.000","°C","100.000","%a.s.","22.780","deg","20.000","°C","969.000","hPa","0.82","-0.015","0.00036","-0.00014","0","10","Humid","58.27","1","2500.00","297319.80","SADF0001000082","ABF0.1.0.10","4.0.0.2393","PSt7-10","250224-007","7/27/2025 6:28:56 PM","0000-00","0","no battery","V","","µV","","µV"
"03/05/2026","13:21:19","2","default","813736599","OXY_06","5.333","min","206.739","μmol/L","Humid","22.226","deg","69813","µV","23.962","°C","1017.000","hPa","34.9","pmil","0","55.710","deg","20.000","°C","100.000","%a.s.","22.780","deg","20.000","°C","969.000","hPa","0.82","-0.015","0.00036","-0.00014","0","10","Humid","58.27","1","2500.00","297326.47","SADF0001000082","ABF0.1.0.10","4.0.0.2393","PSt7-10","250224-007","7/27/2025 6:28:56 PM","0000-00","0","no battery","V","","µV","","µV"
"03/05/2026","13:21:21","2","default","813736599","OXY_06","5.367","min","206.684","μmol/L","Humid","22.225","deg","69818","µV","23.975","°C","1017.000","hPa","34.9","pmil","0","55.710","deg","20.000","°C","100.000","%a.s.","22.780","deg","20.000","°C","969.000","hPa","0.82","-0.015","0.00036","-0.00014","0","10","Humid","58.27","1","2500.00","297321.05","SADF0001000082","ABF0.1.0.10","4.0.0.2393","PSt7-10","250224-007","7/27/2025 6:28:56 PM","0000-00","0","no battery","V","","µV","","µV"
"03/05/2026","13:21:23","2","default","813736599","OXY_06","5.400","min","206.612","μmol/L","Humid","22.227","deg","69814","µV","23.981","°C","1017.000","hPa","34.9","pmil","0","55.710","deg","20.000","°C","100.000","%a.s.","22.780","deg","20.000","°C","969.000","hPa","0.82","-0.015","0.00036","-0.00014","0","10","Humid","58.27","1","2500.00","297312.91","SADF0001000082","ABF0.1.0.10","4.0.0.2393","PSt7-10","250224-007","7/27/2025 6:28:56 PM","0000-00","0","no battery","V","","µV","","µV"
"03/05/2026","13:21:25","2","default","813736599","OXY_06","5.433","min","206.700","μmol/L","Humid","22.222","deg","69817","µV","23.981","°C","1017.000","hPa","34.9","pmil","0","55.710","deg","20.000","°C","100.000","%a.s.","22.780","deg","20.000","°C","969.000","hPa","0.82","-0.015","0.00036","-0.00014","0","10","Humid","58.27","1","2500.00","297314.10","SADF0001000082","ABF0.1.0.10","4.0.0.2393","PSt7-10","250224-007","7/27/2025 6:28:56 PM","0000-00","0","no battery","V","","µV","","µV"
"03/05/2026","13:21:27","2","default","813736599","OXY_06","5.466","min","206.721","μmol/L","Humid","22.227","deg","69811","µV","23.962","°C","1017.000","hPa","34.9","pmil","0","55.710","deg","20.000","°C","100.000","%a.s.","22.780","deg","20.000","°C","969.000","hPa","0.82","-0.015","0.00036","-0.00014","0","10","Humid","58.27","1","2500.00","297316.42","SADF0001000082","ABF0.1.0.10","4.0.0.2393","PSt7-10","250224-007","7/27/2025 6:28:56 PM","0000-00","0","no battery","V","","µV","","µV"
"03/05/2026","13:21:29","2","default","813736599","OXY_06","5.500","min","206.629","μmol/L","Humid","22.224","deg","69820","µV","23.987","°C","1017.000","hPa","34.9","pmil","0","55.710","deg","20.000","°C","100.000","%a.s.","22.780","deg","20.000","°C","969.000","hPa","0.82","-0.015","0.00036","-0.00014","0","10","Humid","58.27","1","2500.00","297316.33","SADF0001000082","ABF0.1.0.10","4.0.0.2393","PSt7-10","250224-007","7/27/2025 6:28:56 PM","0000-00","0","no battery","V","","µV","","µV"
"03/05/2026","13:21:31","2","default","813736599","OXY_06","5.533","min","206.705","μmol/L","Humid","22.230","deg","69818","µV","23.956","°C","1017.000","hPa","34.9","pmil","0","55.710","deg","20.000","°C","100.000","%a.s.","22.780","deg","20.000","°C","969.000","hPa","0.82","-0.015","0.00036","-0.00014","0","10","Humid","58.27","1","2500.00","297323.13","SADF0001000082","ABF0.1.0.10","4.0.0.2393","PSt7-10","250224-007","7/27/2025 6:28:56 PM","0000-00","0","no battery","V","","µV","","µV"
"03/05/2026","13:21:33","2","default","813736599","OXY_06","5.566","min","206.576","μmol/L","Humid","22.227","deg","69833","µV","23.987","°C","1017.000","hPa","34.9","pmil","0","55.710","deg","20.000","°C","100.000","%a.s.","22.780","deg","20.000","°C","969.000","hPa","0.82","-0.015","0.00036","-0.00014","0","10","Humid","58.27","1","2500.00","297330.96","SADF0001000082","ABF0.1.0.10","4.0.0.2393","PSt7-10","250224-007","7/27/2025 6:28:56 PM","0000-00","0","no battery","V","","µV","","µV"
"03/05/2026","13:21:35","2","default","813736599","OXY_06","5.600","min","206.703","μmol/L","Humid","22.226","deg","69827","µV","23.968","°C","1017.000","hPa","34.9","pmil","0","55.710","deg","20.000","°C","100.000","%a.s.","22.780","deg","20.000","°C","969.000","hPa","0.82","-0.015","0.00036","-0.00014","0","10","Humid","58.27","1","2500.00","297326.96","SADF0001000082","ABF0.1.0.10","4.0.0.2393","PSt7-10","250224-007","7/27/2025 6:28:56 PM","0000-00","0","no battery","V","","µV","","µV"
"03/05/2026","13:21:37","2","default","813736599","OXY_06","5.633","min","206.576","μmol/L","Humid","22.227","deg","69831","µV","23.987","°C","1017.000","hPa","34.9","pmil","0","55.710","deg","20.000","°C","100.000","%a.s.","22.780","deg","20.000","°C","969.000","hPa","0.82","-0.015","0.00036","-0.00014","0","10","Humid","58.27","1","2500.00","297322.54","SADF0001000082","ABF0.1.0.10","4.0.0.2393","PSt7-10","250224-007","7/27/2025 6:28:56 PM","0000-00","0","no battery","V","","µV","","µV"
"03/05/2026","13:21:39","2","default","813736599","OXY_06","5.667","min","206.688","μmol/L","Humid","22.233","deg","69830","µV","23.950","°C","1017.000","hPa","34.9","pmil","0","55.710","deg","20.000","°C","100.000","%a.s.","22.780","deg","20.000","°C","969.000","hPa","0.82","-0.015","0.00036","-0.00014","0","10","Humid","58.27","1","2500.00","297324.90","SADF0001000082","ABF0.1.0.10","4.0.0.2393","PSt7-10","250224-007","7/27/2025 6:28:56 PM","0000-00","0","no battery","V","","µV","","µV"
"03/05/2026","13:21:41","2","default","813736599","OXY_06","5.700","min","206.416","μmol/L","Humid","22.234","deg","69849","µV","23.993","°C","1017.000","hPa","34.9","pmil","0","55.710","deg","20.000","°C","100.000","%a.s.","22.780","deg","20.000","°C","969.000","hPa","0.82","-0.015","0.00036","-0.00014","0","10","Humid","58.27","1","2500.00","297323.54","SADF0001000082","ABF0.1.0.10","4.0.0.2393","PSt7-10","250224-007","7/27/2025 6:28:56 PM","0000-00","0","no battery","V","","µV","","µV"
"03/05/2026","13:21:43","2","default","813736599","OXY_06","5.733","min","206.471","μmol/L","Humid","22.235","deg","69869","µV","23.981","°C","1017.000","hPa","34.9","pmil","0","55.710","deg","20.000","°C","100.000","%a.s.","22.780","deg","20.000","°C","969.000","hPa","0.82","-0.015","0.00036","-0.00014","0","10","Humid","58.27","1","2500.00","297322.94","SADF0001000082","ABF0.1.0.10","4.0.0.2393","PSt7-10","250224-007","7/27/2025 6:28:56 PM","0000-00","0","no battery","V","","µV","","µV"
"03/05/2026","13:21:45","2","default","813736599","OXY_06","5.767","min","206.312","μmol/L","Humid","22.244","deg","69870","µV","23.981","°C","1017.000","hPa","34.9","pmil","0","55.710","deg","20.000","°C","100.000","%a.s.","22.780","deg","20.000","°C","969.000","hPa","0.82","-0.015","0.00036","-0.00014","0","10","Humid","58.27","1","2500.00","297312.53","SADF0001000082","ABF0.1.0.10","4.0.0.2393","PSt7-10","250224-007","7/27/2025 6:28:56 PM","0000-00","0","no battery","V","","µV","","µV"
"03/05/2026","13:21:47","2","default","813736599","OXY_06","5.800","min","206.279","μmol/L","Humid","22.250","deg","69889","µV","23.968","°C","1017.000","hPa","34.9","pmil","0","55.710","deg","20.000","°C","100.000","%a.s.","22.780","deg","20.000","°C","969.000","hPa","0.82","-0.015","0.00036","-0.00014","0","10","Humid","58.27","1","2500.00","297326.46","SADF0001000082","ABF0.1.0.10","4.0.0.2393","PSt7-10","250224-007","7/27/2025 6:28:56 PM","0000-00","0","no battery","V","","µV","","µV"
"03/05/2026","13:21:49","2","default","813736599","OXY_06","5.833","min","206.297","μmol/L","Humid","22.249","deg","69887","µV","23.968","°C","1017.000","hPa","34.9","pmil","0","55.710","deg","20.000","°C","100.000","%a.s.","22.780","deg","20.000","°C","969.000","hPa","0.82","-0.015","0.00036","-0.00014","0","10","Humid","58.27","1","2500.00","297316.05","SADF0001000082","ABF0.1.0.10","4.0.0.2393","PSt7-10","250224-007","7/27/2025 6:28:56 PM","0000-00","0","no battery","V","","µV","","µV"
"03/05/2026","13:21:51","2","default","813736599","OXY_06","5.867","min","206.351","μmol/L","Humid","22.248","deg","69895","µV","23.962","°C","1017.000","hPa","34.9","pmil","0","55.710","deg","20.000","°C","100.000","%a.s.","22.780","deg","20.000","°C","969.000","hPa","0.82","-0.015","0.00036","-0.00014","0","10","Humid","58.27","1","2500.00","297335.45","SADF0001000082","ABF0.1.0.10","4.0.0.2393","PSt7-10","250224-007","7/27/2025 6:28:56 PM","0000-00","0","no battery","V","","µV","","µV"
"03/05/2026","13:21:53","2","default","813736599","OXY_06","5.900","min","206.278","μmol/L","Humid","22.248","deg","69890","µV","23.975","°C","1017.000","hPa","34.9","pmil","0","55.710","deg","20.000","°C","100.000","%a.s.","22.780","deg","20.000","°C","969.000","hPa","0.82","-0.015","0.00036","-0.00014","0","10","Humid","58.27","1","2500.00","297321.89","SADF0001000082","ABF0.1.0.10","4.0.0.2393","PSt7-10","250224-007","7/27/2025 6:28:56 PM","0000-00","0","no battery","V","","µV","","µV"
"03/05/2026","13:21:55","2","default","813736599","OXY_06","5.933","min","206.384","μmol/L","Humid","22.242","deg","69903","µV","23.975","°C","1017.000","hPa","34.9","pmil","0","55.710","deg","20.000","°C","100.000","%a.s.","22.780","deg","20.000","°C","969.000","hPa","0.82","-0.015","0.00036","-0.00014","0","10","Humid","58.27","1","2500.00","297313.02","SADF0001000082","ABF0.1.0.10","4.0.0.2393","PSt7-10","250224-007","7/27/2025 6:28:56 PM","0000-00","0","no battery","V","","µV","","µV"
"03/05/2026","13:21:57","2","default","813736599","OXY_06","5.966","min","206.080","μmol/L","Humid","22.251","deg","69906","µV","23.999","°C","1017.000","hPa","34.9","pmil","0","55.710","deg","20.000","°C","100.000","%a.s.","22.780","deg","20.000","°C","969.000","hPa","0.82","-0.015","0.00036","-0.00014","0","10","Humid","58.27","1","2500.00","297326.71","SADF0001000082","ABF0.1.0.10","4.0.0.2393","PSt7-10","250224-007","7/27/2025 6:28:56 PM","0000-00","0","no battery","V","","µV","","µV"
"03/05/2026","13:21:59","2","default","813736599","OXY_06","6.000","min","206.298","μmol/L","Humid","22.251","deg","69902","µV","23.962","°C","1017.000","hPa","34.9","pmil","0","55.710","deg","20.000","°C","100.000","%a.s.","22.780","deg","20.000","°C","969.000","hPa","0.82","-0.015","0.00036","-0.00014","0","10","Humid","58.27","1","2500.00","297320.98","SADF0001000082","ABF0.1.0.10","4.0.0.2393","PSt7-10","250224-007","7/27/2025 6:28:56 PM","0000-00","0","no battery","V","","µV","","µV"
"03/05/2026","13:22:01","2","default","813736599","OXY_06","6.033","min","206.136","μmol/L","Humid","22.254","deg","69904","µV","23.981","°C","1017.000","hPa","34.9","pmil","0","55.710","deg","20.000","°C","100.000","%a.s.","22.780","deg","20.000","°C","969.000","hPa","0.82","-0.015","0.00036","-0.00014","0","10","Humid","58.27","1","2500.00","297331.25","SADF0001000082","ABF0.1.0.10","4.0.0.2393","PSt7-10","250224-007","7/27/2025 6:28:56 PM","0000-00","0","no battery","V","","µV","","µV"
"03/05/2026","13:22:03","2","default","813736599","OXY_06","6.067","min","206.171","μmol/L","Humid","22.252","deg","69914","µV","23.981","°C","1017.000","hPa","34.9","pmil","0","55.710","deg","20.000","°C","100.000","%a.s.","22.780","deg","20.000","°C","969.000","hPa","0.82","-0.015","0.00036","-0.00014","0","10","Humid","58.27","1","2500.00","297328.20","SADF0001000082","ABF0.1.0.10","4.0.0.2393","PSt7-10","250224-007","7/27/2025 6:28:56 PM","0000-00","0","no battery","V","","µV","","µV"
"03/05/2026","13:22:05","2","default","813736599","OXY_06","6.099","min","206.387","μmol/L","Humid","22.248","deg","69904","µV","23.956","°C","1017.000","hPa","34.9","pmil","0","55.710","deg","20.000","°C","100.000","%a.s.","22.780","deg","20.000","°C","969.000","hPa","0.82","-0.015","0.00036","-0.00014","0","10","Humid","58.27","1","2500.00","297327.74","SADF0001000082","ABF0.1.0.10","4.0.0.2393","PSt7-10","250224-007","7/27/2025 6:28:56 PM","0000-00","0","no battery","V","","µV","","µV"
"03/05/2026","13:22:07","2","default","813736599","OXY_06","6.133","min","206.353","μmol/L","Humid","22.252","deg","69898","µV","23.950","°C","1017.000","hPa","34.9","pmil","0","55.710","deg","20.000","°C","100.000","%a.s.","22.780","deg","20.000","°C","969.000","hPa","0.82","-0.015","0.00036","-0.00014","0","10","Humid","58.27","1","2500.00","297320.68","SADF0001000082","ABF0.1.0.10","4.0.0.2393","PSt7-10","250224-007","7/27/2025 6:28:56 PM","0000-00","0","no battery","V","","µV","","µV"
"03/05/2026","13:22:09","2","default","813736599","OXY_06","6.167","min","206.333","μmol/L","Humid","22.249","deg","69895","µV","23.962","°C","1017.000","hPa","34.9","pmil","0","55.710","deg","20.000","°C","100.000","%a.s.","22.780","deg","20.000","°C","969.000","hPa","0.82","-0.015","0.00036","-0.00014","0","10","Humid","58.27","1","2500.00","297312.84","SADF0001000082","ABF0.1.0.10","4.0.0.2393","PSt7-10","250224-007","7/27/2025 6:28:56 PM","0000-00","0","no battery","V","","µV","","µV"
"03/05/2026","13:22:11","2","default","813736599","OXY_06","6.200","min","206.189","μmol/L","Humid","22.251","deg","69901","µV","23.981","°C","1017.000","hPa","34.9","pmil","0","55.710","deg","20.000","°C","100.000","%a.s.","22.780","deg","20.000","°C","969.000","hPa","0.82","-0.015","0.00036","-0.00014","0","10","Humid","58.27","1","2500.00","297322.42","SADF0001000082","ABF0.1.0.10","4.0.0.2393","PSt7-10","250224-007","7/27/2025 6:28:56 PM","0000-00","0","no battery","V","","µV","","µV"
"03/05/2026","13:22:13","2","default","813736599","OXY_06","6.233","min","206.313","μmol/L","Humid","22.246","deg","69908","µV","23.975","°C","1017.000","hPa","34.9","pmil","0","55.710","deg","20.000","°C","100.000","%a.s.","22.780","deg","20.000","°C","969.000","hPa","0.82","-0.015","0.00036","-0.00014","0","10","Humid","58.27","1","2500.00","297314.22","SADF0001000082","ABF0.1.0.10","4.0.0.2393","PSt7-10","250224-007","7/27/2025 6:28:56 PM","0000-00","0","no battery","V","","µV","","µV"
"03/05/2026","13:22:15","2","default","813736599","OXY_06","6.266","min","206.083","μmol/L","Humid","22.257","deg","69917","µV","23.981","°C","1017.000","hPa","34.9","pmil","0","55.710","deg","20.000","°C","100.000","%a.s.","22.780","deg","20.000","°C","969.000","hPa","0.82","-0.015","0.00036","-0.00014","0","10","Humid","58.27","1","2500.00","297319.23","SADF0001000082","ABF0.1.0.10","4.0.0.2393","PSt7-10","250224-007","7/27/2025 6:28:56 PM","0000-00","0","no battery","V","","µV","","µV"
"03/05/2026","13:22:17","2","default","813736599","OXY_06","6.300","min","206.243","μmol/L","Humid","22.250","deg","69918","µV","23.975","°C","1017.000","hPa","34.9","pmil","0","55.710","deg","20.000","°C","100.000","%a.s.","22.780","deg","20.000","°C","969.000","hPa","0.82","-0.015","0.00036","-0.00014","0","10","Humid","58.27","1","2500.00","297331.74","SADF0001000082","ABF0.1.0.10","4.0.0.2393","PSt7-10","250224-007","7/27/2025 6:28:56 PM","0000-00","0","no battery","V","","µV","","µV"
"03/05/2026","13:22:19","2","default","813736599","OXY_06","6.334","min","206.191","μmol/L","Humid","22.255","deg","69920","µV","23.968","°C","1017.000","hPa","34.9","pmil","0","55.710","deg","20.000","°C","100.000","%a.s.","22.780","deg","20.000","°C","969.000","hPa","0.82","-0.015","0.00036","-0.00014","0","10","Humid","58.27","1","2500.00","297312.66","SADF0001000082","ABF0.1.0.10","4.0.0.2393","PSt7-10","250224-007","7/27/2025 6:28:56 PM","0000-00","0","no battery","V","","µV","","µV"
"03/05/2026","13:22:21","2","default","813736599","OXY_06","6.366","min","206.210","μmol/L","Humid","22.256","deg","69920","µV","23.962","°C","1017.000","hPa","34.9","pmil","0","55.710","deg","20.000","°C","100.000","%a.s.","22.780","deg","20.000","°C","969.000","hPa","0.82","-0.015","0.00036","-0.00014","0","10","Humid","58.27","1","2500.00","297325.98","SADF0001000082","ABF0.1.0.10","4.0.0.2393","PSt7-10","250224-007","7/27/2025 6:28:56 PM","0000-00","0","no battery","V","","µV","","µV"
"03/05/2026","13:22:23","2","default","813736599","OXY_06","6.400","min","206.085","μmol/L","Humid","22.261","deg","69928","µV","23.968","°C","1017.000","hPa","34.9","pmil","0","55.710","deg","20.000","°C","100.000","%a.s.","22.780","deg","20.000","°C","969.000","hPa","0.82","-0.015","0.00036","-0.00014","0","10","Humid","58.27","1","2500.00","297317.80","SADF0001000082","ABF0.1.0.10","4.0.0.2393","PSt7-10","250224-007","7/27/2025 6:28:56 PM","0000-00","0","no battery","V","","µV","","µV"
"03/05/2026","13:22:25","2","default","813736599","OXY_06","6.433","min","205.925","μmol/L","Humid","22.266","deg","69948","µV","23.981","°C","1017.000","hPa","34.9","pmil","0","55.710","deg","20.000","°C","100.000","%a.s.","22.780","deg","20.000","°C","969.000","hPa","0.82","-0.015","0.00036","-0.00014","0","10","Humid","58.27","1","2500.00","297315.44","SADF0001000082","ABF0.1.0.10","4.0.0.2393","PSt7-10","250224-007","7/27/2025 6:28:56 PM","0000-00","0","no battery","V","","µV","","µV"
"03/05/2026","13:22:27","2","default","813736599","OXY_06","6.467","min","205.889","μmol/L","Humid","22.268","deg","69974","µV","23.981","°C","1017.000","hPa","34.9","pmil","0","55.710","deg","20.000","°C","100.000","%a.s.","22.780","deg","20.000","°C","969.000","hPa","0.82","-0.015","0.00036","-0.00014","0","10","Humid","58.27","1","2500.00","297319.05","SADF0001000082","ABF0.1.0.10","4.0.0.2393","PSt7-10","250224-007","7/27/2025 6:28:56 PM","0000-00","0","no battery","V","","µV","","µV"
"03/05/2026","13:22:29","2","default","813736599","OXY_06","6.500","min","205.821","μmol/L","Humid","22.276","deg","69987","µV","23.968","°C","1017.000","hPa","34.9","pmil","0","55.710","deg","20.000","°C","100.000","%a.s.","22.780","deg","20.000","°C","969.000","hPa","0.82","-0.015","0.00036","-0.00014","0","10","Humid","58.27","1","2500.00","297321.98","SADF0001000082","ABF0.1.0.10","4.0.0.2393","PSt7-10","250224-007","7/27/2025 6:28:56 PM","0000-00","0","no battery","V","","µV","","µV"
"03/05/2026","13:22:31","2","default","813736599","OXY_06","6.534","min","205.874","μmol/L","Humid","22.273","deg","69991","µV","23.968","°C","1017.000","hPa","34.9","pmil","0","55.710","deg","20.000","°C","100.000","%a.s.","22.780","deg","20.000","°C","969.000","hPa","0.82","-0.015","0.00036","-0.00014","0","10","Humid","58.27","1","2500.00","297325.35","SADF0001000082","ABF0.1.0.10","4.0.0.2393","PSt7-10","250224-007","7/27/2025 6:28:56 PM","0000-00","0","no battery","V","","µV","","µV"
"03/05/2026","13:22:33","2","default","813736599","OXY_06","6.566","min","205.837","μmol/L","Humid","22.271","deg","69984","µV","23.981","°C","1017.000","hPa","34.9","pmil","0","55.710","deg","20.000","°C","100.000","%a.s.","22.780","deg","20.000","°C","969.000","hPa","0.82","-0.015","0.00036","-0.00014","0","10","Humid","58.27","1","2500.00","297320.63","SADF0001000082","ABF0.1.0.10","4.0.0.2393","PSt7-10","250224-007","7/27/2025 6:28:56 PM","0000-00","0","no battery","V","","µV","","µV"
"03/05/2026","13:22:35","2","default","813736599","OXY_06","6.599","min","205.823","μmol/L","Humid","22.280","deg","69995","µV","23.956","°C","1017.000","hPa","34.9","pmil","0","55.710","deg","20.000","°C","100.000","%a.s.","22.780","deg","20.000","°C","969.000","hPa","0.82","-0.015","0.00036","-0.00014","0","10","Humid","58.27","1","2500.00","297327.51","SADF0001000082","ABF0.1.0.10","4.0.0.2393","PSt7-10","250224-007","7/27/2025 6:28:56 PM","0000-00","0","no battery","V","","µV","","µV"
"03/05/2026","13:22:37","2","default","813736599","OXY_06","6.633","min","205.749","μmol/L","Humid","22.276","deg","69989","µV","23.981","°C","1017.000","hPa","34.9","pmil","0","55.710","deg","20.000","°C","100.000","%a.s.","22.780","deg","20.000","°C","969.000","hPa","0.82","-0.015","0.00036","-0.00014","0","10","Humid","58.27","1","2500.00","297323.30","SADF0001000082","ABF0.1.0.10","4.0.0.2393","PSt7-10","250224-007","7/27/2025 6:28:56 PM","0000-00","0","no battery","V","","µV","","µV"
"03/05/2026","13:22:39","2","default","813736599","OXY_06","6.667","min","205.822","μmol/L","Humid","22.278","deg","70000","µV","23.962","°C","1017.000","hPa","34.9","pmil","0","55.710","deg","20.000","°C","100.000","%a.s.","22.780","deg","20.000","°C","969.000","hPa","0.82","-0.015","0.00036","-0.00014","0","10","Humid","58.27","1","2500.00","297324.50","SADF0001000082","ABF0.1.0.10","4.0.0.2393","PSt7-10","250224-007","7/27/2025 6:28:56 PM","0000-00","0","no battery","V","","µV","","µV"
"03/05/2026","13:22:41","2","default","813736599","OXY_06","6.700","min","205.784","μmol/L","Humid","22.274","deg","70004","µV","23.981","°C","1017.000","hPa","34.9","pmil","0","55.710","deg","20.000","°C","100.000","%a.s.","22.780","deg","20.000","°C","969.000","hPa","0.82","-0.015","0.00036","-0.00014","0","10","Humid","58.27","1","2500.00","297316.51","SADF0001000082","ABF0.1.0.10","4.0.0.2393","PSt7-10","250224-007","7/27/2025 6:28:56 PM","0000-00","0","no battery","V","","µV","","µV"
"03/05/2026","13:22:43","2","default","813736599","OXY_06","6.733","min","205.770","μmol/L","Humid","22.281","deg","70014","µV","23.962","°C","1017.000","hPa","34.9","pmil","0","55.710","deg","20.000","°C","100.000","%a.s.","22.780","deg","20.000","°C","969.000","hPa","0.82","-0.015","0.00036","-0.00014","0","10","Humid","58.27","1","2500.00","297326.17","SADF0001000082","ABF0.1.0.10","4.0.0.2393","PSt7-10","250224-007","7/27/2025 6:28:56 PM","0000-00","0","no battery","V","","µV","","µV"
"03/05/2026","13:22:45","2","default","813736599","OXY_06","6.766","min","205.751","μmol/L","Humid","22.280","deg","70012","µV","23.968","°C","1017.000","hPa","34.9","pmil","0","55.710","deg","20.000","°C","100.000","%a.s.","22.780","deg","20.000","°C","969.000","hPa","0.82","-0.015","0.00036","-0.00014","0","10","Humid","58.27","1","2500.00","297324.06","SADF0001000082","ABF0.1.0.10","4.0.0.2393","PSt7-10","250224-007","7/27/2025 6:28:56 PM","0000-00","0","no battery","V","","µV","","µV"
"03/05/2026","13:22:47","2","default","813736599","OXY_06","6.800","min","205.769","μmol/L","Humid","22.279","deg","70017","µV","23.968","°C","1017.000","hPa","34.9","pmil","0","55.710","deg","20.000","°C","100.000","%a.s.","22.780","deg","20.000","°C","969.000","hPa","0.82","-0.015","0.00036","-0.00014","0","10","Humid","58.27","1","2500.00","297323.81","SADF0001000082","ABF0.1.0.10","4.0.0.2393","PSt7-10","250224-007","7/27/2025 6:28:56 PM","0000-00","0","no battery","V","","µV","","µV"
"03/05/2026","13:22:49","2","default","813736599","OXY_06","6.833","min","205.644","μmol/L","Humid","22.284","deg","70025","µV","23.975","°C","1017.000","hPa","34.9","pmil","0","55.710","deg","20.000","°C","100.000","%a.s.","22.780","deg","20.000","°C","969.000","hPa","0.82","-0.015","0.00036","-0.00014","0","10","Humid","58.27","1","2500.00","297321.66","SADF0001000082","ABF0.1.0.10","4.0.0.2393","PSt7-10","250224-007","7/27/2025 6:28:56 PM","0000-00","0","no battery","V","","µV","","µV"
"03/05/2026","13:22:51","2","default","813736599","OXY_06","6.867","min","205.661","μmol/L","Humid","22.281","deg","70027","µV","23.981","°C","1017.000","hPa","34.9","pmil","0","55.710","deg","20.000","°C","100.000","%a.s.","22.780","deg","20.000","°C","969.000","hPa","0.82","-0.015","0.00036","-0.00014","0","10","Humid","58.27","1","2500.00","297328.85","SADF0001000082","ABF0.1.0.10","4.0.0.2393","PSt7-10","250224-007","7/27/2025 6:28:56 PM","0000-00","0","no battery","V","","µV","","µV"
"03/05/2026","13:22:53","2","default","813736599","OXY_06","6.900","min","205.734","μmol/L","Humid","22.283","deg","70031","µV","23.962","°C","1017.000","hPa","34.9","pmil","0","55.710","deg","20.000","°C","100.000","%a.s.","22.780","deg","20.000","°C","969.000","hPa","0.82","-0.015","0.00036","-0.00014","0","10","Humid","58.27","1","2500.00","297326.74","SADF0001000082","ABF0.1.0.10","4.0.0.2393","PSt7-10","250224-007","7/27/2025 6:28:56 PM","0000-00","0","no battery","V","","µV","","µV"
"03/05/2026","13:22:55","2","default","813736599","OXY_06","6.933","min","205.608","μmol/L","Humid","22.284","deg","70033","µV","23.981","°C","1017.000","hPa","34.9","pmil","0","55.710","deg","20.000","°C","100.000","%a.s.","22.780","deg","20.000","°C","969.000","hPa","0.82","-0.015","0.00036","-0.00014","0","10","Humid","58.27","1","2500.00","297318.93","SADF0001000082","ABF0.1.0.10","4.0.0.2393","PSt7-10","250224-007","7/27/2025 6:28:56 PM","0000-00","0","no battery","V","","µV","","µV"
"03/05/2026","13:22:57","2","default","813736599","OXY_06","6.967","min","205.592","μmol/L","Humid","22.287","deg","70037","µV","23.975","°C","1017.000","hPa","34.9","pmil","0","55.710","deg","20.000","°C","100.000","%a.s.","22.780","deg","20.000","°C","969.000","hPa","0.82","-0.015","0.00036","-0.00014","0","10","Humid","58.27","1","2500.00","297325.55","SADF0001000082","ABF0.1.0.10","4.0.0.2393","PSt7-10","250224-007","7/27/2025 6:28:56 PM","0000-00","0","no battery","V","","µV","","µV"
"03/05/2026","13:22:59","2","default","813736599","OXY_06","7.000","min","205.647","μmol/L","Humid","22.288","deg","70037","µV","23.962","°C","1017.000","hPa","34.9","pmil","0","55.710","deg","20.000","°C","100.000","%a.s.","22.780","deg","20.000","°C","969.000","hPa","0.82","-0.015","0.00036","-0.00014","0","10","Humid","58.27","1","2500.00","297315.68","SADF0001000082","ABF0.1.0.10","4.0.0.2393","PSt7-10","250224-007","7/27/2025 6:28:56 PM","0000-00","0","no battery","V","","µV","","µV"
"03/05/2026","13:23:01","2","default","813736599","OXY_06","7.033","min","205.488","μmol/L","Humid","22.295","deg","70058","µV","23.968","°C","1017.000","hPa","34.9","pmil","0","55.710","deg","20.000","°C","100.000","%a.s.","22.780","deg","20.000","°C","969.000","hPa","0.82","-0.015","0.00036","-0.00014","0","10","Humid","58.27","1","2500.00","297314.50","SADF0001000082","ABF0.1.0.10","4.0.0.2393","PSt7-10","250224-007","7/27/2025 6:28:56 PM","0000-00","0","no battery","V","","µV","","µV"
"03/05/2026","13:23:03","2","default","813736599","OXY_06","7.066","min","205.523","μmol/L","Humid","22.293","deg","70053","µV","23.968","°C","1017.000","hPa","34.9","pmil","0","55.710","deg","20.000","°C","100.000","%a.s.","22.780","deg","20.000","°C","969.000","hPa","0.82","-0.015","0.00036","-0.00014","0","10","Humid","58.27","1","2500.00","297322.37","SADF0001000082","ABF0.1.0.10","4.0.0.2393","PSt7-10","250224-007","7/27/2025 6:28:56 PM","0000-00","0","no battery","V","","µV","","µV"
"03/05/2026","13:23:05","2","default","813736599","OXY_06","7.100","min","205.434","μmol/L","Humid","22.296","deg","70054","µV","23.975","°C","1017.000","hPa","34.9","pmil","0","55.710","deg","20.000","°C","100.000","%a.s.","22.780","deg","20.000","°C","969.000","hPa","0.82","-0.015","0.00036","-0.00014","0","10","Humid","58.27","1","2500.00","297324.93","SADF0001000082","ABF0.1.0.10","4.0.0.2393","PSt7-10","250224-007","7/27/2025 6:28:56 PM","0000-00","0","no battery","V","","µV","","µV"
"03/05/2026","13:23:07","2","default","813736599","OXY_06","7.133","min","205.434","μmol/L","Humid","22.296","deg","70068","µV","23.975","°C","1017.000","hPa","34.9","pmil","0","55.710","deg","20.000","°C","100.000","%a.s.","22.780","deg","20.000","°C","969.000","hPa","0.82","-0.015","0.00036","-0.00014","0","10","Humid","58.27","1","2500.00","297313.92","SADF0001000082","ABF0.1.0.10","4.0.0.2393","PSt7-10","250224-007","7/27/2025 6:28:56 PM","0000-00","0","no battery","V","","µV","","µV"
"03/05/2026","13:23:09","2","default","813736599","OXY_06","7.167","min","205.454","μmol/L","Humid","22.299","deg","70067","µV","23.962","°C","1017.000","hPa","34.9","pmil","0","55.710","deg","20.000","°C","100.000","%a.s.","22.780","deg","20.000","°C","969.000","hPa","0.82","-0.015","0.00036","-0.00014","0","10","Humid","58.27","1","2500.00","297323.04","SADF0001000082","ABF0.1.0.10","4.0.0.2393","PSt7-10","250224-007","7/27/2025 6:28:56 PM","0000-00","0","no battery","V","","µV","","µV"
"03/05/2026","13:23:11","2","default","813736599","OXY_06","7.200","min","205.311","μmol/L","Humid","22.303","deg","70082","µV","23.975","°C","1017.000","hPa","34.9","pmil","0","55.710","deg","20.000","°C","100.000","%a.s.","22.780","deg","20.000","°C","969.000","hPa","0.82","-0.015","0.00036","-0.00014","0","10","Humid","58.27","1","2500.00","297313.26","SADF0001000082","ABF0.1.0.10","4.0.0.2393","PSt7-10","250224-007","7/27/2025 6:28:56 PM","0000-00","0","no battery","V","","µV","","µV"
"03/05/2026","13:23:13","2","default","813736599","OXY_06","7.233","min","205.367","μmol/L","Humid","22.306","deg","70094","µV","23.956","°C","1017.000","hPa","34.9","pmil","0","55.710","deg","20.000","°C","100.000","%a.s.","22.780","deg","20.000","°C","969.000","hPa","0.82","-0.015","0.00036","-0.00014","0","10","Humid","58.27","1","2500.00","297306.84","SADF0001000082","ABF0.1.0.10","4.0.0.2393","PSt7-10","250224-007","7/27/2025 6:28:56 PM","0000-00","0","no battery","V","","µV","","µV"
"03/05/2026","13:23:15","2","default","813736599","OXY_06","7.267","min","205.329","μmol/L","Humid","22.302","deg","70100","µV","23.975","°C","1017.000","hPa","34.9","pmil","0","55.710","deg","20.000","°C","100.000","%a.s.","22.780","deg","20.000","°C","969.000","hPa","0.82","-0.015","0.00036","-0.00014","0","10","Humid","58.27","1","2500.00","297312.48","SADF0001000082","ABF0.1.0.10","4.0.0.2393","PSt7-10","250224-007","7/27/2025 6:28:56 PM","0000-00","0","no battery","V","","µV","","µV"
"03/05/2026","13:23:17","2","default","813736599","OXY_06","7.300","min","205.420","μmol/L","Humid","22.303","deg","70097","µV","23.956","°C","1017.000","hPa","34.9","pmil","0","55.710","deg","20.000","°C","100.000","%a.s.","22.780","deg","20.000","°C","969.000","hPa","0.82","-0.015","0.00036","-0.00014","0","10","Humid","58.27","1","2500.00","297311.11","SADF0001000082","ABF0.1.0.10","4.0.0.2393","PSt7-10","250224-007","7/27/2025 6:28:56 PM","0000-00","0","no battery","V","","µV","","µV"
"03/05/2026","13:23:19","2","default","813736599","OXY_06","7.333","min","205.404","μmol/L","Humid","22.308","deg","70107","µV","23.944","°C","1017.000","hPa","34.9","pmil","0","55.710","deg","20.000","°C","100.000","%a.s.","22.780","deg","20.000","°C","969.000","hPa","0.82","-0.015","0.00036","-0.00014","0","10","Humid","58.27","1","2500.00","297316.25","SADF0001000082","ABF0.1.0.10","4.0.0.2393","PSt7-10","250224-007","7/27/2025 6:28:56 PM","0000-00","0","no battery","V","","µV","","µV"
"03/05/2026","13:23:21","2","default","813736599","OXY_06","7.366","min","205.188","μmol/L","Humid","22.310","deg","70117","µV","23.975","°C","1017.000","hPa","34.9","pmil","0","55.710","deg","20.000","°C","100.000","%a.s.","22.780","deg","20.000","°C","969.000","hPa","0.82","-0.015","0.00036","-0.00014","0","10","Humid","58.27","1","2500.00","297320.85","SADF0001000082","ABF0.1.0.10","4.0.0.2393","PSt7-10","250224-007","7/27/2025 6:28:56 PM","0000-00","0","no battery","V","","µV","","µV"
"03/05/2026","13:23:23","2","default","813736599","OXY_06","7.400","min","205.156","μmol/L","Humid","22.316","deg","70116","µV","23.962","°C","1017.000","hPa","34.9","pmil","0","55.710","deg","20.000","°C","100.000","%a.s.","22.780","deg","20.000","°C","969.000","hPa","0.82","-0.015","0.00036","-0.00014","0","10","Humid","58.27","1","2500.00","297316.50","SADF0001000082","ABF0.1.0.10","4.0.0.2393","PSt7-10","250224-007","7/27/2025 6:28:56 PM","0000-00","0","no battery","V","","µV","","µV"
"03/05/2026","13:23:25","2","default","813736599","OXY_06","7.434","min","205.191","μmol/L","Humid","22.314","deg","70111","µV","23.962","°C","1017.000","hPa","34.9","pmil","0","55.710","deg","20.000","°C","100.000","%a.s.","22.780","deg","20.000","°C","969.000","hPa","0.82","-0.015","0.00036","-0.00014","0","10","Humid","58.27","1","2500.00","297315.39","SADF0001000082","ABF0.1.0.10","4.0.0.2393","PSt7-10","250224-007","7/27/2025 6:28:56 PM","0000-00","0","no battery","V","","µV","","µV"
"03/05/2026","13:23:27","2","default","813736599","OXY_06","7.466","min","205.171","μmol/L","Humid","22.311","deg","70114","µV","23.975","°C","1017.000","hPa","34.9","pmil","0","55.710","deg","20.000","°C","100.000","%a.s.","22.780","deg","20.000","°C","969.000","hPa","0.82","-0.015","0.00036","-0.00014","0","10","Humid","58.27","1","2500.00","297315.63","SADF0001000082","ABF0.1.0.10","4.0.0.2393","PSt7-10","250224-007","7/27/2025 6:28:56 PM","0000-00","0","no battery","V","","µV","","µV"
"03/05/2026","13:23:29","2","default","813736599","OXY_06","7.500","min","205.152","μmol/L","Humid","22.310","deg","70125","µV","23.981","°C","1017.000","hPa","34.9","pmil","0","55.710","deg","20.000","°C","100.000","%a.s.","22.780","deg","20.000","°C","969.000","hPa","0.82","-0.015","0.00036","-0.00014","0","10","Humid","58.27","1","2500.00","297325.06","SADF0001000082","ABF0.1.0.10","4.0.0.2393","PSt7-10","250224-007","7/27/2025 6:28:56 PM","0000-00","0","no battery","V","","µV","","µV"
"03/05/2026","13:23:31","2","default","813736599","OXY_06","7.533","min","205.081","μmol/L","Humid","22.312","deg","70125","µV","23.987","°C","1017.000","hPa","34.9","pmil","0","55.710","deg","20.000","°C","100.000","%a.s.","22.780","deg","20.000","°C","969.000","hPa","0.82","-0.015","0.00036","-0.00014","0","10","Humid","58.27","1","2500.00","297324.55","SADF0001000082","ABF0.1.0.10","4.0.0.2393","PSt7-10","250224-007","7/27/2025 6:28:56 PM","0000-00","0","no battery","V","","µV","","µV"
"03/05/2026","13:23:33","2","default","813736599","OXY_06","7.567","min","205.118","μmol/L","Humid","22.314","deg","70139","µV","23.975","°C","1017.000","hPa","34.9","pmil","0","55.710","deg","20.000","°C","100.000","%a.s.","22.780","deg","20.000","°C","969.000","hPa","0.82","-0.015","0.00036","-0.00014","0","10","Humid","58.27","1","2500.00","297320.07","SADF0001000082","ABF0.1.0.10","4.0.0.2393","PSt7-10","250224-007","7/27/2025 6:28:56 PM","0000-00","0","no battery","V","","µV","","µV"
"03/05/2026","13:23:35","2","default","813736599","OXY_06","7.600","min","204.924","μmol/L","Humid","22.321","deg","70146","µV","23.987","°C","1017.000","hPa","34.9","pmil","0","55.710","deg","20.000","°C","100.000","%a.s.","22.780","deg","20.000","°C","969.000","hPa","0.82","-0.015","0.00036","-0.00014","0","10","Humid","58.27","1","2500.00","297308.33","SADF0001000082","ABF0.1.0.10","4.0.0.2393","PSt7-10","250224-007","7/27/2025 6:28:56 PM","0000-00","0","no battery","V","","µV","","µV"
"03/05/2026","13:23:37","2","default","813736599","OXY_06","7.633","min","204.943","μmol/L","Humid","22.324","deg","70154","µV","23.975","°C","1017.000","hPa","34.9","pmil","0","55.710","deg","20.000","°C","100.000","%a.s.","22.780","deg","20.000","°C","969.000","hPa","0.82","-0.015","0.00036","-0.00014","0","10","Humid","58.27","1","2500.00","297303.07","SADF0001000082","ABF0.1.0.10","4.0.0.2393","PSt7-10","250224-007","7/27/2025 6:28:56 PM","0000-00","0","no battery","V","","µV","","µV"
"03/05/2026","13:23:39","2","default","813736599","OXY_06","7.667","min","204.927","μmol/L","Humid","22.327","deg","70178","µV","23.968","°C","1017.000","hPa","34.9","pmil","0","55.710","deg","20.000","°C","100.000","%a.s.","22.780","deg","20.000","°C","969.000","hPa","0.82","-0.015","0.00036","-0.00014","0","10","Humid","58.27","1","2500.00","297307.81","SADF0001000082","ABF0.1.0.10","4.0.0.2393","PSt7-10","250224-007","7/27/2025 6:28:56 PM","0000-00","0","no battery","V","","µV","","µV"
"03/05/2026","13:23:41","2","default","813736599","OXY_06","7.700","min","204.892","μmol/L","Humid","22.329","deg","70176","µV","23.968","°C","1017.000","hPa","34.9","pmil","0","55.710","deg","20.000","°C","100.000","%a.s.","22.780","deg","20.000","°C","969.000","hPa","0.82","-0.015","0.00036","-0.00014","0","10","Humid","58.27","1","2500.00","297316.88","SADF0001000082","ABF0.1.0.10","4.0.0.2393","PSt7-10","250224-007","7/27/2025 6:28:56 PM","0000-00","0","no battery","V","","µV","","µV"
"03/05/2026","13:23:43","2","default","813736599","OXY_06","7.733","min","204.980","μmol/L","Humid","22.324","deg","70171","µV","23.968","°C","1017.000","hPa","34.9","pmil","0","55.710","deg","20.000","°C","100.000","%a.s.","22.780","deg","20.000","°C","969.000","hPa","0.82","-0.015","0.00036","-0.00014","0","10","Humid","58.27","1","2500.00","297317.32","SADF0001000082","ABF0.1.0.10","4.0.0.2393","PSt7-10","250224-007","7/27/2025 6:28:56 PM","0000-00","0","no battery","V","","µV","","µV"
"03/05/2026","13:23:45","2","default","813736599","OXY_06","7.767","min","205.034","μmol/L","Humid","22.325","deg","70165","µV","23.956","°C","1017.000","hPa","34.9","pmil","0","55.710","deg","20.000","°C","100.000","%a.s.","22.780","deg","20.000","°C","969.000","hPa","0.82","-0.015","0.00036","-0.00014","0","10","Humid","58.27","1","2500.00","297312.09","SADF0001000082","ABF0.1.0.10","4.0.0.2393","PSt7-10","250224-007","7/27/2025 6:28:56 PM","0000-00","0","no battery","V","","µV","","µV"
"03/05/2026","13:23:47","2","default","813736599","OXY_06","7.800","min","204.982","μmol/L","Humid","22.328","deg","70168","µV","23.956","°C","1017.000","hPa","34.9","pmil","0","55.710","deg","20.000","°C","100.000","%a.s.","22.780","deg","20.000","°C","969.000","hPa","0.82","-0.015","0.00036","-0.00014","0","10","Humid","58.27","1","2500.00","297322.74","SADF0001000082","ABF0.1.0.10","4.0.0.2393","PSt7-10","250224-007","7/27/2025 6:28:56 PM","0000-00","0","no battery","V","","µV","","µV"
"03/05/2026","13:23:49","2","default","813736599","OXY_06","7.833","min","204.946","μmol/L","Humid","22.328","deg","70173","µV","23.962","°C","1017.000","hPa","34.9","pmil","0","55.710","deg","20.000","°C","100.000","%a.s.","22.780","deg","20.000","°C","969.000","hPa","0.82","-0.015","0.00036","-0.00014","0","10","Humid","58.27","1","2500.00","297306.86","SADF0001000082","ABF0.1.0.10","4.0.0.2393","PSt7-10","250224-007","7/27/2025 6:28:56 PM","0000-00","0","no battery","V","","µV","","µV"
"03/05/2026","13:23:51","2","default","813736599","OXY_06","7.867","min","204.910","μmol/L","Humid","22.328","deg","70178","µV","23.968","°C","1017.000","hPa","34.9","pmil","0","55.710","deg","20.000","°C","100.000","%a.s.","22.780","deg","20.000","°C","969.000","hPa","0.82","-0.015","0.00036","-0.00014","0","10","Humid","58.27","1","2500.00","297304.70","SADF0001000082","ABF0.1.0.10","4.0.0.2393","PSt7-10","250224-007","7/27/2025 6:28:56 PM","0000-00","0","no battery","V","","µV","","µV"
"03/05/2026","13:23:53","2","default","813736599","OXY_06","7.900","min","204.784","μmol/L","Humid","22.329","deg","70188","µV","23.987","°C","1017.000","hPa","34.9","pmil","0","55.710","deg","20.000","°C","100.000","%a.s.","22.780","deg","20.000","°C","969.000","hPa","0.82","-0.015","0.00036","-0.00014","0","10","Humid","58.27","1","2500.00","297312.80","SADF0001000082","ABF0.1.0.10","4.0.0.2393","PSt7-10","250224-007","7/27/2025 6:28:56 PM","0000-00","0","no battery","V","","µV","","µV"
"03/05/2026","13:23:55","2","default","813736599","OXY_06","7.934","min","204.875","μmol/L","Humid","22.330","deg","70183","µV","23.968","°C","1017.000","hPa","34.9","pmil","0","55.710","deg","20.000","°C","100.000","%a.s.","22.780","deg","20.000","°C","969.000","hPa","0.82","-0.015","0.00036","-0.00014","0","10","Humid","58.27","1","2500.00","297305.00","SADF0001000082","ABF0.1.0.10","4.0.0.2393","PSt7-10","250224-007","7/27/2025 6:28:56 PM","0000-00","0","no battery","V","","µV","","µV"
"03/05/2026","13:23:57","2","default","813736599","OXY_06","7.966","min","204.767","μmol/L","Humid","22.332","deg","70191","µV","23.981","°C","1017.000","hPa","34.9","pmil","0","55.710","deg","20.000","°C","100.000","%a.s.","22.780","deg","20.000","°C","969.000","hPa","0.82","-0.015","0.00036","-0.00014","0","10","Humid","58.27","1","2500.00","297315.16","SADF0001000082","ABF0.1.0.10","4.0.0.2393","PSt7-10","250224-007","7/27/2025 6:28:56 PM","0000-00","0","no battery","V","","µV","","µV"
"03/05/2026","13:23:59","2","default","813736599","OXY_06","8.000","min","204.964","μmol/L","Humid","22.329","deg","70172","µV","23.956","°C","1017.000","hPa","34.9","pmil","0","55.710","deg","20.000","°C","100.000","%a.s.","22.780","deg","20.000","°C","969.000","hPa","0.82","-0.015","0.00036","-0.00014","0","10","Humid","58.27","1","2500.00","297305.19","SADF0001000082","ABF0.1.0.10","4.0.0.2393","PSt7-10","250224-007","7/27/2025 6:28:56 PM","0000-00","0","no battery","V","","µV","","µV"
"03/05/2026","13:24:01","2","default","813736599","OXY_06","8.033","min","204.946","μmol/L","Humid","22.328","deg","70180","µV","23.962","°C","1017.000","hPa","34.9","pmil","0","55.710","deg","20.000","°C","100.000","%a.s.","22.780","deg","20.000","°C","969.000","hPa","0.82","-0.015","0.00036","-0.00014","0","10","Humid","58.27","1","2500.00","297315.29","SADF0001000082","ABF0.1.0.10","4.0.0.2393","PSt7-10","250224-007","7/27/2025 6:28:56 PM","0000-00","0","no battery","V","","µV","","µV"
"03/05/2026","13:24:03","2","default","813736599","OXY_06","8.066","min","204.837","μmol/L","Humid","22.328","deg","70172","µV","23.981","°C","1017.000","hPa","34.9","pmil","0","55.710","deg","20.000","°C","100.000","%a.s.","22.780","deg","20.000","°C","969.000","hPa","0.82","-0.015","0.00036","-0.00014","0","10","Humid","58.27","1","2500.00","297305.06","SADF0001000082","ABF0.1.0.10","4.0.0.2393","PSt7-10","250224-007","7/27/2025 6:28:56 PM","0000-00","0","no battery","V","","µV","","µV"
"03/05/2026","13:24:05","2","default","813736599","OXY_06","8.100","min","204.840","μmol/L","Humid","22.332","deg","70176","µV","23.968","°C","1017.000","hPa","34.9","pmil","0","55.710","deg","20.000","°C","100.000","%a.s.","22.780","deg","20.000","°C","969.000","hPa","0.82","-0.015","0.00036","-0.00014","0","10","Humid","58.27","1","2500.00","297302.34","SADF0001000082","ABF0.1.0.10","4.0.0.2393","PSt7-10","250224-007","7/27/2025 6:28:56 PM","0000-00","0","no battery","V","","µV","","µV"
"03/05/2026","13:24:07","2","default","813736599","OXY_06","8.133","min","204.876","μmol/L","Humid","22.332","deg","70192","µV","23.962","°C","1017.000","hPa","34.9","pmil","0","55.710","deg","20.000","°C","100.000","%a.s.","22.780","deg","20.000","°C","969.000","hPa","0.82","-0.015","0.00036","-0.00014","0","10","Humid","58.27","1","2500.00","297301.38","SADF0001000082","ABF0.1.0.10","4.0.0.2393","PSt7-10","250224-007","7/27/2025 6:28:56 PM","0000-00","0","no battery","V","","µV","","µV"
"03/05/2026","13:24:09","2","default","813736599","OXY_06","8.167","min","204.750","μmol/L","Humid","22.333","deg","70196","µV","23.981","°C","1017.000","hPa","34.9","pmil","0","55.710","deg","20.000","°C","100.000","%a.s.","22.780","deg","20.000","°C","969.000","hPa","0.82","-0.015","0.00036","-0.00014","0","10","Humid","58.27","1","2500.00","297308.23","SADF0001000082","ABF0.1.0.10","4.0.0.2393","PSt7-10","250224-007","7/27/2025 6:28:56 PM","0000-00","0","no battery","V","","µV","","µV"
"03/05/2026","13:24:11","2","default","813736599","OXY_06","8.199","min","204.770","μmol/L","Humid","22.336","deg","70205","µV","23.968","°C","1017.000","hPa","34.9","pmil","0","55.710","deg","20.000","°C","100.000","%a.s.","22.780","deg","20.000","°C","969.000","hPa","0.82","-0.015","0.00036","-0.00014","0","10","Humid","58.27","1","2500.00","297305.99","SADF0001000082","ABF0.1.0.10","4.0.0.2393","PSt7-10","250224-007","7/27/2025 6:28:56 PM","0000-00","0","no battery","V","","µV","","µV"
"03/05/2026","13:24:13","2","default","813736599","OXY_06","8.233","min","204.949","μmol/L","Humid","22.334","deg","70210","µV","23.944","°C","1017.000","hPa","34.9","pmil","0","55.710","deg","20.000","°C","100.000","%a.s.","22.780","deg","20.000","°C","969.000","hPa","0.82","-0.015","0.00036","-0.00014","0","10","Humid","58.27","1","2500.00","297315.98","SADF0001000082","ABF0.1.0.10","4.0.0.2393","PSt7-10","250224-007","7/27/2025 6:28:56 PM","0000-00","0","no battery","V","","µV","","µV"
"03/05/2026","13:24:15","2","default","813736599","OXY_06","8.267","min","204.680","μmol/L","Humid","22.337","deg","70210","µV","23.981","°C","1017.000","hPa","34.9","pmil","0","55.710","deg","20.000","°C","100.000","%a.s.","22.780","deg","20.000","°C","969.000","hPa","0.82","-0.015","0.00036","-0.00014","0","10","Humid","58.27","1","2500.00","297313.45","SADF0001000082","ABF0.1.0.10","4.0.0.2393","PSt7-10","250224-007","7/27/2025 6:28:56 PM","0000-00","0","no battery","V","","µV","","µV"
"03/05/2026","13:24:17","2","default","813736599","OXY_06","8.300","min","204.788","μmol/L","Humid","22.337","deg","70221","µV","23.962","°C","1017.000","hPa","34.9","pmil","0","55.710","deg","20.000","°C","100.000","%a.s.","22.780","deg","20.000","°C","969.000","hPa","0.82","-0.015","0.00036","-0.00014","0","10","Humid","58.27","1","2500.00","297320.72","SADF0001000082","ABF0.1.0.10","4.0.0.2393","PSt7-10","250224-007","7/27/2025 6:28:56 PM","0000-00","0","no battery","V","","µV","","µV"
"03/05/2026","13:24:19","2","default","813736599","OXY_06","8.333","min","204.573","μmol/L","Humid","22.339","deg","70233","µV","23.993","°C","1017.000","hPa","34.9","pmil","0","55.710","deg","20.000","°C","100.000","%a.s.","22.780","deg","20.000","°C","969.000","hPa","0.82","-0.015","0.00036","-0.00014","0","10","Humid","58.27","1","2500.00","297325.33","SADF0001000082","ABF0.1.0.10","4.0.0.2393","PSt7-10","250224-007","7/27/2025 6:28:56 PM","0000-00","0","no battery","V","","µV","","µV"
"03/05/2026","13:24:21","2","default","813736599","OXY_06","8.366","min","204.594","μmol/L","Humid","22.344","deg","70236","µV","23.975","°C","1017.000","hPa","34.9","pmil","0","55.710","deg","20.000","°C","100.000","%a.s.","22.780","deg","20.000","°C","969.000","hPa","0.82","-0.015","0.00036","-0.00014","0","10","Humid","58.27","1","2500.00","297312.96","SADF0001000082","ABF0.1.0.10","4.0.0.2393","PSt7-10","250224-007","7/27/2025 6:28:56 PM","0000-00","0","no battery","V","","µV","","µV"
"03/05/2026","13:24:23","2","default","813736599","OXY_06","8.400","min","204.718","μmol/L","Humid","22.341","deg","70237","µV","23.962","°C","1017.000","hPa","34.9","pmil","0","55.710","deg","20.000","°C","100.000","%a.s.","22.780","deg","20.000","°C","969.000","hPa","0.82","-0.015","0.00036","-0.00014","0","10","Humid","58.27","1","2500.00","297321.98","SADF0001000082","ABF0.1.0.10","4.0.0.2393","PSt7-10","250224-007","7/27/2025 6:28:56 PM","0000-00","0","no battery","V","","µV","","µV"
"03/05/2026","13:24:25","2","default","813736599","OXY_06","8.433","min","204.646","μmol/L","Humid","22.341","deg","70237","µV","23.975","°C","1017.000","hPa","34.9","pmil","0","55.710","deg","20.000","°C","100.000","%a.s.","22.780","deg","20.000","°C","969.000","hPa","0.82","-0.015","0.00036","-0.00014","0","10","Humid","58.27","1","2500.00","297313.36","SADF0001000082","ABF0.1.0.10","4.0.0.2393","PSt7-10","250224-007","7/27/2025 6:28:56 PM","0000-00","0","no battery","V","","µV","","µV"
"03/05/2026","13:24:27","2","default","813736599","OXY_06","8.467","min","204.718","μmol/L","Humid","22.341","deg","70229","µV","23.962","°C","1017.000","hPa","34.9","pmil","0","55.710","deg","20.000","°C","100.000","%a.s.","22.780","deg","20.000","°C","969.000","hPa","0.82","-0.015","0.00036","-0.00014","0","10","Humid","58.27","1","2500.00","297316.07","SADF0001000082","ABF0.1.0.10","4.0.0.2393","PSt7-10","250224-007","7/27/2025 6:28:56 PM","0000-00","0","no battery","V","","µV","","µV"
"03/05/2026","13:24:29","2","default","813736599","OXY_06","8.499","min","204.665","μmol/L","Humid","22.342","deg","70231","µV","23.968","°C","1017.000","hPa","34.9","pmil","0","55.710","deg","20.000","°C","100.000","%a.s.","22.780","deg","20.000","°C","969.000","hPa","0.82","-0.015","0.00036","-0.00014","0","10","Humid","58.27","1","2500.00","297313.48","SADF0001000082","ABF0.1.0.10","4.0.0.2393","PSt7-10","250224-007","7/27/2025 6:28:56 PM","0000-00","0","no battery","V","","µV","","µV"
"03/05/2026","13:24:31","2","default","813736599","OXY_06","8.533","min","204.646","μmol/L","Humid","22.341","deg","70227","µV","23.975","°C","1017.000","hPa","34.9","pmil","0","55.710","deg","20.000","°C","100.000","%a.s.","22.780","deg","20.000","°C","969.000","hPa","0.82","-0.015","0.00036","-0.00014","0","10","Humid","58.27","1","2500.00","297321.13","SADF0001000082","ABF0.1.0.10","4.0.0.2393","PSt7-10","250224-007","7/27/2025 6:28:56 PM","0000-00","0","no battery","V","","µV","","µV"
"03/05/2026","13:24:33","2","default","813736599","OXY_06","8.567","min","204.574","μmol/L","Humid","22.341","deg","70228","µV","23.987","°C","1017.000","hPa","34.9","pmil","0","55.710","deg","20.000","°C","100.000","%a.s.","22.780","deg","20.000","°C","969.000","hPa","0.82","-0.015","0.00036","-0.00014","0","10","Humid","58.27","1","2500.00","297317.54","SADF0001000082","ABF0.1.0.10","4.0.0.2393","PSt7-10","250224-007","7/27/2025 6:28:56 PM","0000-00","0","no battery","V","","µV","","µV"
"03/05/2026","13:24:35","2","default","813736599","OXY_06","8.600","min","204.629","μmol/L","Humid","22.342","deg","70216","µV","23.975","°C","1017.000","hPa","34.9","pmil","0","55.710","deg","20.000","°C","100.000","%a.s.","22.780","deg","20.000","°C","969.000","hPa","0.82","-0.015","0.00036","-0.00014","0","10","Humid","58.27","1","2500.00","297312.54","SADF0001000082","ABF0.1.0.10","4.0.0.2393","PSt7-10","250224-007","7/27/2025 6:28:56 PM","0000-00","0","no battery","V","","µV","","µV"
"03/05/2026","13:24:37","2","default","813736599","OXY_06","8.633","min","204.772","μmol/L","Humid","22.340","deg","70217","µV","23.956","°C","1017.000","hPa","34.9","pmil","0","55.710","deg","20.000","°C","100.000","%a.s.","22.780","deg","20.000","°C","969.000","hPa","0.82","-0.015","0.00036","-0.00014","0","10","Humid","58.27","1","2500.00","297315.81","SADF0001000082","ABF0.1.0.10","4.0.0.2393","PSt7-10","250224-007","7/27/2025 6:28:56 PM","0000-00","0","no battery","V","","µV","","µV"
"03/05/2026","13:24:39","2","default","813736599","OXY_06","8.667","min","204.684","μmol/L","Humid","22.343","deg","70229","µV","23.962","°C","1017.000","hPa","34.9","pmil","0","55.710","deg","20.000","°C","100.000","%a.s.","22.780","deg","20.000","°C","969.000","hPa","0.82","-0.015","0.00036","-0.00014","0","10","Humid","58.27","1","2500.00","297321.40","SADF0001000082","ABF0.1.0.10","4.0.0.2393","PSt7-10","250224-007","7/27/2025 6:28:56 PM","0000-00","0","no battery","V","","µV","","µV"
"03/05/2026","13:24:41","2","default","813736599","OXY_06","8.700","min","204.736","μmol/L","Humid","22.340","deg","70227","µV","23.962","°C","1017.000","hPa","34.9","pmil","0","55.710","deg","20.000","°C","100.000","%a.s.","22.780","deg","20.000","°C","969.000","hPa","0.82","-0.015","0.00036","-0.00014","0","10","Humid","58.27","1","2500.00","297304.61","SADF0001000082","ABF0.1.0.10","4.0.0.2393","PSt7-10","250224-007","7/27/2025 6:28:56 PM","0000-00","0","no battery","V","","µV","","µV"
"03/05/2026","13:24:43","2","default","813736599","OXY_06","8.733","min","204.542","μmol/L","Humid","22.347","deg","70245","µV","23.975","°C","1017.000","hPa","34.9","pmil","0","55.710","deg","20.000","°C","100.000","%a.s.","22.780","deg","20.000","°C","969.000","hPa","0.82","-0.015","0.00036","-0.00014","0","10","Humid","58.27","1","2500.00","297308.04","SADF0001000082","ABF0.1.0.10","4.0.0.2393","PSt7-10","250224-007","7/27/2025 6:28:56 PM","0000-00","0","no battery","V","","µV","","µV"
"03/05/2026","13:24:45","2","default","813736599","OXY_06","8.766","min","204.401","μmol/L","Humid","22.353","deg","70262","µV","23.981","°C","1017.000","hPa","34.9","pmil","0","55.710","deg","20.000","°C","100.000","%a.s.","22.780","deg","20.000","°C","969.000","hPa","0.82","-0.015","0.00036","-0.00014","0","10","Humid","58.27","1","2500.00","297304.31","SADF0001000082","ABF0.1.0.10","4.0.0.2393","PSt7-10","250224-007","7/27/2025 6:28:56 PM","0000-00","0","no battery","V","","µV","","µV"
"03/05/2026","13:24:47","2","default","813736599","OXY_06","8.800","min","204.526","μmol/L","Humid","22.352","deg","70270","µV","23.962","°C","1017.000","hPa","34.9","pmil","0","55.710","deg","20.000","°C","100.000","%a.s.","22.780","deg","20.000","°C","969.000","hPa","0.82","-0.015","0.00036","-0.00014","0","10","Humid","58.27","1","2500.00","297311.14","SADF0001000082","ABF0.1.0.10","4.0.0.2393","PSt7-10","250224-007","7/27/2025 6:28:56 PM","0000-00","0","no battery","V","","µV","","µV"
"03/05/2026","13:24:49","2","default","813736599","OXY_06","8.833","min","204.316","μmol/L","Humid","22.362","deg","70279","µV","23.968","°C","1017.000","hPa","34.9","pmil","0","55.710","deg","20.000","°C","100.000","%a.s.","22.780","deg","20.000","°C","969.000","hPa","0.82","-0.015","0.00036","-0.00014","0","10","Humid","58.27","1","2500.00","297308.48","SADF0001000082","ABF0.1.0.10","4.0.0.2393","PSt7-10","250224-007","7/27/2025 6:28:56 PM","0000-00","0","no battery","V","","µV","","µV"
"03/05/2026","13:24:51","2","default","813736599","OXY_06","8.867","min","204.403","μmol/L","Humid","22.357","deg","70278","µV","23.968","°C","1017.000","hPa","34.9","pmil","0","55.710","deg","20.000","°C","100.000","%a.s.","22.780","deg","20.000","°C","969.000","hPa","0.82","-0.015","0.00036","-0.00014","0","10","Humid","58.27","1","2500.00","297311.11","SADF0001000082","ABF0.1.0.10","4.0.0.2393","PSt7-10","250224-007","7/27/2025 6:28:56 PM","0000-00","0","no battery","V","","µV","","µV"
"03/05/2026","13:24:53","2","default","813736599","OXY_06","8.900","min","204.402","μmol/L","Humid","22.355","deg","70280","µV","23.975","°C","1017.000","hPa","34.9","pmil","0","55.710","deg","20.000","°C","100.000","%a.s.","22.780","deg","20.000","°C","969.000","hPa","0.82","-0.015","0.00036","-0.00014","0","10","Humid","58.27","1","2500.00","297311.19","SADF0001000082","ABF0.1.0.10","4.0.0.2393","PSt7-10","250224-007","7/27/2025 6:28:56 PM","0000-00","0","no battery","V","","µV","","µV"
"03/05/2026","13:24:55","2","default","813736599","OXY_06","8.934","min","204.351","μmol/L","Humid","22.360","deg","70285","µV","23.968","°C","1017.000","hPa","34.9","pmil","0","55.710","deg","20.000","°C","100.000","%a.s.","22.780","deg","20.000","°C","969.000","hPa","0.82","-0.015","0.00036","-0.00014","0","10","Humid","58.27","1","2500.00","297312.73","SADF0001000082","ABF0.1.0.10","4.0.0.2393","PSt7-10","250224-007","7/27/2025 6:28:56 PM","0000-00","0","no battery","V","","µV","","µV"
"03/05/2026","13:24:57","2","default","813736599","OXY_06","8.967","min","204.301","μmol/L","Humid","22.367","deg","70292","µV","23.956","°C","1017.000","hPa","34.9","pmil","0","55.710","deg","20.000","°C","100.000","%a.s.","22.780","deg","20.000","°C","969.000","hPa","0.82","-0.015","0.00036","-0.00014","0","10","Humid","58.27","1","2500.00","297312.28","SADF0001000082","ABF0.1.0.10","4.0.0.2393","PSt7-10","250224-007","7/27/2025 6:28:56 PM","0000-00","0","no battery","V","","µV","","µV"
"03/05/2026","13:24:59","2","default","813736599","OXY_06","9.000","min","204.302","μmol/L","Humid","22.369","deg","70322","µV","23.950","°C","1017.000","hPa","34.9","pmil","0","55.710","deg","20.000","°C","100.000","%a.s.","22.780","deg","20.000","°C","969.000","hPa","0.82","-0.015","0.00036","-0.00014","0","10","Humid","58.27","1","2500.00","297300.88","SADF0001000082","ABF0.1.0.10","4.0.0.2393","PSt7-10","250224-007","7/27/2025 6:28:56 PM","0000-00","0","no battery","V","","µV","","µV"
"03/05/2026","13:25:01","2","default","813736599","OXY_06","9.033","min","204.264","μmol/L","Humid","22.365","deg","70331","µV","23.968","°C","1017.000","hPa","34.9","pmil","0","55.710","deg","20.000","°C","100.000","%a.s.","22.780","deg","20.000","°C","969.000","hPa","0.82","-0.015","0.00036","-0.00014","0","10","Humid","58.27","1","2500.00","297313.10","SADF0001000082","ABF0.1.0.10","4.0.0.2393","PSt7-10","250224-007","7/27/2025 6:28:56 PM","0000-00","0","no battery","V","","µV","","µV"
"03/05/2026","13:25:03","2","default","813736599","OXY_06","9.067","min","204.176","μmol/L","Humid","22.368","deg","70326","µV","23.975","°C","1017.000","hPa","34.9","pmil","0","55.710","deg","20.000","°C","100.000","%a.s.","22.780","deg","20.000","°C","969.000","hPa","0.82","-0.015","0.00036","-0.00014","0","10","Humid","58.27","1","2500.00","297304.23","SADF0001000082","ABF0.1.0.10","4.0.0.2393","PSt7-10","250224-007","7/27/2025 6:28:56 PM","0000-00","0","no battery","V","","µV","","µV"
"03/05/2026","13:25:05","2","default","813736599","OXY_06","9.100","min","204.142","μmol/L","Humid","22.372","deg","70325","µV","23.968","°C","1017.000","hPa","34.9","pmil","0","55.710","deg","20.000","°C","100.000","%a.s.","22.780","deg","20.000","°C","969.000","hPa","0.82","-0.015","0.00036","-0.00014","0","10","Humid","58.27","1","2500.00","297308.64","SADF0001000082","ABF0.1.0.10","4.0.0.2393","PSt7-10","250224-007","7/27/2025 6:28:56 PM","0000-00","0","no battery","V","","µV","","µV"
"03/05/2026","13:25:07","2","default","813736599","OXY_06","9.133","min","204.177","μmol/L","Humid","22.370","deg","70315","µV","23.968","°C","1017.000","hPa","34.9","pmil","0","55.710","deg","20.000","°C","100.000","%a.s.","22.780","deg","20.000","°C","969.000","hPa","0.82","-0.015","0.00036","-0.00014","0","10","Humid","58.27","1","2500.00","297318.81","SADF0001000082","ABF0.1.0.10","4.0.0.2393","PSt7-10","250224-007","7/27/2025 6:28:56 PM","0000-00","0","no battery","V","","µV","","µV"
"03/05/2026","13:25:09","2","default","813736599","OXY_06","9.166","min","204.442","μmol/L","Humid","22.361","deg","70316","µV","23.950","°C","1017.000","hPa","34.9","pmil","0","55.710","deg","20.000","°C","100.000","%a.s.","22.780","deg","20.000","°C","969.000","hPa","0.82","-0.015","0.00036","-0.00014","0","10","Humid","58.27","1","2500.00","297309.59","SADF0001000082","ABF0.1.0.10","4.0.0.2393","PSt7-10","250224-007","7/27/2025 6:28:56 PM","0000-00","0","no battery","V","","µV","","µV"
"03/05/2026","13:25:11","2","default","813736599","OXY_06","9.200","min","204.246","μmol/L","Humid","22.366","deg","70310","µV","23.968","°C","1017.000","hPa","34.9","pmil","0","55.710","deg","20.000","°C","100.000","%a.s.","22.780","deg","20.000","°C","969.000","hPa","0.82","-0.015","0.00036","-0.00014","0","10","Humid","58.27","1","2500.00","297313.67","SADF0001000082","ABF0.1.0.10","4.0.0.2393","PSt7-10","250224-007","7/27/2025 6:28:56 PM","0000-00","0","no battery","V","","µV","","µV"
"03/05/2026","13:25:13","2","default","813736599","OXY_06","9.233","min","204.212","μmol/L","Humid","22.368","deg","70311","µV","23.968","°C","1017.000","hPa","34.9","pmil","0","55.710","deg","20.000","°C","100.000","%a.s.","22.780","deg","20.000","°C","969.000","hPa","0.82","-0.015","0.00036","-0.00014","0","10","Humid","58.27","1","2500.00","297299.33","SADF0001000082","ABF0.1.0.10","4.0.0.2393","PSt7-10","250224-007","7/27/2025 6:28:56 PM","0000-00","0","no battery","V","","µV","","µV"
"03/05/2026","13:25:15","2","default","813736599","OXY_06","9.267","min","204.194","μmol/L","Humid","22.369","deg","70318","µV","23.968","°C","1017.000","hPa","34.9","pmil","0","55.710","deg","20.000","°C","100.000","%a.s.","22.780","deg","20.000","°C","969.000","hPa","0.82","-0.015","0.00036","-0.00014","0","10","Humid","58.27","1","2500.00","297305.03","SADF0001000082","ABF0.1.0.10","4.0.0.2393","PSt7-10","250224-007","7/27/2025 6:28:56 PM","0000-00","0","no battery","V","","µV","","µV"
"03/05/2026","13:25:17","2","default","813736599","OXY_06","9.299","min","204.320","μmol/L","Humid","22.368","deg","70321","µV","23.950","°C","1017.000","hPa","34.9","pmil","0","55.710","deg","20.000","°C","100.000","%a.s.","22.780","deg","20.000","°C","969.000","hPa","0.82","-0.015","0.00036","-0.00014","0","10","Humid","58.27","1","2500.00","297308.03","SADF0001000082","ABF0.1.0.10","4.0.0.2393","PSt7-10","250224-007","7/27/2025 6:28:56 PM","0000-00","0","no battery","V","","µV","","µV"
"03/05/2026","13:25:19","2","default","813736599","OXY_06","9.333","min","204.250","μmol/L","Humid","22.372","deg","70333","µV","23.950","°C","1017.000","hPa","34.9","pmil","0","55.710","deg","20.000","°C","100.000","%a.s.","22.780","deg","20.000","°C","969.000","hPa","0.82","-0.015","0.00036","-0.00014","0","10","Humid","58.27","1","2500.00","297314.52","SADF0001000082","ABF0.1.0.10","4.0.0.2393","PSt7-10","250224-007","7/27/2025 6:28:56 PM","0000-00","0","no battery","V","","µV","","µV"
"03/05/2026","13:25:21","2","default","813736599","OXY_06","9.367","min","204.090","μmol/L","Humid","22.375","deg","70336","µV","23.968","°C","1017.000","hPa","34.9","pmil","0","55.710","deg","20.000","°C","100.000","%a.s.","22.780","deg","20.000","°C","969.000","hPa","0.82","-0.015","0.00036","-0.00014","0","10","Humid","58.27","1","2500.00","297300.68","SADF0001000082","ABF0.1.0.10","4.0.0.2393","PSt7-10","250224-007","7/27/2025 6:28:56 PM","0000-00","0","no battery","V","","µV","","µV"
"03/05/2026","13:25:23","2","default","813736599","OXY_06","9.400","min","204.055","μmol/L","Humid","22.377","deg","70357","µV","23.968","°C","1017.000","hPa","34.9","pmil","0","55.710","deg","20.000","°C","100.000","%a.s.","22.780","deg","20.000","°C","969.000","hPa","0.82","-0.015","0.00036","-0.00014","0","10","Humid","58.27","1","2500.00","297308.79","SADF0001000082","ABF0.1.0.10","4.0.0.2393","PSt7-10","250224-007","7/27/2025 6:28:56 PM","0000-00","0","no battery","V","","µV","","µV"
"03/05/2026","13:25:25","2","default","813736599","OXY_06","9.433","min","203.987","μmol/L","Humid","22.383","deg","70365","µV","23.962","°C","1017.000","hPa","34.9","pmil","0","55.710","deg","20.000","°C","100.000","%a.s.","22.780","deg","20.000","°C","969.000","hPa","0.82","-0.015","0.00036","-0.00014","0","10","Humid","58.27","1","2500.00","297319.95","SADF0001000082","ABF0.1.0.10","4.0.0.2393","PSt7-10","250224-007","7/27/2025 6:28:56 PM","0000-00","0","no battery","V","","µV","","µV"
"03/05/2026","13:25:27","2","default","813736599","OXY_06","9.466","min","204.039","μmol/L","Humid","22.380","deg","70368","µV","23.962","°C","1017.000","hPa","34.9","pmil","0","55.710","deg","20.000","°C","100.000","%a.s.","22.780","deg","20.000","°C","969.000","hPa","0.82","-0.015","0.00036","-0.00014","0","10","Humid","58.27","1","2500.00","297300.79","SADF0001000082","ABF0.1.0.10","4.0.0.2393","PSt7-10","250224-007","7/27/2025 6:28:56 PM","0000-00","0","no battery","V","","µV","","µV"
"03/05/2026","13:25:29","2","default","813736599","OXY_06","9.500","min","203.863","μmol/L","Humid","22.386","deg","70374","µV","23.975","°C","1017.000","hPa","34.9","pmil","0","55.710","deg","20.000","°C","100.000","%a.s.","22.780","deg","20.000","°C","969.000","hPa","0.82","-0.015","0.00036","-0.00014","0","10","Humid","58.27","1","2500.00","297306.50","SADF0001000082","ABF0.1.0.10","4.0.0.2393","PSt7-10","250224-007","7/27/2025 6:28:56 PM","0000-00","0","no battery","V","","µV","","µV"
"03/05/2026","13:25:31","2","default","813736599","OXY_06","9.533","min","203.953","μmol/L","Humid","22.387","deg","70380","µV","23.956","°C","1017.000","hPa","34.9","pmil","0","55.710","deg","20.000","°C","100.000","%a.s.","22.780","deg","20.000","°C","969.000","hPa","0.82","-0.015","0.00036","-0.00014","0","10","Humid","58.27","1","2500.00","297305.17","SADF0001000082","ABF0.1.0.10","4.0.0.2393","PSt7-10","250224-007","7/27/2025 6:28:56 PM","0000-00","0","no battery","V","","µV","","µV"
"03/05/2026","13:25:33","2","default","813736599","OXY_06","9.567","min","203.898","μmol/L","Humid","22.386","deg","70370","µV","23.968","°C","1017.000","hPa","34.9","pmil","0","55.710","deg","20.000","°C","100.000","%a.s.","22.780","deg","20.000","°C","969.000","hPa","0.82","-0.015","0.00036","-0.00014","0","10","Humid","58.27","1","2500.00","297313.19","SADF0001000082","ABF0.1.0.10","4.0.0.2393","PSt7-10","250224-007","7/27/2025 6:28:56 PM","0000-00","0","no battery","V","","µV","","µV"
"03/05/2026","13:25:35","2","default","813736599","OXY_06","9.599","min","203.807","μmol/L","Humid","22.383","deg","70375","µV","23.993","°C","1017.000","hPa","34.9","pmil","0","55.710","deg","20.000","°C","100.000","%a.s.","22.780","deg","20.000","°C","969.000","hPa","0.82","-0.015","0.00036","-0.00014","0","10","Humid","58.27","1","2500.00","297297.54","SADF0001000082","ABF0.1.0.10","4.0.0.2393","PSt7-10","250224-007","7/27/2025 6:28:56 PM","0000-00","0","no battery","V","","µV","","µV"
"03/05/2026","13:25:37","2","default","813736599","OXY_06","9.633","min","203.967","μmol/L","Humid","22.380","deg","70381","µV","23.975","°C","1017.000","hPa","34.9","pmil","0","55.710","deg","20.000","°C","100.000","%a.s.","22.780","deg","20.000","°C","969.000","hPa","0.82","-0.015","0.00036","-0.00014","0","10","Humid","58.27","1","2500.00","297307.72","SADF0001000082","ABF0.1.0.10","4.0.0.2393","PSt7-10","250224-007","7/27/2025 6:28:56 PM","0000-00","0","no battery","V","","µV","","µV"
"03/05/2026","13:25:39","2","default","813736599","OXY_06","9.667","min","203.988","μmol/L","Humid","22.385","deg","70370","µV","23.956","°C","1017.000","hPa","34.9","pmil","0","55.710","deg","20.000","°C","100.000","%a.s.","22.780","deg","20.000","°C","969.000","hPa","0.82","-0.015","0.00036","-0.00014","0","10","Humid","58.27","1","2500.00","297307.25","SADF0001000082","ABF0.1.0.10","4.0.0.2393","PSt7-10","250224-007","7/27/2025 6:28:56 PM","0000-00","0","no battery","V","","µV","","µV"
"03/05/2026","13:25:41","2","default","813736599","OXY_06","9.700","min","203.916","μmol/L","Humid","22.385","deg","70371","µV","23.968","°C","1017.000","hPa","34.9","pmil","0","55.710","deg","20.000","°C","100.000","%a.s.","22.780","deg","20.000","°C","969.000","hPa","0.82","-0.015","0.00036","-0.00014","0","10","Humid","58.27","1","2500.00","297299.60","SADF0001000082","ABF0.1.0.10","4.0.0.2393","PSt7-10","250224-007","7/27/2025 6:28:56 PM","0000-00","0","no battery","V","","µV","","µV"
"03/05/2026","13:25:43","2","default","813736599","OXY_06","9.734","min","204.040","μmol/L","Humid","22.382","deg","70371","µV","23.956","°C","1017.000","hPa","34.9","pmil","0","55.710","deg","20.000","°C","100.000","%a.s.","22.780","deg","20.000","°C","969.000","hPa","0.82","-0.015","0.00036","-0.00014","0","10","Humid","58.27","1","2500.00","297301.13","SADF0001000082","ABF0.1.0.10","4.0.0.2393","PSt7-10","250224-007","7/27/2025 6:28:56 PM","0000-00","0","no battery","V","","µV","","µV"
"03/05/2026","13:25:45","2","default","813736599","OXY_06","9.766","min","204.058","μmol/L","Humid","22.383","deg","70378","µV","23.950","°C","1017.000","hPa","34.9","pmil","0","55.710","deg","20.000","°C","100.000","%a.s.","22.780","deg","20.000","°C","969.000","hPa","0.82","-0.015","0.00036","-0.00014","0","10","Humid","58.27","1","2500.00","297304.30","SADF0001000082","ABF0.1.0.10","4.0.0.2393","PSt7-10","250224-007","7/27/2025 6:28:56 PM","0000-00","0","no battery","V","","µV","","µV"
"03/05/2026","13:25:47","2","default","813736599","OXY_06","9.800","min","203.827","μmol/L","Humid","22.386","deg","70392","µV","23.981","°C","1017.000","hPa","34.9","pmil","0","55.710","deg","20.000","°C","100.000","%a.s.","22.780","deg","20.000","°C","969.000","hPa","0.82","-0.015","0.00036","-0.00014","0","10","Humid","58.27","1","2500.00","297303.79","SADF0001000082","ABF0.1.0.10","4.0.0.2393","PSt7-10","250224-007","7/27/2025 6:28:56 PM","0000-00","0","no battery","V","","µV","","µV"
"03/05/2026","13:25:49","2","default","813736599","OXY_06","9.833","min","203.847","μmol/L","Humid","22.391","deg","70411","µV","23.962","°C","1017.000","hPa","34.9","pmil","0","55.710","deg","20.000","°C","100.000","%a.s.","22.780","deg","20.000","°C","969.000","hPa","0.82","-0.015","0.00036","-0.00014","0","10","Humid","58.27","1","2500.00","297297.82","SADF0001000082","ABF0.1.0.10","4.0.0.2393","PSt7-10","250224-007","7/27/2025 6:28:56 PM","0000-00","0","no battery","V","","µV","","µV"
"03/05/2026","13:25:51","2","default","813736599","OXY_06","9.867","min","203.725","μmol/L","Humid","22.396","deg","70416","µV","23.968","°C","1017.000","hPa","34.9","pmil","0","55.710","deg","20.000","°C","100.000","%a.s.","22.780","deg","20.000","°C","969.000","hPa","0.82","-0.015","0.00036","-0.00014","0","10","Humid","58.27","1","2500.00","297308.26","SADF0001000082","ABF0.1.0.10","4.0.0.2393","PSt7-10","250224-007","7/27/2025 6:28:56 PM","0000-00","0","no battery","V","","µV","","µV"
"03/05/2026","13:25:53","2","default","813736599","OXY_06","9.900","min","203.709","μmol/L","Humid","22.399","deg","70421","µV","23.962","°C","1017.000","hPa","34.9","pmil","0","55.710","deg","20.000","°C","100.000","%a.s.","22.780","deg","20.000","°C","969.000","hPa","0.82","-0.015","0.00036","-0.00014","0","10","Humid","58.27","1","2500.00","297308.50","SADF0001000082","ABF0.1.0.10","4.0.0.2393","PSt7-10","250224-007","7/27/2025 6:28:56 PM","0000-00","0","no battery","V","","µV","","µV"
"03/05/2026","13:25:55","2","default","813736599","OXY_06","9.933","min","203.744","μmol/L","Humid","22.399","deg","70419","µV","23.956","°C","1017.000","hPa","34.9","pmil","0","55.710","deg","20.000","°C","100.000","%a.s.","22.780","deg","20.000","°C","969.000","hPa","0.82","-0.015","0.00036","-0.00014","0","10","Humid","58.27","1","2500.00","297310.99","SADF0001000082","ABF0.1.0.10","4.0.0.2393","PSt7-10","250224-007","7/27/2025 6:28:56 PM","0000-00","0","no battery","V","","µV","","µV"
"03/05/2026","13:25:57","2","default","813736599","OXY_06","9.966","min","203.781","μmol/L","Humid","22.401","deg","70416","µV","23.944","°C","1017.000","hPa","34.9","pmil","0","55.710","deg","20.000","°C","100.000","%a.s.","22.780","deg","20.000","°C","969.000","hPa","0.82","-0.015","0.00036","-0.00014","0","10","Humid","58.27","1","2500.00","297308.23","SADF0001000082","ABF0.1.0.10","4.0.0.2393","PSt7-10","250224-007","7/27/2025 6:28:56 PM","0000-00","0","no battery","V","","µV","","µV"
"03/05/2026","13:25:59","2","default","813736599","OXY_06","10.000","min","203.922","μmol/L","Humid","22.395","deg","70417","µV","23.937","°C","1017.000","hPa","34.9","pmil","0","55.710","deg","20.000","°C","100.000","%a.s.","22.780","deg","20.000","°C","969.000","hPa","0.82","-0.015","0.00036","-0.00014","0","10","Humid","58.27","1","2500.00","297307.31","SADF0001000082","ABF0.1.0.10","4.0.0.2393","PSt7-10","250224-007","7/27/2025 6:28:56 PM","0000-00","0","no battery","V","","µV","","µV"
"03/05/2026","13:26:01","2","default","813736599","OXY_06","10.033","min","203.778","μmol/L","Humid","22.395","deg","70419","µV","23.962","°C","1017.000","hPa","34.9","pmil","0","55.710","deg","20.000","°C","100.000","%a.s.","22.780","deg","20.000","°C","969.000","hPa","0.82","-0.015","0.00036","-0.00014","0","10","Humid","58.27","1","2500.00","297312.93","SADF0001000082","ABF0.1.0.10","4.0.0.2393","PSt7-10","250224-007","7/27/2025 6:28:56 PM","0000-00","0","no battery","V","","µV","","µV"
"03/05/2026","13:26:03","2","default","813736599","OXY_06","10.067","min","203.866","μmol/L","Humid","22.392","deg","70413","µV","23.956","°C","1017.000","hPa","34.9","pmil","0","55.710","deg","20.000","°C","100.000","%a.s.","22.780","deg","20.000","°C","969.000","hPa","0.82","-0.015","0.00036","-0.00014","0","10","Humid","58.27","1","2500.00","297317.50","SADF0001000082","ABF0.1.0.10","4.0.0.2393","PSt7-10","250224-007","7/27/2025 6:28:56 PM","0000-00","0","no battery","V","","µV","","µV"
"03/05/2026","13:26:05","2","default","813736599","OXY_06","10.100","min","203.864","μmol/L","Humid","22.388","deg","70411","µV","23.968","°C","1017.000","hPa","34.9","pmil","0","55.710","deg","20.000","°C","100.000","%a.s.","22.780","deg","20.000","°C","969.000","hPa","0.82","-0.015","0.00036","-0.00014","0","10","Humid","58.27","1","2500.00","297317.28","SADF0001000082","ABF0.1.0.10","4.0.0.2393","PSt7-10","250224-007","7/27/2025 6:28:56 PM","0000-00","0","no battery","V","","µV","","µV"
"03/05/2026","13:26:07","2","default","813736599","OXY_06","10.134","min","203.761","μmol/L","Humid","22.396","deg","70412","µV","23.962","°C","1017.000","hPa","34.9","pmil","0","55.710","deg","20.000","°C","100.000","%a.s.","22.780","deg","20.000","°C","969.000","hPa","0.82","-0.015","0.00036","-0.00014","0","10","Humid","58.27","1","2500.00","297307.15","SADF0001000082","ABF0.1.0.10","4.0.0.2393","PSt7-10","250224-007","7/27/2025 6:28:56 PM","0000-00","0","no battery","V","","µV","","µV"
"03/05/2026","13:26:09","2","default","813736599","OXY_06","10.166","min","203.901","μmol/L","Humid","22.390","deg","70411","µV","23.956","°C","1017.000","hPa","34.9","pmil","0","55.710","deg","20.000","°C","100.000","%a.s.","22.780","deg","20.000","°C","969.000","hPa","0.82","-0.015","0.00036","-0.00014","0","10","Humid","58.27","1","2500.00","297307.12","SADF0001000082","ABF0.1.0.10","4.0.0.2393","PSt7-10","250224-007","7/27/2025 6:28:56 PM","0000-00","0","no battery","V","","µV","","µV"
"03/05/2026","13:26:11","2","default","813736599","OXY_06","10.200","min","203.813","μmol/L","Humid","22.393","deg","70416","µV","23.962","°C","1017.000","hPa","34.9","pmil","0","55.710","deg","20.000","°C","100.000","%a.s.","22.780","deg","20.000","°C","969.000","hPa","0.82","-0.015","0.00036","-0.00014","0","10","Humid","58.27","1","2500.00","297311.82","SADF0001000082","ABF0.1.0.10","4.0.0.2393","PSt7-10","250224-007","7/27/2025 6:28:56 PM","0000-00","0","no battery","V","","µV","","µV"
"03/05/2026","13:26:13","2","default","813736599","OXY_06","10.233","min","203.849","μmol/L","Humid","22.393","deg","70407","µV","23.956","°C","1017.000","hPa","34.9","pmil","0","55.710","deg","20.000","°C","100.000","%a.s.","22.780","deg","20.000","°C","969.000","hPa","0.82","-0.015","0.00036","-0.00014","0","10","Humid","58.27","1","2500.00","297308.29","SADF0001000082","ABF0.1.0.10","4.0.0.2393","PSt7-10","250224-007","7/27/2025 6:28:56 PM","0000-00","0","no battery","V","","µV","","µV"
"03/05/2026","13:26:15","2","default","813736599","OXY_06","10.267","min","203.669","μmol/L","Humid","22.393","deg","70419","µV","23.987","°C","1017.000","hPa","34.9","pmil","0","55.710","deg","20.000","°C","100.000","%a.s.","22.780","deg","20.000","°C","969.000","hPa","0.82","-0.015","0.00036","-0.00014","0","10","Humid","58.27","1","2500.00","297306.07","SADF0001000082","ABF0.1.0.10","4.0.0.2393","PSt7-10","250224-007","7/27/2025 6:28:56 PM","0000-00","0","no battery","V","","µV","","µV"
"03/05/2026","13:26:17","2","default","813736599","OXY_06","10.300","min","203.601","μmol/L","Humid","22.399","deg","70442","µV","23.981","°C","1017.000","hPa","34.9","pmil","0","55.710","deg","20.000","°C","100.000","%a.s.","22.780","deg","20.000","°C","969.000","hPa","0.82","-0.015","0.00036","-0.00014","0","10","Humid","58.27","1","2500.00","297305.09","SADF0001000082","ABF0.1.0.10","4.0.0.2393","PSt7-10","250224-007","7/27/2025 6:28:56 PM","0000-00","0","no battery","V","","µV","","µV"
"03/05/2026","13:26:19","2","default","813736599","OXY_06","10.333","min","203.674","μmol/L","Humid","22.401","deg","70452","µV","23.962","°C","1017.000","hPa","34.9","pmil","0","55.710","deg","20.000","°C","100.000","%a.s.","22.780","deg","20.000","°C","969.000","hPa","0.82","-0.015","0.00036","-0.00014","0","10","Humid","58.27","1","2500.00","297306.64","SADF0001000082","ABF0.1.0.10","4.0.0.2393","PSt7-10","250224-007","7/27/2025 6:28:56 PM","0000-00","0","no battery","V","","µV","","µV"
"03/05/2026","13:26:21","2","default","813736599","OXY_06","10.367","min","203.450","μmol/L","Humid","22.416","deg","70474","µV","23.956","°C","1017.000","hPa","34.9","pmil","0","55.710","deg","20.000","°C","100.000","%a.s.","22.780","deg","20.000","°C","969.000","hPa","0.82","-0.015","0.00036","-0.00014","0","10","Humid","58.27","1","2500.00","297301.49","SADF0001000082","ABF0.1.0.10","4.0.0.2393","PSt7-10","250224-007","7/27/2025 6:28:56 PM","0000-00","0","no battery","V","","µV","","µV"
"03/05/2026","13:26:23","2","default","813736599","OXY_06","10.400","min","203.322","μmol/L","Humid","22.413","deg","70480","µV","23.987","°C","1017.000","hPa","34.9","pmil","0","55.710","deg","20.000","°C","100.000","%a.s.","22.780","deg","20.000","°C","969.000","hPa","0.82","-0.015","0.00036","-0.00014","0","10","Humid","58.27","1","2500.00","297310.58","SADF0001000082","ABF0.1.0.10","4.0.0.2393","PSt7-10","250224-007","7/27/2025 6:28:56 PM","0000-00","0","no battery","V","","µV","","µV"
"03/05/2026","13:26:25","2","default","813736599","OXY_06","10.434","min","203.272","μmol/L","Humid","22.418","deg","70486","µV","23.981","°C","1017.000","hPa","34.9","pmil","0","55.710","deg","20.000","°C","100.000","%a.s.","22.780","deg","20.000","°C","969.000","hPa","0.82","-0.015","0.00036","-0.00014","0","10","Humid","58.27","1","2500.00","297312.07","SADF0001000082","ABF0.1.0.10","4.0.0.2393","PSt7-10","250224-007","7/27/2025 6:28:56 PM","0000-00","0","no battery","V","","µV","","µV"
"03/05/2026","13:26:27","2","default","813736599","OXY_06","10.466","min","203.307","μmol/L","Humid","22.418","deg","70501","µV","23.975","°C","1017.000","hPa","34.9","pmil","0","55.710","deg","20.000","°C","100.000","%a.s.","22.780","deg","20.000","°C","969.000","hPa","0.82","-0.015","0.00036","-0.00014","0","10","Humid","58.27","1","2500.00","297315.02","SADF0001000082","ABF0.1.0.10","4.0.0.2393","PSt7-10","250224-007","7/27/2025 6:28:56 PM","0000-00","0","no battery","V","","µV","","µV"
"03/05/2026","13:26:29","2","default","813736599","OXY_06","10.500","min","203.342","μmol/L","Humid","22.416","deg","70506","µV","23.975","°C","1017.000","hPa","34.9","pmil","0","55.710","deg","20.000","°C","100.000","%a.s.","22.780","deg","20.000","°C","969.000","hPa","0.82","-0.015","0.00036","-0.00014","0","10","Humid","58.27","1","2500.00","297316.63","SADF0001000082","ABF0.1.0.10","4.0.0.2393","PSt7-10","250224-007","7/27/2025 6:28:56 PM","0000-00","0","no battery","V","","µV","","µV"
"03/05/2026","13:26:31","2","default","813736599","OXY_06","10.533","min","203.255","μmol/L","Humid","22.421","deg","70514","µV","23.975","°C","1017.000","hPa","34.9","pmil","0","55.710","deg","20.000","°C","100.000","%a.s.","22.780","deg","20.000","°C","969.000","hPa","0.82","-0.015","0.00036","-0.00014","0","10","Humid","58.27","1","2500.00","297317.78","SADF0001000082","ABF0.1.0.10","4.0.0.2393","PSt7-10","250224-007","7/27/2025 6:28:56 PM","0000-00","0","no battery","V","","µV","","µV"
"03/05/2026","13:26:33","2","default","813736599","OXY_06","10.567","min","203.468","μmol/L","Humid","22.417","deg","70511","µV","23.950","°C","1017.000","hPa","34.9","pmil","0","55.710","deg","20.000","°C","100.000","%a.s.","22.780","deg","20.000","°C","969.000","hPa","0.82","-0.015","0.00036","-0.00014","0","10","Humid","58.27","1","2500.00","297310.89","SADF0001000082","ABF0.1.0.10","4.0.0.2393","PSt7-10","250224-007","7/27/2025 6:28:56 PM","0000-00","0","no battery","V","","µV","","µV"
"03/05/2026","13:26:35","2","default","813736599","OXY_06","10.600","min","203.380","μmol/L","Humid","22.420","deg","70518","µV","23.956","°C","1017.000","hPa","34.9","pmil","0","55.710","deg","20.000","°C","100.000","%a.s.","22.780","deg","20.000","°C","969.000","hPa","0.82","-0.015","0.00036","-0.00014","0","10","Humid","58.27","1","2500.00","297305.53","SADF0001000082","ABF0.1.0.10","4.0.0.2393","PSt7-10","250224-007","7/27/2025 6:28:56 PM","0000-00","0","no battery","V","","µV","","µV"
"03/05/2026","13:26:37","2","default","813736599","OXY_06","10.634","min","203.224","μmol/L","Humid","22.429","deg","70528","µV","23.956","°C","1017.000","hPa","34.9","pmil","0","55.710","deg","20.000","°C","100.000","%a.s.","22.780","deg","20.000","°C","969.000","hPa","0.82","-0.015","0.00036","-0.00014","0","10","Humid","58.27","1","2500.00","297309.68","SADF0001000082","ABF0.1.0.10","4.0.0.2393","PSt7-10","250224-007","7/27/2025 6:28:56 PM","0000-00","0","no battery","V","","µV","","µV"
"03/05/2026","13:26:39","2","default","813736599","OXY_06","10.667","min","203.116","μmol/L","Humid","22.427","deg","70534","µV","23.981","°C","1017.000","hPa","34.9","pmil","0","55.710","deg","20.000","°C","100.000","%a.s.","22.780","deg","20.000","°C","969.000","hPa","0.82","-0.015","0.00036","-0.00014","0","10","Humid","58.27","1","2500.00","297311.71","SADF0001000082","ABF0.1.0.10","4.0.0.2393","PSt7-10","250224-007","7/27/2025 6:28:56 PM","0000-00","0","no battery","V","","µV","","µV"
"03/05/2026","13:26:41","2","default","813736599","OXY_06","10.700","min","203.121","μmol/L","Humid","22.435","deg","70539","µV","23.956","°C","1017.000","hPa","34.9","pmil","0","55.710","deg","20.000","°C","100.000","%a.s.","22.780","deg","20.000","°C","969.000","hPa","0.82","-0.015","0.00036","-0.00014","0","10","Humid","58.27","1","2500.00","297320.08","SADF0001000082","ABF0.1.0.10","4.0.0.2393","PSt7-10","250224-007","7/27/2025 6:28:56 PM","0000-00","0","no battery","V","","µV","","µV"
"03/05/2026","13:26:43","2","default","813736599","OXY_06","10.733","min","203.224","μmol/L","Humid","22.429","deg","70541","µV","23.956","°C","1017.000","hPa","34.9","pmil","0","55.710","deg","20.000","°C","100.000","%a.s.","22.780","deg","20.000","°C","969.000","hPa","0.82","-0.015","0.00036","-0.00014","0","10","Humid","58.27","1","2500.00","297312.65","SADF0001000082","ABF0.1.0.10","4.0.0.2393","PSt7-10","250224-007","7/27/2025 6:28:56 PM","0000-00","0","no battery","V","","µV","","µV"
"03/05/2026","13:26:45","2","default","813736599","OXY_06","10.766","min","203.119","μmol/L","Humid","22.433","deg","70545","µV","23.962","°C","1017.000","hPa","34.9","pmil","0","55.710","deg","20.000","°C","100.000","%a.s.","22.780","deg","20.000","°C","969.000","hPa","0.82","-0.015","0.00036","-0.00014","0","10","Humid","58.27","1","2500.00","297307.57","SADF0001000082","ABF0.1.0.10","4.0.0.2393","PSt7-10","250224-007","7/27/2025 6:28:56 PM","0000-00","0","no battery","V","","µV","","µV"
"03/05/2026","13:26:47","2","default","813736599","OXY_06","10.800","min","203.101","μmol/L","Humid","22.432","deg","70548","µV","23.968","°C","1017.000","hPa","34.9","pmil","0","55.710","deg","20.000","°C","100.000","%a.s.","22.780","deg","20.000","°C","969.000","hPa","0.82","-0.015","0.00036","-0.00014","0","10","Humid","58.27","1","2500.00","297314.80","SADF0001000082","ABF0.1.0.10","4.0.0.2393","PSt7-10","250224-007","7/27/2025 6:28:56 PM","0000-00","0","no battery","V","","µV","","µV"
"03/05/2026","13:26:49","2","default","813736599","OXY_06","10.833","min","202.963","μmol/L","Humid","22.440","deg","70560","µV","23.968","°C","1017.000","hPa","34.9","pmil","0","55.710","deg","20.000","°C","100.000","%a.s.","22.780","deg","20.000","°C","969.000","hPa","0.82","-0.015","0.00036","-0.00014","0","10","Humid","58.27","1","2500.00","297325.84","SADF0001000082","ABF0.1.0.10","4.0.0.2393","PSt7-10","250224-007","7/27/2025 6:28:56 PM","0000-00","0","no battery","V","","µV","","µV"
"03/05/2026","13:26:51","2","default","813736599","OXY_06","10.867","min","203.085","μmol/L","Humid","22.435","deg","70558","µV","23.962","°C","1017.000","hPa","34.9","pmil","0","55.710","deg","20.000","°C","100.000","%a.s.","22.780","deg","20.000","°C","969.000","hPa","0.82","-0.015","0.00036","-0.00014","0","10","Humid","58.27","1","2500.00","297318.03","SADF0001000082","ABF0.1.0.10","4.0.0.2393","PSt7-10","250224-007","7/27/2025 6:28:56 PM","0000-00","0","no battery","V","","µV","","µV"
"03/05/2026","13:26:53","2","default","813736599","OXY_06","10.900","min","203.100","μmol/L","Humid","22.430","deg","70561","µV","23.975","°C","1017.000","hPa","34.9","pmil","0","55.710","deg","20.000","°C","100.000","%a.s.","22.780","deg","20.000","°C","969.000","hPa","0.82","-0.015","0.00036","-0.00014","0","10","Humid","58.27","1","2500.00","297305.63","SADF0001000082","ABF0.1.0.10","4.0.0.2393","PSt7-10","250224-007","7/27/2025 6:28:56 PM","0000-00","0","no battery","V","","µV","","µV"
"03/05/2026","13:26:55","2","default","813736599","OXY_06","10.933","min","203.086","μmol/L","Humid","22.437","deg","70562","µV","23.956","°C","1017.000","hPa","34.9","pmil","0","55.710","deg","20.000","°C","100.000","%a.s.","22.780","deg","20.000","°C","969.000","hPa","0.82","-0.015","0.00036","-0.00014","0","10","Humid","58.27","1","2500.00","297313.38","SADF0001000082","ABF0.1.0.10","4.0.0.2393","PSt7-10","250224-007","7/27/2025 6:28:56 PM","0000-00","0","no battery","V","","µV","","µV"
"03/05/2026","13:26:57","2","default","813736599","OXY_06","10.966","min","203.174","μmol/L","Humid","22.434","deg","70566","µV","23.950","°C","1017.000","hPa","34.9","pmil","0","55.710","deg","20.000","°C","100.000","%a.s.","22.780","deg","20.000","°C","969.000","hPa","0.82","-0.015","0.00036","-0.00014","0","10","Humid","58.27","1","2500.00","297305.86","SADF0001000082","ABF0.1.0.10","4.0.0.2393","PSt7-10","250224-007","7/27/2025 6:28:56 PM","0000-00","0","no battery","V","","µV","","µV"
"03/05/2026","13:26:59","2","default","813736599","OXY_06","11.000","min","202.965","μmol/L","Humid","22.444","deg","70574","µV","23.956","°C","1017.000","hPa","34.9","pmil","0","55.710","deg","20.000","°C","100.000","%a.s.","22.780","deg","20.000","°C","969.000","hPa","0.82","-0.015","0.00036","-0.00014","0","10","Humid","58.27","1","2500.00","297320.84","SADF0001000082","ABF0.1.0.10","4.0.0.2393","PSt7-10","250224-007","7/27/2025 6:28:56 PM","0000-00","0","no battery","V","","µV","","µV"
"03/05/2026","13:27:01","2","default","813736599","OXY_06","11.033","min","202.997","μmol/L","Humid","22.438","deg","70584","µV","23.968","°C","1017.000","hPa","34.9","pmil","0","55.710","deg","20.000","°C","100.000","%a.s.","22.780","deg","20.000","°C","969.000","hPa","0.82","-0.015","0.00036","-0.00014","0","10","Humid","58.27","1","2500.00","297315.22","SADF0001000082","ABF0.1.0.10","4.0.0.2393","PSt7-10","250224-007","7/27/2025 6:28:56 PM","0000-00","0","no battery","V","","µV","","µV"
"03/05/2026","13:27:03","2","default","813736599","OXY_06","11.067","min","202.877","μmol/L","Humid","22.447","deg","70591","µV","23.962","°C","1017.000","hPa","34.9","pmil","0","55.710","deg","20.000","°C","100.000","%a.s.","22.780","deg","20.000","°C","969.000","hPa","0.82","-0.015","0.00036","-0.00014","0","10","Humid","58.27","1","2500.00","297310.81","SADF0001000082","ABF0.1.0.10","4.0.0.2393","PSt7-10","250224-007","7/27/2025 6:28:56 PM","0000-00","0","no battery","V","","µV","","µV"
"03/05/2026","13:27:05","2","default","813736599","OXY_06","11.100","min","202.965","μmol/L","Humid","22.444","deg","70595","µV","23.956","°C","1017.000","hPa","34.9","pmil","0","55.710","deg","20.000","°C","100.000","%a.s.","22.780","deg","20.000","°C","969.000","hPa","0.82","-0.015","0.00036","-0.00014","0","10","Humid","58.27","1","2500.00","297324.14","SADF0001000082","ABF0.1.0.10","4.0.0.2393","PSt7-10","250224-007","7/27/2025 6:28:56 PM","0000-00","0","no battery","V","","µV","","µV"
"03/05/2026","13:27:07","2","default","813736599","OXY_06","11.134","min","202.877","μmol/L","Humid","22.447","deg","70601","µV","23.962","°C","1017.000","hPa","34.9","pmil","0","55.710","deg","20.000","°C","100.000","%a.s.","22.780","deg","20.000","°C","969.000","hPa","0.82","-0.015","0.00036","-0.00014","0","10","Humid","58.27","1","2500.00","297319.05","SADF0001000082","ABF0.1.0.10","4.0.0.2393","PSt7-10","250224-007","7/27/2025 6:28:56 PM","0000-00","0","no battery","V","","µV","","µV"
"03/05/2026","13:27:09","2","default","813736599","OXY_06","11.166","min","202.948","μmol/L","Humid","22.445","deg","70591","µV","23.956","°C","1017.000","hPa","34.9","pmil","0","55.710","deg","20.000","°C","100.000","%a.s.","22.780","deg","20.000","°C","969.000","hPa","0.82","-0.015","0.00036","-0.00014","0","10","Humid","58.27","1","2500.00","297313.45","SADF0001000082","ABF0.1.0.10","4.0.0.2393","PSt7-10","250224-007","7/27/2025 6:28:56 PM","0000-00","0","no battery","V","","µV","","µV"
"03/05/2026","13:27:11","2","default","813736599","OXY_06","11.200","min","202.807","μmol/L","Humid","22.449","deg","70595","µV","23.968","°C","1017.000","hPa","34.9","pmil","0","55.710","deg","20.000","°C","100.000","%a.s.","22.780","deg","20.000","°C","969.000","hPa","0.82","-0.015","0.00036","-0.00014","0","10","Humid","58.27","1","2500.00","297322.90","SADF0001000082","ABF0.1.0.10","4.0.0.2393","PSt7-10","250224-007","7/27/2025 6:28:56 PM","0000-00","0","no battery","V","","µV","","µV"
"03/05/2026","13:27:13","2","default","813736599","OXY_06","11.233","min","202.807","μmol/L","Humid","22.449","deg","70593","µV","23.968","°C","1017.000","hPa","34.9","pmil","0","55.710","deg","20.000","°C","100.000","%a.s.","22.780","deg","20.000","°C","969.000","hPa","0.82","-0.015","0.00036","-0.00014","0","10","Humid","58.27","1","2500.00","297309.26","SADF0001000082","ABF0.1.0.10","4.0.0.2393","PSt7-10","250224-007","7/27/2025 6:28:56 PM","0000-00","0","no battery","V","","µV","","µV"
"03/05/2026","13:27:15","2","default","813736599","OXY_06","11.266","min","202.893","μmol/L","Humid","22.444","deg","70612","µV","23.968","°C","1017.000","hPa","34.9","pmil","0","55.710","deg","20.000","°C","100.000","%a.s.","22.780","deg","20.000","°C","969.000","hPa","0.82","-0.015","0.00036","-0.00014","0","10","Humid","58.27","1","2500.00","297325.75","SADF0001000082","ABF0.1.0.10","4.0.0.2393","PSt7-10","250224-007","7/27/2025 6:28:56 PM","0000-00","0","no battery","V","","µV","","µV"
"03/05/2026","13:27:17","2","default","813736599","OXY_06","11.300","min","202.843","μmol/L","Humid","22.449","deg","70604","µV","23.962","°C","1017.000","hPa","34.9","pmil","0","55.710","deg","20.000","°C","100.000","%a.s.","22.780","deg","20.000","°C","969.000","hPa","0.82","-0.015","0.00036","-0.00014","0","10","Humid","58.27","1","2500.00","297319.26","SADF0001000082","ABF0.1.0.10","4.0.0.2393","PSt7-10","250224-007","7/27/2025 6:28:56 PM","0000-00","0","no battery","V","","µV","","µV"
"03/05/2026","13:27:19","2","default","813736599","OXY_06","11.333","min","202.828","μmol/L","Humid","22.454","deg","70605","µV","23.950","°C","1017.000","hPa","34.9","pmil","0","55.710","deg","20.000","°C","100.000","%a.s.","22.780","deg","20.000","°C","969.000","hPa","0.82","-0.015","0.00036","-0.00014","0","10","Humid","58.27","1","2500.00","297311.90","SADF0001000082","ABF0.1.0.10","4.0.0.2393","PSt7-10","250224-007","7/27/2025 6:28:56 PM","0000-00","0","no battery","V","","µV","","µV"
"03/05/2026","13:27:21","2","default","813736599","OXY_06","11.367","min","202.721","μmol/L","Humid","22.454","deg","70631","µV","23.968","°C","1017.000","hPa","34.9","pmil","0","55.710","deg","20.000","°C","100.000","%a.s.","22.780","deg","20.000","°C","969.000","hPa","0.82","-0.015","0.00036","-0.00014","0","10","Humid","58.27","1","2500.00","297320.85","SADF0001000082","ABF0.1.0.10","4.0.0.2393","PSt7-10","250224-007","7/27/2025 6:28:56 PM","0000-00","0","no battery","V","","µV","","µV"
"03/05/2026","13:27:23","2","default","813736599","OXY_06","11.400","min","202.828","μmol/L","Humid","22.454","deg","70629","µV","23.950","°C","1017.000","hPa","34.9","pmil","0","55.710","deg","20.000","°C","100.000","%a.s.","22.780","deg","20.000","°C","969.000","hPa","0.82","-0.015","0.00036","-0.00014","0","10","Humid","58.27","1","2500.00","297307.95","SADF0001000082","ABF0.1.0.10","4.0.0.2393","PSt7-10","250224-007","7/27/2025 6:28:56 PM","0000-00","0","no battery","V","","µV","","µV"
"03/05/2026","13:27:25","2","default","813736599","OXY_06","11.433","min","202.633","μmol/L","Humid","22.457","deg","70628","µV","23.975","°C","1017.000","hPa","34.9","pmil","0","55.710","deg","20.000","°C","100.000","%a.s.","22.780","deg","20.000","°C","969.000","hPa","0.82","-0.015","0.00036","-0.00014","0","10","Humid","58.27","1","2500.00","297310.74","SADF0001000082","ABF0.1.0.10","4.0.0.2393","PSt7-10","250224-007","7/27/2025 6:28:56 PM","0000-00","0","no battery","V","","µV","","µV"
"03/05/2026","13:27:27","2","default","813736599","OXY_06","11.466","min","202.634","μmol/L","Humid","22.459","deg","70643","µV","23.968","°C","1017.000","hPa","34.9","pmil","0","55.710","deg","20.000","°C","100.000","%a.s.","22.780","deg","20.000","°C","969.000","hPa","0.82","-0.015","0.00036","-0.00014","0","10","Humid","58.27","1","2500.00","297326.52","SADF0001000082","ABF0.1.0.10","4.0.0.2393","PSt7-10","250224-007","7/27/2025 6:28:56 PM","0000-00","0","no battery","V","","µV","","µV"
"03/05/2026","13:27:29","2","default","813736599","OXY_06","11.500","min","202.738","μmol/L","Humid","22.453","deg","70641","µV","23.968","°C","1017.000","hPa","34.9","pmil","0","55.710","deg","20.000","°C","100.000","%a.s.","22.780","deg","20.000","°C","969.000","hPa","0.82","-0.015","0.00036","-0.00014","0","10","Humid","58.27","1","2500.00","297328.40","SADF0001000082","ABF0.1.0.10","4.0.0.2393","PSt7-10","250224-007","7/27/2025 6:28:56 PM","0000-00","0","no battery","V","","µV","","µV"
"03/05/2026","13:27:31","2","default","813736599","OXY_06","11.533","min","202.670","μmol/L","Humid","22.459","deg","70639","µV","23.962","°C","1017.000","hPa","34.9","pmil","0","55.710","deg","20.000","°C","100.000","%a.s.","22.780","deg","20.000","°C","969.000","hPa","0.82","-0.015","0.00036","-0.00014","0","10","Humid","58.27","1","2500.00","297338.26","SADF0001000082","ABF0.1.0.10","4.0.0.2393","PSt7-10","250224-007","7/27/2025 6:28:56 PM","0000-00","0","no battery","V","","µV","","µV"
"03/05/2026","13:27:33","2","default","813736599","OXY_06","11.567","min","202.793","μmol/L","Humid","22.456","deg","70634","µV","23.950","°C","1017.000","hPa","34.9","pmil","0","55.710","deg","20.000","°C","100.000","%a.s.","22.780","deg","20.000","°C","969.000","hPa","0.82","-0.015","0.00036","-0.00014","0","10","Humid","58.27","1","2500.00","297326.45","SADF0001000082","ABF0.1.0.10","4.0.0.2393","PSt7-10","250224-007","7/27/2025 6:28:56 PM","0000-00","0","no battery","V","","µV","","µV"
"03/05/2026","13:27:35","2","default","813736599","OXY_06","11.600","min","202.883","μmol/L","Humid","22.457","deg","70632","µV","23.931","°C","1017.000","hPa","34.9","pmil","0","55.710","deg","20.000","°C","100.000","%a.s.","22.780","deg","20.000","°C","969.000","hPa","0.82","-0.015","0.00036","-0.00014","0","10","Humid","58.27","1","2500.00","297317.08","SADF0001000082","ABF0.1.0.10","4.0.0.2393","PSt7-10","250224-007","7/27/2025 6:28:56 PM","0000-00","0","no battery","V","","µV","","µV"
"03/05/2026","13:27:37","2","default","813736599","OXY_06","11.633","min","202.686","μmol/L","Humid","22.456","deg","70634","µV","23.968","°C","1017.000","hPa","34.9","pmil","0","55.710","deg","20.000","°C","100.000","%a.s.","22.780","deg","20.000","°C","969.000","hPa","0.82","-0.015","0.00036","-0.00014","0","10","Humid","58.27","1","2500.00","297332.65","SADF0001000082","ABF0.1.0.10","4.0.0.2393","PSt7-10","250224-007","7/27/2025 6:28:56 PM","0000-00","0","no battery","V","","µV","","µV"
"03/05/2026","13:27:39","2","default","813736599","OXY_06","11.666","min","202.564","μmol/L","Humid","22.461","deg","70643","µV","23.975","°C","1017.000","hPa","34.9","pmil","0","55.710","deg","20.000","°C","100.000","%a.s.","22.780","deg","20.000","°C","969.000","hPa","0.82","-0.015","0.00036","-0.00014","0","10","Humid","58.27","1","2500.00","297316.68","SADF0001000082","ABF0.1.0.10","4.0.0.2393","PSt7-10","250224-007","7/27/2025 6:28:56 PM","0000-00","0","no battery","V","","µV","","µV"
"03/05/2026","13:27:41","2","default","813736599","OXY_06","11.700","min","202.636","μmol/L","Humid","22.461","deg","70658","µV","23.962","°C","1017.000","hPa","34.9","pmil","0","55.710","deg","20.000","°C","100.000","%a.s.","22.780","deg","20.000","°C","969.000","hPa","0.82","-0.015","0.00036","-0.00014","0","10","Humid","58.27","1","2500.00","297328.98","SADF0001000082","ABF0.1.0.10","4.0.0.2393","PSt7-10","250224-007","7/27/2025 6:28:56 PM","0000-00","0","no battery","V","","µV","","µV"
"03/05/2026","13:27:43","2","default","813736599","OXY_06","11.734","min","202.640","μmol/L","Humid","22.469","deg","70678","µV","23.937","°C","1017.000","hPa","34.9","pmil","0","55.710","deg","20.000","°C","100.000","%a.s.","22.780","deg","20.000","°C","969.000","hPa","0.82","-0.015","0.00036","-0.00014","0","10","Humid","58.27","1","2500.00","297323.72","SADF0001000082","ABF0.1.0.10","4.0.0.2393","PSt7-10","250224-007","7/27/2025 6:28:56 PM","0000-00","0","no battery","V","","µV","","µV"
"03/05/2026","13:27:45","2","default","813736599","OXY_06","11.767","min","202.394","μmol/L","Humid","22.475","deg","70706","µV","23.962","°C","1017.000","hPa","34.9","pmil","0","55.710","deg","20.000","°C","100.000","%a.s.","22.780","deg","20.000","°C","969.000","hPa","0.82","-0.015","0.00036","-0.00014","0","10","Humid","58.27","1","2500.00","297318.67","SADF0001000082","ABF0.1.0.10","4.0.0.2393","PSt7-10","250224-007","7/27/2025 6:28:56 PM","0000-00","0","no battery","V","","µV","","µV"
"03/05/2026","13:27:47","2","default","813736599","OXY_06","11.800","min","202.221","μmol/L","Humid","22.483","deg","70713","µV","23.968","°C","1017.000","hPa","34.9","pmil","0","55.710","deg","20.000","°C","100.000","%a.s.","22.780","deg","20.000","°C","969.000","hPa","0.82","-0.015","0.00036","-0.00014","0","10","Humid","58.27","1","2500.00","297329.10","SADF0001000082","ABF0.1.0.10","4.0.0.2393","PSt7-10","250224-007","7/27/2025 6:28:56 PM","0000-00","0","no battery","V","","µV","","µV"
"03/05/2026","13:27:49","2","default","813736599","OXY_06","11.833","min","202.307","μmol/L","Humid","22.478","deg","70714","µV","23.968","°C","1017.000","hPa","34.9","pmil","0","55.710","deg","20.000","°C","100.000","%a.s.","22.780","deg","20.000","°C","969.000","hPa","0.82","-0.015","0.00036","-0.00014","0","10","Humid","58.27","1","2500.00","297317.51","SADF0001000082","ABF0.1.0.10","4.0.0.2393","PSt7-10","250224-007","7/27/2025 6:28:56 PM","0000-00","0","no battery","V","","µV","","µV"
"03/05/2026","13:27:51","2","default","813736599","OXY_06","11.867","min","202.377","μmol/L","Humid","22.476","deg","70712","µV","23.962","°C","1017.000","hPa","34.9","pmil","0","55.710","deg","20.000","°C","100.000","%a.s.","22.780","deg","20.000","°C","969.000","hPa","0.82","-0.015","0.00036","-0.00014","0","10","Humid","58.27","1","2500.00","297319.51","SADF0001000082","ABF0.1.0.10","4.0.0.2393","PSt7-10","250224-007","7/27/2025 6:28:56 PM","0000-00","0","no battery","V","","µV","","µV"
"03/05/2026","13:27:53","2","default","813736599","OXY_06","11.900","min","202.327","μmol/L","Humid","22.481","deg","70734","µV","23.956","°C","1017.000","hPa","34.9","pmil","0","55.710","deg","20.000","°C","100.000","%a.s.","22.780","deg","20.000","°C","969.000","hPa","0.82","-0.015","0.00036","-0.00014","0","10","Humid","58.27","1","2500.00","297314.50","SADF0001000082","ABF0.1.0.10","4.0.0.2393","PSt7-10","250224-007","7/27/2025 6:28:56 PM","0000-00","0","no battery","V","","µV","","µV"
"03/05/2026","13:27:55","2","default","813736599","OXY_06","11.933","min","202.136","μmol/L","Humid","22.490","deg","70741","µV","23.962","°C","1017.000","hPa","34.9","pmil","0","55.710","deg","20.000","°C","100.000","%a.s.","22.780","deg","20.000","°C","969.000","hPa","0.82","-0.015","0.00036","-0.00014","0","10","Humid","58.27","1","2500.00","297319.66","SADF0001000082","ABF0.1.0.10","4.0.0.2393","PSt7-10","250224-007","7/27/2025 6:28:56 PM","0000-00","0","no battery","V","","µV","","µV"
"03/05/2026","13:27:57","2","default","813736599","OXY_06","11.966","min","202.118","μmol/L","Humid","22.489","deg","70748","µV","23.968","°C","1017.000","hPa","34.9","pmil","0","55.710","deg","20.000","°C","100.000","%a.s.","22.780","deg","20.000","°C","969.000","hPa","0.82","-0.015","0.00036","-0.00014","0","10","Humid","58.27","1","2500.00","297317.54","SADF0001000082","ABF0.1.0.10","4.0.0.2393","PSt7-10","250224-007","7/27/2025 6:28:56 PM","0000-00","0","no battery","V","","µV","","µV"
"03/05/2026","13:27:59","2","default","813736599","OXY_06","12.000","min","202.118","μmol/L","Humid","22.489","deg","70747","µV","23.968","°C","1017.000","hPa","34.9","pmil","0","55.710","deg","20.000","°C","100.000","%a.s.","22.780","deg","20.000","°C","969.000","hPa","0.82","-0.015","0.00036","-0.00014","0","10","Humid","58.27","1","2500.00","297310.70","SADF0001000082","ABF0.1.0.10","4.0.0.2393","PSt7-10","250224-007","7/27/2025 6:28:56 PM","0000-00","0","no battery","V","","µV","","µV"
"03/05/2026","13:28:01","2","default","813736599","OXY_06","12.033","min","202.135","μmol/L","Humid","22.488","deg","70752","µV","23.968","°C","1017.000","hPa","34.9","pmil","0","55.710","deg","20.000","°C","100.000","%a.s.","22.780","deg","20.000","°C","969.000","hPa","0.82","-0.015","0.00036","-0.00014","0","10","Humid","58.27","1","2500.00","297313.38","SADF0001000082","ABF0.1.0.10","4.0.0.2393","PSt7-10","250224-007","7/27/2025 6:28:56 PM","0000-00","0","no battery","V","","µV","","µV"
"03/05/2026","13:28:03","2","default","813736599","OXY_06","12.066","min","202.049","μmol/L","Humid","22.493","deg","70765","µV","23.968","°C","1017.000","hPa","34.9","pmil","0","55.710","deg","20.000","°C","100.000","%a.s.","22.780","deg","20.000","°C","969.000","hPa","0.82","-0.015","0.00036","-0.00014","0","10","Humid","58.27","1","2500.00","297307.80","SADF0001000082","ABF0.1.0.10","4.0.0.2393","PSt7-10","250224-007","7/27/2025 6:28:56 PM","0000-00","0","no battery","V","","µV","","µV"
"03/05/2026","13:28:05","2","default","813736599","OXY_06","12.100","min","202.013","μmol/L","Humid","22.493","deg","70763","µV","23.975","°C","1017.000","hPa","34.9","pmil","0","55.710","deg","20.000","°C","100.000","%a.s.","22.780","deg","20.000","°C","969.000","hPa","0.82","-0.015","0.00036","-0.00014","0","10","Humid","58.27","1","2500.00","297314.96","SADF0001000082","ABF0.1.0.10","4.0.0.2393","PSt7-10","250224-007","7/27/2025 6:28:56 PM","0000-00","0","no battery","V","","µV","","µV"
"03/05/2026","13:28:07","2","default","813736599","OXY_06","12.133","min","201.945","μmol/L","Humid","22.497","deg","70769","µV","23.975","°C","1017.000","hPa","34.9","pmil","0","55.710","deg","20.000","°C","100.000","%a.s.","22.780","deg","20.000","°C","969.000","hPa","0.82","-0.015","0.00036","-0.00014","0","10","Humid","58.27","1","2500.00","297315.41","SADF0001000082","ABF0.1.0.10","4.0.0.2393","PSt7-10","250224-007","7/27/2025 6:28:56 PM","0000-00","0","no battery","V","","µV","","µV"
"03/05/2026","13:28:09","2","default","813736599","OXY_06","12.167","min","202.120","μmol/L","Humid","22.493","deg","70774","µV","23.956","°C","1017.000","hPa","34.9","pmil","0","55.710","deg","20.000","°C","100.000","%a.s.","22.780","deg","20.000","°C","969.000","hPa","0.82","-0.015","0.00036","-0.00014","0","10","Humid","58.27","1","2500.00","297315.10","SADF0001000082","ABF0.1.0.10","4.0.0.2393","PSt7-10","250224-007","7/27/2025 6:28:56 PM","0000-00","0","no battery","V","","µV","","µV"
"03/05/2026","13:28:11","2","default","813736599","OXY_06","12.200","min","201.981","μmol/L","Humid","22.499","deg","70775","µV","23.962","°C","1017.000","hPa","34.9","pmil","0","55.710","deg","20.000","°C","100.000","%a.s.","22.780","deg","20.000","°C","969.000","hPa","0.82","-0.015","0.00036","-0.00014","0","10","Humid","58.27","1","2500.00","297313.50","SADF0001000082","ABF0.1.0.10","4.0.0.2393","PSt7-10","250224-007","7/27/2025 6:28:56 PM","0000-00","0","no battery","V","","µV","","µV"
"03/05/2026","13:28:13","2","default","813736599","OXY_06","12.233","min","202.032","μmol/L","Humid","22.494","deg","70778","µV","23.968","°C","1017.000","hPa","34.9","pmil","0","55.710","deg","20.000","°C","100.000","%a.s.","22.780","deg","20.000","°C","969.000","hPa","0.82","-0.015","0.00036","-0.00014","0","10","Humid","58.27","1","2500.00","297305.97","SADF0001000082","ABF0.1.0.10","4.0.0.2393","PSt7-10","250224-007","7/27/2025 6:28:56 PM","0000-00","0","no battery","V","","µV","","µV"
"03/05/2026","13:28:15","2","default","813736599","OXY_06","12.266","min","202.053","μmol/L","Humid","22.499","deg","70787","µV","23.950","°C","1017.000","hPa","34.9","pmil","0","55.710","deg","20.000","°C","100.000","%a.s.","22.780","deg","20.000","°C","969.000","hPa","0.82","-0.015","0.00036","-0.00014","0","10","Humid","58.27","1","2500.00","297322.29","SADF0001000082","ABF0.1.0.10","4.0.0.2393","PSt7-10","250224-007","7/27/2025 6:28:56 PM","0000-00","0","no battery","V","","µV","","µV"
"03/05/2026","13:28:17","2","default","813736599","OXY_06","12.300","min","202.139","μmol/L","Humid","22.494","deg","70787","µV","23.950","°C","1017.000","hPa","34.9","pmil","0","55.710","deg","20.000","°C","100.000","%a.s.","22.780","deg","20.000","°C","969.000","hPa","0.82","-0.015","0.00036","-0.00014","0","10","Humid","58.27","1","2500.00","297311.21","SADF0001000082","ABF0.1.0.10","4.0.0.2393","PSt7-10","250224-007","7/27/2025 6:28:56 PM","0000-00","0","no battery","V","","µV","","µV"
"03/05/2026","13:28:19","2","default","813736599","OXY_06","12.334","min","201.983","μmol/L","Humid","22.501","deg","70800","µV","23.956","°C","1017.000","hPa","34.9","pmil","0","55.710","deg","20.000","°C","100.000","%a.s.","22.780","deg","20.000","°C","969.000","hPa","0.82","-0.015","0.00036","-0.00014","0","10","Humid","58.27","1","2500.00","297323.95","SADF0001000082","ABF0.1.0.10","4.0.0.2393","PSt7-10","250224-007","7/27/2025 6:28:56 PM","0000-00","0","no battery","V","","µV","","µV"
"03/05/2026","13:28:21","2","default","813736599","OXY_06","12.366","min","201.896","μmol/L","Humid","22.504","deg","70806","µV","23.962","°C","1017.000","hPa","34.9","pmil","0","55.710","deg","20.000","°C","100.000","%a.s.","22.780","deg","20.000","°C","969.000","hPa","0.82","-0.015","0.00036","-0.00014","0","10","Humid","58.27","1","2500.00","297317.38","SADF0001000082","ABF0.1.0.10","4.0.0.2393","PSt7-10","250224-007","7/27/2025 6:28:56 PM","0000-00","0","no battery","V","","µV","","µV"
"03/05/2026","13:28:23","2","default","813736599","OXY_06","12.400","min","201.950","μmol/L","Humid","22.505","deg","70818","µV","23.950","°C","1017.000","hPa","34.9","pmil","0","55.710","deg","20.000","°C","100.000","%a.s.","22.780","deg","20.000","°C","969.000","hPa","0.82","-0.015","0.00036","-0.00014","0","10","Humid","58.27","1","2500.00","297318.48","SADF0001000082","ABF0.1.0.10","4.0.0.2393","PSt7-10","250224-007","7/27/2025 6:28:56 PM","0000-00","0","no battery","V","","µV","","µV"
"03/05/2026","13:28:25","2","default","813736599","OXY_06","12.433","min","201.843","μmol/L","Humid","22.505","deg","70815","µV","23.968","°C","1017.000","hPa","34.9","pmil","0","55.710","deg","20.000","°C","100.000","%a.s.","22.780","deg","20.000","°C","969.000","hPa","0.82","-0.015","0.00036","-0.00014","0","10","Humid","58.27","1","2500.00","297318.69","SADF0001000082","ABF0.1.0.10","4.0.0.2393","PSt7-10","250224-007","7/27/2025 6:28:56 PM","0000-00","0","no battery","V","","µV","","µV"
"03/05/2026","13:28:27","2","default","813736599","OXY_06","12.467","min","202.020","μmol/L","Humid","22.503","deg","70813","µV","23.944","°C","1017.000","hPa","34.9","pmil","0","55.710","deg","20.000","°C","100.000","%a.s.","22.780","deg","20.000","°C","969.000","hPa","0.82","-0.015","0.00036","-0.00014","0","10","Humid","58.27","1","2500.00","297314.24","SADF0001000082","ABF0.1.0.10","4.0.0.2393","PSt7-10","250224-007","7/27/2025 6:28:56 PM","0000-00","0","no battery","V","","µV","","µV"
"03/05/2026","13:28:29","2","default","813736599","OXY_06","12.500","min","201.706","μmol/L","Humid","22.513","deg","70815","µV","23.968","°C","1017.000","hPa","34.9","pmil","0","55.710","deg","20.000","°C","100.000","%a.s.","22.780","deg","20.000","°C","969.000","hPa","0.82","-0.015","0.00036","-0.00014","0","10","Humid","58.27","1","2500.00","297304.94","SADF0001000082","ABF0.1.0.10","4.0.0.2393","PSt7-10","250224-007","7/27/2025 6:28:56 PM","0000-00","0","no battery","V","","µV","","µV"
"03/05/2026","13:28:31","2","default","813736599","OXY_06","12.533","min","201.896","μmol/L","Humid","22.504","deg","70817","µV","23.962","°C","1017.000","hPa","34.9","pmil","0","55.710","deg","20.000","°C","100.000","%a.s.","22.780","deg","20.000","°C","969.000","hPa","0.82","-0.015","0.00036","-0.00014","0","10","Humid","58.27","1","2500.00","297326.28","SADF0001000082","ABF0.1.0.10","4.0.0.2393","PSt7-10","250224-007","7/27/2025 6:28:56 PM","0000-00","0","no battery","V","","µV","","µV"
"03/05/2026","13:28:33","2","default","813736599","OXY_06","12.567","min","201.827","μmol/L","Humid","22.508","deg","70822","µV","23.962","°C","1017.000","hPa","34.9","pmil","0","55.710","deg","20.000","°C","100.000","%a.s.","22.780","deg","20.000","°C","969.000","hPa","0.82","-0.015","0.00036","-0.00014","0","10","Humid","58.27","1","2500.00","297318.45","SADF0001000082","ABF0.1.0.10","4.0.0.2393","PSt7-10","250224-007","7/27/2025 6:28:56 PM","0000-00","0","no battery","V","","µV","","µV"
"03/05/2026","13:28:35","2","default","813736599","OXY_06","12.600","min","201.807","μmol/L","Humid","22.505","deg","70815","µV","23.975","°C","1017.000","hPa","34.9","pmil","0","55.710","deg","20.000","°C","100.000","%a.s.","22.780","deg","20.000","°C","969.000","hPa","0.82","-0.015","0.00036","-0.00014","0","10","Humid","58.27","1","2500.00","297303.91","SADF0001000082","ABF0.1.0.10","4.0.0.2393","PSt7-10","250224-007","7/27/2025 6:28:56 PM","0000-00","0","no battery","V","","µV","","µV"
"03/05/2026","13:28:37","2","default","813736599","OXY_06","12.633","min","201.773","μmol/L","Humid","22.507","deg","70819","µV","23.975","°C","1017.000","hPa","34.9","pmil","0","55.710","deg","20.000","°C","100.000","%a.s.","22.780","deg","20.000","°C","969.000","hPa","0.82","-0.015","0.00036","-0.00014","0","10","Humid","58.27","1","2500.00","297326.36","SADF0001000082","ABF0.1.0.10","4.0.0.2393","PSt7-10","250224-007","7/27/2025 6:28:56 PM","0000-00","0","no battery","V","","µV","","µV"
"03/05/2026","13:28:39","2","default","813736599","OXY_06","12.666","min","201.774","μmol/L","Humid","22.509","deg","70821","µV","23.968","°C","1017.000","hPa","34.9","pmil","0","55.710","deg","20.000","°C","100.000","%a.s.","22.780","deg","20.000","°C","969.000","hPa","0.82","-0.015","0.00036","-0.00014","0","10","Humid","58.27","1","2500.00","297320.24","SADF0001000082","ABF0.1.0.10","4.0.0.2393","PSt7-10","250224-007","7/27/2025 6:28:56 PM","0000-00","0","no battery","V","","µV","","µV"
"03/05/2026","13:28:41","2","default","813736599","OXY_06","12.700","min","201.826","μmol/L","Humid","22.506","deg","70827","µV","23.968","°C","1017.000","hPa","34.9","pmil","0","55.710","deg","20.000","°C","100.000","%a.s.","22.780","deg","20.000","°C","969.000","hPa","0.82","-0.015","0.00036","-0.00014","0","10","Humid","58.27","1","2500.00","297313.87","SADF0001000082","ABF0.1.0.10","4.0.0.2393","PSt7-10","250224-007","7/27/2025 6:28:56 PM","0000-00","0","no battery","V","","µV","","µV"
"03/05/2026","13:28:43","2","default","813736599","OXY_06","12.734","min","201.951","μmol/L","Humid","22.507","deg","70831","µV","23.944","°C","1017.000","hPa","34.9","pmil","0","55.710","deg","20.000","°C","100.000","%a.s.","22.780","deg","20.000","°C","969.000","hPa","0.82","-0.015","0.00036","-0.00014","0","10","Humid","58.27","1","2500.00","297317.83","SADF0001000082","ABF0.1.0.10","4.0.0.2393","PSt7-10","250224-007","7/27/2025 6:28:56 PM","0000-00","0","no battery","V","","µV","","µV"
"03/05/2026","13:28:45","2","default","813736599","OXY_06","12.766","min","201.793","μmol/L","Humid","22.510","deg","70829","µV","23.962","°C","1017.000","hPa","34.9","pmil","0","55.710","deg","20.000","°C","100.000","%a.s.","22.780","deg","20.000","°C","969.000","hPa","0.82","-0.015","0.00036","-0.00014","0","10","Humid","58.27","1","2500.00","297307.72","SADF0001000082","ABF0.1.0.10","4.0.0.2393","PSt7-10","250224-007","7/27/2025 6:28:56 PM","0000-00","0","no battery","V","","µV","","µV"
"03/05/2026","13:28:47","2","default","813736599","OXY_06","12.800","min","201.811","μmol/L","Humid","22.511","deg","70832","µV","23.956","°C","1017.000","hPa","34.9","pmil","0","55.710","deg","20.000","°C","100.000","%a.s.","22.780","deg","20.000","°C","969.000","hPa","0.82","-0.015","0.00036","-0.00014","0","10","Humid","58.27","1","2500.00","297316.77","SADF0001000082","ABF0.1.0.10","4.0.0.2393","PSt7-10","250224-007","7/27/2025 6:28:56 PM","0000-00","0","no battery","V","","µV","","µV"
"03/05/2026","13:28:49","2","default","813736599","OXY_06","12.833","min","201.777","μmol/L","Humid","22.513","deg","70839","µV","23.956","°C","1017.000","hPa","34.9","pmil","0","55.710","deg","20.000","°C","100.000","%a.s.","22.780","deg","20.000","°C","969.000","hPa","0.82","-0.015","0.00036","-0.00014","0","10","Humid","58.27","1","2500.00","297321.57","SADF0001000082","ABF0.1.0.10","4.0.0.2393","PSt7-10","250224-007","7/27/2025 6:28:56 PM","0000-00","0","no battery","V","","µV","","µV"
"03/05/2026","13:28:51","2","default","813736599","OXY_06","12.867","min","201.831","μmol/L","Humid","22.514","deg","70843","µV","23.944","°C","1017.000","hPa","34.9","pmil","0","55.710","deg","20.000","°C","100.000","%a.s.","22.780","deg","20.000","°C","969.000","hPa","0.82","-0.015","0.00036","-0.00014","0","10","Humid","58.27","1","2500.00","297312.37","SADF0001000082","ABF0.1.0.10","4.0.0.2393","PSt7-10","250224-007","7/27/2025 6:28:56 PM","0000-00","0","no battery","V","","µV","","µV"
"03/05/2026","13:28:53","2","default","813736599","OXY_06","12.900","min","201.812","μmol/L","Humid","22.513","deg","70852","µV","23.950","°C","1017.000","hPa","34.9","pmil","0","55.710","deg","20.000","°C","100.000","%a.s.","22.780","deg","20.000","°C","969.000","hPa","0.82","-0.015","0.00036","-0.00014","0","10","Humid","58.27","1","2500.00","297315.65","SADF0001000082","ABF0.1.0.10","4.0.0.2393","PSt7-10","250224-007","7/27/2025 6:28:56 PM","0000-00","0","no battery","V","","µV","","µV"
"03/05/2026","13:28:55","2","default","813736599","OXY_06","12.933","min","201.741","μmol/L","Humid","22.513","deg","70859","µV","23.962","°C","1017.000","hPa","34.9","pmil","0","55.710","deg","20.000","°C","100.000","%a.s.","22.780","deg","20.000","°C","969.000","hPa","0.82","-0.015","0.00036","-0.00014","0","10","Humid","58.27","1","2500.00","297313.01","SADF0001000082","ABF0.1.0.10","4.0.0.2393","PSt7-10","250224-007","7/27/2025 6:28:56 PM","0000-00","0","no battery","V","","µV","","µV"
"03/05/2026","13:28:57","2","default","813736599","OXY_06","12.967","min","201.586","μmol/L","Humid","22.520","deg","70862","µV","23.968","°C","1017.000","hPa","34.9","pmil","0","55.710","deg","20.000","°C","100.000","%a.s.","22.780","deg","20.000","°C","969.000","hPa","0.82","-0.015","0.00036","-0.00014","0","10","Humid","58.27","1","2500.00","297319.67","SADF0001000082","ABF0.1.0.10","4.0.0.2393","PSt7-10","250224-007","7/27/2025 6:28:56 PM","0000-00","0","no battery","V","","µV","","µV"
"03/05/2026","13:28:59","2","default","813736599","OXY_06","13.000","min","201.621","μmol/L","Humid","22.520","deg","70867","µV","23.962","°C","1017.000","hPa","34.9","pmil","0","55.710","deg","20.000","°C","100.000","%a.s.","22.780","deg","20.000","°C","969.000","hPa","0.82","-0.015","0.00036","-0.00014","0","10","Humid","58.27","1","2500.00","297308.81","SADF0001000082","ABF0.1.0.10","4.0.0.2393","PSt7-10","250224-007","7/27/2025 6:28:56 PM","0000-00","0","no battery","V","","µV","","µV"
"03/05/2026","13:29:01","2","default","813736599","OXY_06","13.033","min","201.604","μmol/L","Humid","22.521","deg","70865","µV","23.962","°C","1017.000","hPa","34.9","pmil","0","55.710","deg","20.000","°C","100.000","%a.s.","22.780","deg","20.000","°C","969.000","hPa","0.82","-0.015","0.00036","-0.00014","0","10","Humid","58.27","1","2500.00","297306.62","SADF0001000082","ABF0.1.0.10","4.0.0.2393","PSt7-10","250224-007","7/27/2025 6:28:56 PM","0000-00","0","no battery","V","","µV","","µV"
"03/05/2026","13:29:03","2","default","813736599","OXY_06","13.066","min","201.638","μmol/L","Humid","22.519","deg","70863","µV","23.962","°C","1017.000","hPa","34.9","pmil","0","55.710","deg","20.000","°C","100.000","%a.s.","22.780","deg","20.000","°C","969.000","hPa","0.82","-0.015","0.00036","-0.00014","0","10","Humid","58.27","1","2500.00","297311.83","SADF0001000082","ABF0.1.0.10","4.0.0.2393","PSt7-10","250224-007","7/27/2025 6:28:56 PM","0000-00","0","no battery","V","","µV","","µV"
"03/05/2026","13:29:05","2","default","813736599","OXY_06","13.100","min","201.447","μmol/L","Humid","22.526","deg","70872","µV","23.975","°C","1017.000","hPa","34.9","pmil","0","55.710","deg","20.000","°C","100.000","%a.s.","22.780","deg","20.000","°C","969.000","hPa","0.82","-0.015","0.00036","-0.00014","0","10","Humid","58.27","1","2500.00","297307.88","SADF0001000082","ABF0.1.0.10","4.0.0.2393","PSt7-10","250224-007","7/27/2025 6:28:56 PM","0000-00","0","no battery","V","","µV","","µV"
"03/05/2026","13:29:07","2","default","813736599","OXY_06","13.134","min","201.799","μmol/L","Humid","22.520","deg","70877","µV","23.931","°C","1017.000","hPa","34.9","pmil","0","55.710","deg","20.000","°C","100.000","%a.s.","22.780","deg","20.000","°C","969.000","hPa","0.82","-0.015","0.00036","-0.00014","0","10","Humid","58.27","1","2500.00","297311.54","SADF0001000082","ABF0.1.0.10","4.0.0.2393","PSt7-10","250224-007","7/27/2025 6:28:56 PM","0000-00","0","no battery","V","","µV","","µV"
"03/05/2026","13:29:09","2","default","813736599","OXY_06","13.166","min","201.451","μmol/L","Humid","22.532","deg","70878","µV","23.956","°C","1017.000","hPa","34.9","pmil","0","55.710","deg","20.000","°C","100.000","%a.s.","22.780","deg","20.000","°C","969.000","hPa","0.82","-0.015","0.00036","-0.00014","0","10","Humid","58.27","1","2500.00","297305.44","SADF0001000082","ABF0.1.0.10","4.0.0.2393","PSt7-10","250224-007","7/27/2025 6:28:56 PM","0000-00","0","no battery","V","","µV","","µV"
"03/05/2026","13:29:11","2","default","813736599","OXY_06","13.200","min","201.447","μmol/L","Humid","22.526","deg","70887","µV","23.975","°C","1017.000","hPa","34.9","pmil","0","55.710","deg","20.000","°C","100.000","%a.s.","22.780","deg","20.000","°C","969.000","hPa","0.82","-0.015","0.00036","-0.00014","0","10","Humid","58.27","1","2500.00","297319.92","SADF0001000082","ABF0.1.0.10","4.0.0.2393","PSt7-10","250224-007","7/27/2025 6:28:56 PM","0000-00","0","no battery","V","","µV","","µV"
"03/05/2026","13:29:13","2","default","813736599","OXY_06","13.233","min","201.622","μmol/L","Humid","22.522","deg","70889","µV","23.956","°C","1017.000","hPa","34.9","pmil","0","55.710","deg","20.000","°C","100.000","%a.s.","22.780","deg","20.000","°C","969.000","hPa","0.82","-0.015","0.00036","-0.00014","0","10","Humid","58.27","1","2500.00","297301.77","SADF0001000082","ABF0.1.0.10","4.0.0.2393","PSt7-10","250224-007","7/27/2025 6:28:56 PM","0000-00","0","no battery","V","","µV","","µV"
"03/05/2026","13:29:15","2","default","813736599","OXY_06","13.267","min","201.537","μmol/L","Humid","22.527","deg","70897","µV","23.956","°C","1017.000","hPa","34.9","pmil","0","55.710","deg","20.000","°C","100.000","%a.s.","22.780","deg","20.000","°C","969.000","hPa","0.82","-0.015","0.00036","-0.00014","0","10","Humid","58.27","1","2500.00","297324.10","SADF0001000082","ABF0.1.0.10","4.0.0.2393","PSt7-10","250224-007","7/27/2025 6:28:56 PM","0000-00","0","no battery","V","","µV","","µV"
"03/05/2026","13:29:17","2","default","813736599","OXY_06","13.300","min","201.468","μmol/L","Humid","22.531","deg","70911","µV","23.956","°C","1017.000","hPa","34.9","pmil","0","55.710","deg","20.000","°C","100.000","%a.s.","22.780","deg","20.000","°C","969.000","hPa","0.82","-0.015","0.00036","-0.00014","0","10","Humid","58.27","1","2500.00","297316.62","SADF0001000082","ABF0.1.0.10","4.0.0.2393","PSt7-10","250224-007","7/27/2025 6:28:56 PM","0000-00","0","no battery","V","","µV","","µV"
"03/05/2026","13:29:19","2","default","813736599","OXY_06","13.333","min","201.452","μmol/L","Humid","22.534","deg","70918","µV","23.950","°C","1017.000","hPa","34.9","pmil","0","55.710","deg","20.000","°C","100.000","%a.s.","22.780","deg","20.000","°C","969.000","hPa","0.82","-0.015","0.00036","-0.00014","0","10","Humid","58.27","1","2500.00","297330.53","SADF0001000082","ABF0.1.0.10","4.0.0.2393","PSt7-10","250224-007","7/27/2025 6:28:56 PM","0000-00","0","no battery","V","","µV","","µV"
"03/05/2026","13:29:21","2","default","813736599","OXY_06","13.366","min","201.384","μmol/L","Humid","22.538","deg","70919","µV","23.950","°C","1017.000","hPa","34.9","pmil","0","55.710","deg","20.000","°C","100.000","%a.s.","22.780","deg","20.000","°C","969.000","hPa","0.82","-0.015","0.00036","-0.00014","0","10","Humid","58.27","1","2500.00","297315.76","SADF0001000082","ABF0.1.0.10","4.0.0.2393","PSt7-10","250224-007","7/27/2025 6:28:56 PM","0000-00","0","no battery","V","","µV","","µV"
"03/05/2026","13:29:23","2","default","813736599","OXY_06","13.400","min","201.400","μmol/L","Humid","22.535","deg","70922","µV","23.956","°C","1017.000","hPa","34.9","pmil","0","55.710","deg","20.000","°C","100.000","%a.s.","22.780","deg","20.000","°C","969.000","hPa","0.82","-0.015","0.00036","-0.00014","0","10","Humid","58.27","1","2500.00","297324.68","SADF0001000082","ABF0.1.0.10","4.0.0.2393","PSt7-10","250224-007","7/27/2025 6:28:56 PM","0000-00","0","no battery","V","","µV","","µV"
"03/05/2026","13:29:25","2","default","813736599","OXY_06","13.433","min","201.314","μmol/L","Humid","22.540","deg","70941","µV","23.956","°C","1017.000","hPa","34.9","pmil","0","55.710","deg","20.000","°C","100.000","%a.s.","22.780","deg","20.000","°C","969.000","hPa","0.82","-0.015","0.00036","-0.00014","0","10","Humid","58.27","1","2500.00","297330.53","SADF0001000082","ABF0.1.0.10","4.0.0.2393","PSt7-10","250224-007","7/27/2025 6:28:56 PM","0000-00","0","no battery","V","","µV","","µV"
"03/05/2026","13:29:27","2","default","813736599","OXY_06","13.466","min","201.159","μmol/L","Humid","22.547","deg","70953","µV","23.962","°C","1017.000","hPa","34.9","pmil","0","55.710","deg","20.000","°C","100.000","%a.s.","22.780","deg","20.000","°C","969.000","hPa","0.82","-0.015","0.00036","-0.00014","0","10","Humid","58.27","1","2500.00","297306.89","SADF0001000082","ABF0.1.0.10","4.0.0.2393","PSt7-10","250224-007","7/27/2025 6:28:56 PM","0000-00","0","no battery","V","","µV","","µV"
"03/05/2026","13:29:29","2","default","813736599","OXY_06","13.500","min","201.105","μmol/L","Humid","22.546","deg","70962","µV","23.975","°C","1017.000","hPa","34.9","pmil","0","55.710","deg","20.000","°C","100.000","%a.s.","22.780","deg","20.000","°C","969.000","hPa","0.82","-0.015","0.00036","-0.00014","0","10","Humid","58.27","1","2500.00","297326.39","SADF0001000082","ABF0.1.0.10","4.0.0.2393","PSt7-10","250224-007","7/27/2025 6:28:56 PM","0000-00","0","no battery","V","","µV","","µV"
"03/05/2026","13:29:31","2","default","813736599","OXY_06","13.533","min","201.090","μmol/L","Humid","22.551","deg","70965","µV","23.962","°C","1017.000","hPa","34.9","pmil","0","55.710","deg","20.000","°C","100.000","%a.s.","22.780","deg","20.000","°C","969.000","hPa","0.82","-0.015","0.00036","-0.00014","0","10","Humid","58.27","1","2500.00","297324.60","SADF0001000082","ABF0.1.0.10","4.0.0.2393","PSt7-10","250224-007","7/27/2025 6:28:56 PM","0000-00","0","no battery","V","","µV","","µV"
"03/05/2026","13:29:33","2","default","813736599","OXY_06","13.567","min","201.156","μmol/L","Humid","22.543","deg","70968","µV","23.975","°C","1017.000","hPa","34.9","pmil","0","55.710","deg","20.000","°C","100.000","%a.s.","22.780","deg","20.000","°C","969.000","hPa","0.82","-0.015","0.00036","-0.00014","0","10","Humid","58.27","1","2500.00","297324.96","SADF0001000082","ABF0.1.0.10","4.0.0.2393","PSt7-10","250224-007","7/27/2025 6:28:56 PM","0000-00","0","no battery","V","","µV","","µV"
"03/05/2026","13:29:35","2","default","813736599","OXY_06","13.600","min","201.072","μmol/L","Humid","22.550","deg","70966","µV","23.968","°C","1017.000","hPa","34.9","pmil","0","55.710","deg","20.000","°C","100.000","%a.s.","22.780","deg","20.000","°C","969.000","hPa","0.82","-0.015","0.00036","-0.00014","0","10","Humid","58.27","1","2500.00","297312.98","SADF0001000082","ABF0.1.0.10","4.0.0.2393","PSt7-10","250224-007","7/27/2025 6:28:56 PM","0000-00","0","no battery","V","","µV","","µV"
"03/05/2026","13:29:37","2","default","813736599","OXY_06","13.633","min","201.194","μmol/L","Humid","22.547","deg","70960","µV","23.956","°C","1017.000","hPa","34.9","pmil","0","55.710","deg","20.000","°C","100.000","%a.s.","22.780","deg","20.000","°C","969.000","hPa","0.82","-0.015","0.00036","-0.00014","0","10","Humid","58.27","1","2500.00","297324.94","SADF0001000082","ABF0.1.0.10","4.0.0.2393","PSt7-10","250224-007","7/27/2025 6:28:56 PM","0000-00","0","no battery","V","","µV","","µV"
"03/05/2026","13:29:39","2","default","813736599","OXY_06","13.667","min","201.175","μmol/L","Humid","22.544","deg","70960","µV","23.968","°C","1017.000","hPa","34.9","pmil","0","55.710","deg","20.000","°C","100.000","%a.s.","22.780","deg","20.000","°C","969.000","hPa","0.82","-0.015","0.00036","-0.00014","0","10","Humid","58.27","1","2500.00","297325.95","SADF0001000082","ABF0.1.0.10","4.0.0.2393","PSt7-10","250224-007","7/27/2025 6:28:56 PM","0000-00","0","no battery","V","","µV","","µV"
"03/05/2026","13:29:41","2","default","813736599","OXY_06","13.700","min","201.156","μmol/L","Humid","22.543","deg","70967","µV","23.975","°C","1017.000","hPa","34.9","pmil","0","55.710","deg","20.000","°C","100.000","%a.s.","22.780","deg","20.000","°C","969.000","hPa","0.82","-0.015","0.00036","-0.00014","0","10","Humid","58.27","1","2500.00","297332.57","SADF0001000082","ABF0.1.0.10","4.0.0.2393","PSt7-10","250224-007","7/27/2025 6:28:56 PM","0000-00","0","no battery","V","","µV","","µV"
"03/05/2026","13:29:43","2","default","813736599","OXY_06","13.733","min","201.089","μmol/L","Humid","22.549","deg","70959","µV","23.968","°C","1017.000","hPa","34.9","pmil","0","55.710","deg","20.000","°C","100.000","%a.s.","22.780","deg","20.000","°C","969.000","hPa","0.82","-0.015","0.00036","-0.00014","0","10","Humid","58.27","1","2500.00","297313.91","SADF0001000082","ABF0.1.0.10","4.0.0.2393","PSt7-10","250224-007","7/27/2025 6:28:56 PM","0000-00","0","no battery","V","","µV","","µV"
"03/05/2026","13:29:45","2","default","813736599","OXY_06","13.766","min","201.194","μmol/L","Humid","22.547","deg","70964","µV","23.956","°C","1017.000","hPa","34.9","pmil","0","55.710","deg","20.000","°C","100.000","%a.s.","22.780","deg","20.000","°C","969.000","hPa","0.82","-0.015","0.00036","-0.00014","0","10","Humid","58.27","1","2500.00","297318.22","SADF0001000082","ABF0.1.0.10","4.0.0.2393","PSt7-10","250224-007","7/27/2025 6:28:56 PM","0000-00","0","no battery","V","","µV","","µV"
"03/05/2026","13:29:47","2","default","813736599","OXY_06","13.800","min","201.090","μmol/L","Humid","22.551","deg","70971","µV","23.962","°C","1017.000","hPa","34.9","pmil","0","55.710","deg","20.000","°C","100.000","%a.s.","22.780","deg","20.000","°C","969.000","hPa","0.82","-0.015","0.00036","-0.00014","0","10","Humid","58.27","1","2500.00","297332.13","SADF0001000082","ABF0.1.0.10","4.0.0.2393","PSt7-10","250224-007","7/27/2025 6:28:56 PM","0000-00","0","no battery","V","","µV","","µV"
"03/05/2026","13:29:49","2","default","813736599","OXY_06","13.833","min","201.147","μmol/L","Humid","22.556","deg","70984","µV","23.937","°C","1017.000","hPa","34.9","pmil","0","55.710","deg","20.000","°C","100.000","%a.s.","22.780","deg","20.000","°C","969.000","hPa","0.82","-0.015","0.00036","-0.00014","0","10","Humid","58.27","1","2500.00","297314.75","SADF0001000082","ABF0.1.0.10","4.0.0.2393","PSt7-10","250224-007","7/27/2025 6:28:56 PM","0000-00","0","no battery","V","","µV","","µV"
"03/05/2026","13:29:51","2","default","813736599","OXY_06","13.867","min","201.023","μmol/L","Humid","22.557","deg","71005","µV","23.956","°C","1017.000","hPa","34.9","pmil","0","55.710","deg","20.000","°C","100.000","%a.s.","22.780","deg","20.000","°C","969.000","hPa","0.82","-0.015","0.00036","-0.00014","0","10","Humid","58.27","1","2500.00","297325.00","SADF0001000082","ABF0.1.0.10","4.0.0.2393","PSt7-10","250224-007","7/27/2025 6:28:56 PM","0000-00","0","no battery","V","","µV","","µV"
"03/05/2026","13:29:53","2","default","813736599","OXY_06","13.899","min","201.059","μmol/L","Humid","22.557","deg","71018","µV","23.950","°C","1017.000","hPa","34.9","pmil","0","55.710","deg","20.000","°C","100.000","%a.s.","22.780","deg","20.000","°C","969.000","hPa","0.82","-0.015","0.00036","-0.00014","0","10","Humid","58.27","1","2500.00","297325.37","SADF0001000082","ABF0.1.0.10","4.0.0.2393","PSt7-10","250224-007","7/27/2025 6:28:56 PM","0000-00","0","no battery","V","","µV","","µV"
"03/05/2026","13:29:55","2","default","813736599","OXY_06","13.933","min","200.940","μmol/L","Humid","22.566","deg","71030","µV","23.944","°C","1017.000","hPa","34.9","pmil","0","55.710","deg","20.000","°C","100.000","%a.s.","22.780","deg","20.000","°C","969.000","hPa","0.82","-0.015","0.00036","-0.00014","0","10","Humid","58.27","1","2500.00","297318.29","SADF0001000082","ABF0.1.0.10","4.0.0.2393","PSt7-10","250224-007","7/27/2025 6:28:56 PM","0000-00","0","no battery","V","","µV","","µV"
"03/05/2026","13:29:57","2","default","813736599","OXY_06","13.966","min","200.889","μmol/L","Humid","22.569","deg","71046","µV","23.944","°C","1017.000","hPa","34.9","pmil","0","55.710","deg","20.000","°C","100.000","%a.s.","22.780","deg","20.000","°C","969.000","hPa","0.82","-0.015","0.00036","-0.00014","0","10","Humid","58.27","1","2500.00","297320.00","SADF0001000082","ABF0.1.0.10","4.0.0.2393","PSt7-10","250224-007","7/27/2025 6:28:56 PM","0000-00","0","no battery","V","","µV","","µV"
"03/05/2026","13:29:59","2","default","813736599","OXY_06","14.000","min","200.752","μmol/L","Humid","22.575","deg","71054","µV","23.950","°C","1017.000","hPa","34.9","pmil","0","55.710","deg","20.000","°C","100.000","%a.s.","22.780","deg","20.000","°C","969.000","hPa","0.82","-0.015","0.00036","-0.00014","0","10","Humid","58.27","1","2500.00","297324.19","SADF0001000082","ABF0.1.0.10","4.0.0.2393","PSt7-10","250224-007","7/27/2025 6:28:56 PM","0000-00","0","no battery","V","","µV","","µV"
"03/05/2026","13:30:01","2","default","813736599","OXY_06","14.034","min","200.752","μmol/L","Humid","22.575","deg","71053","µV","23.950","°C","1017.000","hPa","34.9","pmil","0","55.710","deg","20.000","°C","100.000","%a.s.","22.780","deg","20.000","°C","969.000","hPa","0.82","-0.015","0.00036","-0.00014","0","10","Humid","58.27","1","2500.00","297325.30","SADF0001000082","ABF0.1.0.10","4.0.0.2393","PSt7-10","250224-007","7/27/2025 6:28:56 PM","0000-00","0","no battery","V","","µV","","µV"
"03/05/2026","13:30:03","2","default","813736599","OXY_06","14.066","min","200.699","μmol/L","Humid","22.576","deg","71059","µV","23.956","°C","1017.000","hPa","34.9","pmil","0","55.710","deg","20.000","°C","100.000","%a.s.","22.780","deg","20.000","°C","969.000","hPa","0.82","-0.015","0.00036","-0.00014","0","10","Humid","58.27","1","2500.00","297316.97","SADF0001000082","ABF0.1.0.10","4.0.0.2393","PSt7-10","250224-007","7/27/2025 6:28:56 PM","0000-00","0","no battery","V","","µV","","µV"
"03/05/2026","13:30:05","2","default","813736599","OXY_06","14.100","min","200.681","μmol/L","Humid","22.575","deg","71066","µV","23.962","°C","1017.000","hPa","34.9","pmil","0","55.710","deg","20.000","°C","100.000","%a.s.","22.780","deg","20.000","°C","969.000","hPa","0.82","-0.015","0.00036","-0.00014","0","10","Humid","58.27","1","2500.00","297322.52","SADF0001000082","ABF0.1.0.10","4.0.0.2393","PSt7-10","250224-007","7/27/2025 6:28:56 PM","0000-00","0","no battery","V","","µV","","µV"
"03/05/2026","13:30:07","2","default","813736599","OXY_06","14.133","min","200.631","μmol/L","Humid","22.580","deg","71073","µV","23.956","°C","1017.000","hPa","34.9","pmil","0","55.710","deg","20.000","°C","100.000","%a.s.","22.780","deg","20.000","°C","969.000","hPa","0.82","-0.015","0.00036","-0.00014","0","10","Humid","58.27","1","2500.00","297320.52","SADF0001000082","ABF0.1.0.10","4.0.0.2393","PSt7-10","250224-007","7/27/2025 6:28:56 PM","0000-00","0","no battery","V","","µV","","µV"
"03/05/2026","13:30:09","2","default","813736599","OXY_06","14.167","min","200.513","μmol/L","Humid","22.589","deg","71112","µV","23.950","°C","1017.000","hPa","34.9","pmil","0","55.710","deg","20.000","°C","100.000","%a.s.","22.780","deg","20.000","°C","969.000","hPa","0.82","-0.015","0.00036","-0.00014","0","10","Humid","58.27","1","2500.00","297316.13","SADF0001000082","ABF0.1.0.10","4.0.0.2393","PSt7-10","250224-007","7/27/2025 6:28:56 PM","0000-00","0","no battery","V","","µV","","µV"
"03/05/2026","13:30:11","2","default","813736599","OXY_06","14.199","min","200.616","μmol/L","Humid","22.585","deg","71110","µV","23.944","°C","1017.000","hPa","34.9","pmil","0","55.710","deg","20.000","°C","100.000","%a.s.","22.780","deg","20.000","°C","969.000","hPa","0.82","-0.015","0.00036","-0.00014","0","10","Humid","58.27","1","2500.00","297312.79","SADF0001000082","ABF0.1.0.10","4.0.0.2393","PSt7-10","250224-007","7/27/2025 6:28:56 PM","0000-00","0","no battery","V","","µV","","µV"
"03/05/2026","13:30:13","2","default","813736599","OXY_06","14.233","min","200.375","μmol/L","Humid","22.595","deg","71115","µV","23.956","°C","1017.000","hPa","34.9","pmil","0","55.710","deg","20.000","°C","100.000","%a.s.","22.780","deg","20.000","°C","969.000","hPa","0.82","-0.015","0.00036","-0.00014","0","10","Humid","58.27","1","2500.00","297327.54","SADF0001000082","ABF0.1.0.10","4.0.0.2393","PSt7-10","250224-007","7/27/2025 6:28:56 PM","0000-00","0","no battery","V","","µV","","µV"
"03/05/2026","13:30:15","2","default","813736599","OXY_06","14.267","min","200.510","μmol/L","Humid","22.585","deg","71125","µV","23.962","°C","1017.000","hPa","34.9","pmil","0","55.710","deg","20.000","°C","100.000","%a.s.","22.780","deg","20.000","°C","969.000","hPa","0.82","-0.015","0.00036","-0.00014","0","10","Humid","58.27","1","2500.00","297328.01","SADF0001000082","ABF0.1.0.10","4.0.0.2393","PSt7-10","250224-007","7/27/2025 6:28:56 PM","0000-00","0","no battery","V","","µV","","µV"
"03/05/2026","13:30:17","2","default","813736599","OXY_06","14.300","min","200.462","μmol/L","Humid","22.592","deg","71133","µV","23.950","°C","1017.000","hPa","34.9","pmil","0","55.710","deg","20.000","°C","100.000","%a.s.","22.780","deg","20.000","°C","969.000","hPa","0.82","-0.015","0.00036","-0.00014","0","10","Humid","58.27","1","2500.00","297318.47","SADF0001000082","ABF0.1.0.10","4.0.0.2393","PSt7-10","250224-007","7/27/2025 6:28:56 PM","0000-00","0","no battery","V","","µV","","µV"
"03/05/2026","13:30:19","2","default","813736599","OXY_06","14.333","min","200.429","μmol/L","Humid","22.596","deg","71143","µV","23.944","°C","1017.000","hPa","34.9","pmil","0","55.710","deg","20.000","°C","100.000","%a.s.","22.780","deg","20.000","°C","969.000","hPa","0.82","-0.015","0.00036","-0.00014","0","10","Humid","58.27","1","2500.00","297325.16","SADF0001000082","ABF0.1.0.10","4.0.0.2393","PSt7-10","250224-007","7/27/2025 6:28:56 PM","0000-00","0","no battery","V","","µV","","µV"
"03/05/2026","13:30:21","2","default","813736599","OXY_06","14.366","min","200.327","μmol/L","Humid","22.602","deg","71148","µV","23.944","°C","1017.000","hPa","34.9","pmil","0","55.710","deg","20.000","°C","100.000","%a.s.","22.780","deg","20.000","°C","969.000","hPa","0.82","-0.015","0.00036","-0.00014","0","10","Humid","58.27","1","2500.00","297328.93","SADF0001000082","ABF0.1.0.10","4.0.0.2393","PSt7-10","250224-007","7/27/2025 6:28:56 PM","0000-00","0","no battery","V","","µV","","µV"
"03/05/2026","13:30:23","2","default","813736599","OXY_06","14.400","min","200.362","μmol/L","Humid","22.602","deg","71157","µV","23.937","°C","1017.000","hPa","34.9","pmil","0","55.710","deg","20.000","°C","100.000","%a.s.","22.780","deg","20.000","°C","969.000","hPa","0.82","-0.015","0.00036","-0.00014","0","10","Humid","58.27","1","2500.00","297313.63","SADF0001000082","ABF0.1.0.10","4.0.0.2393","PSt7-10","250224-007","7/27/2025 6:28:56 PM","0000-00","0","no battery","V","","µV","","µV"
"03/05/2026","13:30:25","2","default","813736599","OXY_06","14.434","min","200.258","μmol/L","Humid","22.604","deg","71167","µV","23.950","°C","1017.000","hPa","34.9","pmil","0","55.710","deg","20.000","°C","100.000","%a.s.","22.780","deg","20.000","°C","969.000","hPa","0.82","-0.015","0.00036","-0.00014","0","10","Humid","58.27","1","2500.00","297314.63","SADF0001000082","ABF0.1.0.10","4.0.0.2393","PSt7-10","250224-007","7/27/2025 6:28:56 PM","0000-00","0","no battery","V","","µV","","µV"
"03/05/2026","13:30:27","2","default","813736599","OXY_06","14.466","min","200.239","μmol/L","Humid","22.603","deg","71169","µV","23.956","°C","1017.000","hPa","34.9","pmil","0","55.710","deg","20.000","°C","100.000","%a.s.","22.780","deg","20.000","°C","969.000","hPa","0.82","-0.015","0.00036","-0.00014","0","10","Humid","58.27","1","2500.00","297318.00","SADF0001000082","ABF0.1.0.10","4.0.0.2393","PSt7-10","250224-007","7/27/2025 6:28:56 PM","0000-00","0","no battery","V","","µV","","µV"
"03/05/2026","13:30:29","2","default","813736599","OXY_06","14.500","min","200.188","μmol/L","Humid","22.606","deg","71166","µV","23.956","°C","1017.000","hPa","34.9","pmil","0","55.710","deg","20.000","°C","100.000","%a.s.","22.780","deg","20.000","°C","969.000","hPa","0.82","-0.015","0.00036","-0.00014","0","10","Humid","58.27","1","2500.00","297315.24","SADF0001000082","ABF0.1.0.10","4.0.0.2393","PSt7-10","250224-007","7/27/2025 6:28:56 PM","0000-00","0","no battery","V","","µV","","µV"
"03/05/2026","13:30:31","2","default","813736599","OXY_06","14.533","min","200.207","μmol/L","Humid","22.607","deg","71172","µV","23.950","°C","1017.000","hPa","34.9","pmil","0","55.710","deg","20.000","°C","100.000","%a.s.","22.780","deg","20.000","°C","969.000","hPa","0.82","-0.015","0.00036","-0.00014","0","10","Humid","58.27","1","2500.00","297324.23","SADF0001000082","ABF0.1.0.10","4.0.0.2393","PSt7-10","250224-007","7/27/2025 6:28:56 PM","0000-00","0","no battery","V","","µV","","µV"
"03/05/2026","13:30:33","2","default","813736599","OXY_06","14.567","min","200.224","μmol/L","Humid","22.606","deg","71188","µV","23.950","°C","1017.000","hPa","34.9","pmil","0","55.710","deg","20.000","°C","100.000","%a.s.","22.780","deg","20.000","°C","969.000","hPa","0.82","-0.015","0.00036","-0.00014","0","10","Humid","58.27","1","2500.00","297323.06","SADF0001000082","ABF0.1.0.10","4.0.0.2393","PSt7-10","250224-007","7/27/2025 6:28:56 PM","0000-00","0","no battery","V","","µV","","µV"
"03/05/2026","13:30:35","2","default","813736599","OXY_06","14.600","min","200.071","μmol/L","Humid","22.615","deg","71204","µV","23.950","°C","1017.000","hPa","34.9","pmil","0","55.710","deg","20.000","°C","100.000","%a.s.","22.780","deg","20.000","°C","969.000","hPa","0.82","-0.015","0.00036","-0.00014","0","10","Humid","58.27","1","2500.00","297310.20","SADF0001000082","ABF0.1.0.10","4.0.0.2393","PSt7-10","250224-007","7/27/2025 6:28:56 PM","0000-00","0","no battery","V","","µV","","µV"
"03/05/2026","13:30:37","2","default","813736599","OXY_06","14.633","min","200.037","μmol/L","Humid","22.617","deg","71210","µV","23.950","°C","1017.000","hPa","34.9","pmil","0","55.710","deg","20.000","°C","100.000","%a.s.","22.780","deg","20.000","°C","969.000","hPa","0.82","-0.015","0.00036","-0.00014","0","10","Humid","58.27","1","2500.00","297312.73","SADF0001000082","ABF0.1.0.10","4.0.0.2393","PSt7-10","250224-007","7/27/2025 6:28:56 PM","0000-00","0","no battery","V","","µV","","µV"
"03/05/2026","13:30:39","2","default","813736599","OXY_06","14.667","min","199.951","μmol/L","Humid","22.620","deg","71210","µV","23.956","°C","1017.000","hPa","34.9","pmil","0","55.710","deg","20.000","°C","100.000","%a.s.","22.780","deg","20.000","°C","969.000","hPa","0.82","-0.015","0.00036","-0.00014","0","10","Humid","58.27","1","2500.00","297308.72","SADF0001000082","ABF0.1.0.10","4.0.0.2393","PSt7-10","250224-007","7/27/2025 6:28:56 PM","0000-00","0","no battery","V","","µV","","µV"
"03/05/2026","13:30:41","2","default","813736599","OXY_06","14.700","min","200.016","μmol/L","Humid","22.612","deg","71221","µV","23.968","°C","1017.000","hPa","34.9","pmil","0","55.710","deg","20.000","°C","100.000","%a.s.","22.780","deg","20.000","°C","969.000","hPa","0.82","-0.015","0.00036","-0.00014","0","10","Humid","58.27","1","2500.00","297312.15","SADF0001000082","ABF0.1.0.10","4.0.0.2393","PSt7-10","250224-007","7/27/2025 6:28:56 PM","0000-00","0","no battery","V","","µV","","µV"
"03/05/2026","13:30:43","2","default","813736599","OXY_06","14.733","min","199.970","μmol/L","Humid","22.623","deg","71237","µV","23.944","°C","1017.000","hPa","34.9","pmil","0","55.710","deg","20.000","°C","100.000","%a.s.","22.780","deg","20.000","°C","969.000","hPa","0.82","-0.015","0.00036","-0.00014","0","10","Humid","58.27","1","2500.00","297315.25","SADF0001000082","ABF0.1.0.10","4.0.0.2393","PSt7-10","250224-007","7/27/2025 6:28:56 PM","0000-00","0","no battery","V","","µV","","µV"
"03/05/2026","13:30:45","2","default","813736599","OXY_06","14.767","min","199.883","μmol/L","Humid","22.624","deg","71245","µV","23.956","°C","1017.000","hPa","34.9","pmil","0","55.710","deg","20.000","°C","100.000","%a.s.","22.780","deg","20.000","°C","969.000","hPa","0.82","-0.015","0.00036","-0.00014","0","10","Humid","58.27","1","2500.00","297324.58","SADF0001000082","ABF0.1.0.10","4.0.0.2393","PSt7-10","250224-007","7/27/2025 6:28:56 PM","0000-00","0","no battery","V","","µV","","µV"
"03/05/2026","13:30:47","2","default","813736599","OXY_06","14.800","min","199.900","μmol/L","Humid","22.623","deg","71239","µV","23.956","°C","1017.000","hPa","34.9","pmil","0","55.710","deg","20.000","°C","100.000","%a.s.","22.780","deg","20.000","°C","969.000","hPa","0.82","-0.015","0.00036","-0.00014","0","10","Humid","58.27","1","2500.00","297318.41","SADF0001000082","ABF0.1.0.10","4.0.0.2393","PSt7-10","250224-007","7/27/2025 6:28:56 PM","0000-00","0","no battery","V","","µV","","µV"
"03/05/2026","13:30:49","2","default","813736599","OXY_06","14.833","min","199.760","μmol/L","Humid","22.625","deg","71240","µV","23.975","°C","1017.000","hPa","34.9","pmil","0","55.710","deg","20.000","°C","100.000","%a.s.","22.780","deg","20.000","°C","969.000","hPa","0.82","-0.015","0.00036","-0.00014","0","10","Humid","58.27","1","2500.00","297333.97","SADF0001000082","ABF0.1.0.10","4.0.0.2393","PSt7-10","250224-007","7/27/2025 6:28:56 PM","0000-00","0","no battery","V","","µV","","µV"
"03/05/2026","13:30:51","2","default","813736599","OXY_06","14.866","min","199.986","μmol/L","Humid","22.620","deg","71230","µV","23.950","°C","1017.000","hPa","34.9","pmil","0","55.710","deg","20.000","°C","100.000","%a.s.","22.780","deg","20.000","°C","969.000","hPa","0.82","-0.015","0.00036","-0.00014","0","10","Humid","58.27","1","2500.00","297320.57","SADF0001000082","ABF0.1.0.10","4.0.0.2393","PSt7-10","250224-007","7/27/2025 6:28:56 PM","0000-00","0","no battery","V","","µV","","µV"
"03/05/2026","13:30:53","2","default","813736599","OXY_06","14.900","min","200.020","μmol/L","Humid","22.618","deg","71231","µV","23.950","°C","1017.000","hPa","34.9","pmil","0","55.710","deg","20.000","°C","100.000","%a.s.","22.780","deg","20.000","°C","969.000","hPa","0.82","-0.015","0.00036","-0.00014","0","10","Humid","58.27","1","2500.00","297323.00","SADF0001000082","ABF0.1.0.10","4.0.0.2393","PSt7-10","250224-007","7/27/2025 6:28:56 PM","0000-00","0","no battery","V","","µV","","µV"
"03/05/2026","13:30:55","2","default","813736599","OXY_06","14.933","min","199.968","μmol/L","Humid","22.619","deg","71229","µV","23.956","°C","1017.000","hPa","34.9","pmil","0","55.710","deg","20.000","°C","100.000","%a.s.","22.780","deg","20.000","°C","969.000","hPa","0.82","-0.015","0.00036","-0.00014","0","10","Humid","58.27","1","2500.00","297322.13","SADF0001000082","ABF0.1.0.10","4.0.0.2393","PSt7-10","250224-007","7/27/2025 6:28:56 PM","0000-00","0","no battery","V","","µV","","µV"
"03/05/2026","13:30:57","2","default","813736599","OXY_06","14.967","min","199.936","μmol/L","Humid","22.625","deg","71227","µV","23.944","°C","1017.000","hPa","34.9","pmil","0","55.710","deg","20.000","°C","100.000","%a.s.","22.780","deg","20.000","°C","969.000","hPa","0.82","-0.015","0.00036","-0.00014","0","10","Humid","58.27","1","2500.00","297325.04","SADF0001000082","ABF0.1.0.10","4.0.0.2393","PSt7-10","250224-007","7/27/2025 6:28:56 PM","0000-00","0","no battery","V","","µV","","µV"
"03/05/2026","13:30:59","2","default","813736599","OXY_06","15.000","min","199.898","μmol/L","Humid","22.621","deg","71245","µV","23.962","°C","1017.000","hPa","34.9","pmil","0","55.710","deg","20.000","°C","100.000","%a.s.","22.780","deg","20.000","°C","969.000","hPa","0.82","-0.015","0.00036","-0.00014","0","10","Humid","58.27","1","2500.00","297323.93","SADF0001000082","ABF0.1.0.10","4.0.0.2393","PSt7-10","250224-007","7/27/2025 6:28:56 PM","0000-00","0","no battery","V","","µV","","µV"
"03/05/2026","13:31:01","2","default","813736599","OXY_06","15.033","min","199.850","μmol/L","Humid","22.628","deg","71247","µV","23.950","°C","1017.000","hPa","34.9","pmil","0","55.710","deg","20.000","°C","100.000","%a.s.","22.780","deg","20.000","°C","969.000","hPa","0.82","-0.015","0.00036","-0.00014","0","10","Humid","58.27","1","2500.00","297319.88","SADF0001000082","ABF0.1.0.10","4.0.0.2393","PSt7-10","250224-007","7/27/2025 6:28:56 PM","0000-00","0","no battery","V","","µV","","µV"
"03/05/2026","13:31:03","2","default","813736599","OXY_06","15.067","min","199.677","μmol/L","Humid","22.632","deg","71267","µV","23.968","°C","1017.000","hPa","34.9","pmil","0","55.710","deg","20.000","°C","100.000","%a.s.","22.780","deg","20.000","°C","969.000","hPa","0.82","-0.015","0.00036","-0.00014","0","10","Humid","58.27","1","2500.00","297322.95","SADF0001000082","ABF0.1.0.10","4.0.0.2393","PSt7-10","250224-007","7/27/2025 6:28:56 PM","0000-00","0","no battery","V","","µV","","µV"
"03/05/2026","13:31:05","2","default","813736599","OXY_06","15.100","min","199.695","μmol/L","Humid","22.633","deg","71279","µV","23.962","°C","1017.000","hPa","34.9","pmil","0","55.710","deg","20.000","°C","100.000","%a.s.","22.780","deg","20.000","°C","969.000","hPa","0.82","-0.015","0.00036","-0.00014","0","10","Humid","58.27","1","2500.00","297328.51","SADF0001000082","ABF0.1.0.10","4.0.0.2393","PSt7-10","250224-007","7/27/2025 6:28:56 PM","0000-00","0","no battery","V","","µV","","µV"
"03/05/2026","13:31:07","2","default","813736599","OXY_06","15.133","min","199.645","μmol/L","Humid","22.638","deg","71287","µV","23.956","°C","1017.000","hPa","34.9","pmil","0","55.710","deg","20.000","°C","100.000","%a.s.","22.780","deg","20.000","°C","969.000","hPa","0.82","-0.015","0.00036","-0.00014","0","10","Humid","58.27","1","2500.00","297324.61","SADF0001000082","ABF0.1.0.10","4.0.0.2393","PSt7-10","250224-007","7/27/2025 6:28:56 PM","0000-00","0","no battery","V","","µV","","µV"
"03/05/2026","13:31:09","2","default","813736599","OXY_06","15.166","min","199.405","μmol/L","Humid","22.646","deg","71301","µV","23.975","°C","1017.000","hPa","34.9","pmil","0","55.710","deg","20.000","°C","100.000","%a.s.","22.780","deg","20.000","°C","969.000","hPa","0.82","-0.015","0.00036","-0.00014","0","10","Humid","58.27","1","2500.00","297321.82","SADF0001000082","ABF0.1.0.10","4.0.0.2393","PSt7-10","250224-007","7/27/2025 6:28:56 PM","0000-00","0","no battery","V","","µV","","µV"
"03/05/2026","13:31:11","2","default","813736599","OXY_06","15.200","min","199.544","μmol/L","Humid","22.644","deg","71300","µV","23.956","°C","1017.000","hPa","34.9","pmil","0","55.710","deg","20.000","°C","100.000","%a.s.","22.780","deg","20.000","°C","969.000","hPa","0.82","-0.015","0.00036","-0.00014","0","10","Humid","58.27","1","2500.00","297323.81","SADF0001000082","ABF0.1.0.10","4.0.0.2393","PSt7-10","250224-007","7/27/2025 6:28:56 PM","0000-00","0","no battery","V","","µV","","µV"
"03/05/2026","13:31:13","2","default","813736599","OXY_06","15.233","min","199.524","μmol/L","Humid","22.641","deg","71299","µV","23.968","°C","1017.000","hPa","34.9","pmil","0","55.710","deg","20.000","°C","100.000","%a.s.","22.780","deg","20.000","°C","969.000","hPa","0.82","-0.015","0.00036","-0.00014","0","10","Humid","58.27","1","2500.00","297321.80","SADF0001000082","ABF0.1.0.10","4.0.0.2393","PSt7-10","250224-007","7/27/2025 6:28:56 PM","0000-00","0","no battery","V","","µV","","µV"
"03/05/2026","13:31:15","2","default","813736599","OXY_06","15.266","min","199.615","μmol/L","Humid","22.646","deg","71307","µV","23.937","°C","1017.000","hPa","34.9","pmil","0","55.710","deg","20.000","°C","100.000","%a.s.","22.780","deg","20.000","°C","969.000","hPa","0.82","-0.015","0.00036","-0.00014","0","10","Humid","58.27","1","2500.00","297320.03","SADF0001000082","ABF0.1.0.10","4.0.0.2393","PSt7-10","250224-007","7/27/2025 6:28:56 PM","0000-00","0","no battery","V","","µV","","µV"
"03/05/2026","13:31:17","2","default","813736599","OXY_06","15.300","min","199.458","μmol/L","Humid","22.647","deg","71323","µV","23.962","°C","1017.000","hPa","34.9","pmil","0","55.710","deg","20.000","°C","100.000","%a.s.","22.780","deg","20.000","°C","969.000","hPa","0.82","-0.015","0.00036","-0.00014","0","10","Humid","58.27","1","2500.00","297332.09","SADF0001000082","ABF0.1.0.10","4.0.0.2393","PSt7-10","250224-007","7/27/2025 6:28:56 PM","0000-00","0","no battery","V","","µV","","µV"
"03/05/2026","13:31:19","2","default","813736599","OXY_06","15.333","min","199.548","μmol/L","Humid","22.650","deg","71332","µV","23.937","°C","1017.000","hPa","34.9","pmil","0","55.710","deg","20.000","°C","100.000","%a.s.","22.780","deg","20.000","°C","969.000","hPa","0.82","-0.015","0.00036","-0.00014","0","10","Humid","58.27","1","2500.00","297337.69","SADF0001000082","ABF0.1.0.10","4.0.0.2393","PSt7-10","250224-007","7/27/2025 6:28:56 PM","0000-00","0","no battery","V","","µV","","µV"
"03/05/2026","13:31:21","2","default","813736599","OXY_06","15.367","min","199.425","μmol/L","Humid","22.651","deg","71335","µV","23.956","°C","1017.000","hPa","34.9","pmil","0","55.710","deg","20.000","°C","100.000","%a.s.","22.780","deg","20.000","°C","969.000","hPa","0.82","-0.015","0.00036","-0.00014","0","10","Humid","58.27","1","2500.00","297320.43","SADF0001000082","ABF0.1.0.10","4.0.0.2393","PSt7-10","250224-007","7/27/2025 6:28:56 PM","0000-00","0","no battery","V","","µV","","µV"
"03/05/2026","13:31:23","2","default","813736599","OXY_06","15.400","min","199.530","μmol/L","Humid","22.649","deg","71332","µV","23.944","°C","1017.000","hPa","34.9","pmil","0","55.710","deg","20.000","°C","100.000","%a.s.","22.780","deg","20.000","°C","969.000","hPa","0.82","-0.015","0.00036","-0.00014","0","10","Humid","58.27","1","2500.00","297322.87","SADF0001000082","ABF0.1.0.10","4.0.0.2393","PSt7-10","250224-007","7/27/2025 6:28:56 PM","0000-00","0","no battery","V","","µV","","µV"
"03/05/2026","13:31:25","2","default","813736599","OXY_06","15.433","min","199.427","μmol/L","Humid","22.653","deg","71342","µV","23.950","°C","1017.000","hPa","34.9","pmil","0","55.710","deg","20.000","°C","100.000","%a.s.","22.780","deg","20.000","°C","969.000","hPa","0.82","-0.015","0.00036","-0.00014","0","10","Humid","58.27","1","2500.00","297314.65","SADF0001000082","ABF0.1.0.10","4.0.0.2393","PSt7-10","250224-007","7/27/2025 6:28:56 PM","0000-00","0","no battery","V","","µV","","µV"
"03/05/2026","13:31:27","2","default","813736599","OXY_06","15.467","min","199.459","μmol/L","Humid","22.649","deg","71332","µV","23.956","°C","1017.000","hPa","34.9","pmil","0","55.710","deg","20.000","°C","100.000","%a.s.","22.780","deg","20.000","°C","969.000","hPa","0.82","-0.015","0.00036","-0.00014","0","10","Humid","58.27","1","2500.00","297332.15","SADF0001000082","ABF0.1.0.10","4.0.0.2393","PSt7-10","250224-007","7/27/2025 6:28:56 PM","0000-00","0","no battery","V","","µV","","µV"
"03/05/2026","13:31:29","2","default","813736599","OXY_06","15.500","min","199.528","μmol/L","Humid","22.647","deg","71336","µV","23.950","°C","1017.000","hPa","34.9","pmil","0","55.710","deg","20.000","°C","100.000","%a.s.","22.780","deg","20.000","°C","969.000","hPa","0.82","-0.015","0.00036","-0.00014","0","10","Humid","58.27","1","2500.00","297318.23","SADF0001000082","ABF0.1.0.10","4.0.0.2393","PSt7-10","250224-007","7/27/2025 6:28:56 PM","0000-00","0","no battery","V","","µV","","µV"
"03/05/2026","13:31:31","2","default","813736599","OXY_06","15.534","min","199.272","μmol/L","Humid","22.658","deg","71346","µV","23.962","°C","1017.000","hPa","34.9","pmil","0","55.710","deg","20.000","°C","100.000","%a.s.","22.780","deg","20.000","°C","969.000","hPa","0.82","-0.015","0.00036","-0.00014","0","10","Humid","58.27","1","2500.00","297323.10","SADF0001000082","ABF0.1.0.10","4.0.0.2393","PSt7-10","250224-007","7/27/2025 6:28:56 PM","0000-00","0","no battery","V","","µV","","µV"
"03/05/2026","13:31:33","2","default","813736599","OXY_06","15.566","min","199.269","μmol/L","Humid","22.654","deg","71340","µV","23.975","°C","1017.000","hPa","34.9","pmil","0","55.710","deg","20.000","°C","100.000","%a.s.","22.780","deg","20.000","°C","969.000","hPa","0.82","-0.015","0.00036","-0.00014","0","10","Humid","58.27","1","2500.00","297320.83","SADF0001000082","ABF0.1.0.10","4.0.0.2393","PSt7-10","250224-007","7/27/2025 6:28:56 PM","0000-00","0","no battery","V","","µV","","µV"
"03/05/2026","13:31:35","2","default","813736599","OXY_06","15.600","min","199.462","μmol/L","Humid","22.653","deg","71348","µV","23.944","°C","1017.000","hPa","34.9","pmil","0","55.710","deg","20.000","°C","100.000","%a.s.","22.780","deg","20.000","°C","969.000","hPa","0.82","-0.015","0.00036","-0.00014","0","10","Humid","58.27","1","2500.00","297320.86","SADF0001000082","ABF0.1.0.10","4.0.0.2393","PSt7-10","250224-007","7/27/2025 6:28:56 PM","0000-00","0","no battery","V","","µV","","µV"
"03/05/2026","13:31:37","2","default","813736599","OXY_06","15.633","min","199.324","μmol/L","Humid","22.657","deg","71358","µV","23.956","°C","1017.000","hPa","34.9","pmil","0","55.710","deg","20.000","°C","100.000","%a.s.","22.780","deg","20.000","°C","969.000","hPa","0.82","-0.015","0.00036","-0.00014","0","10","Humid","58.27","1","2500.00","297328.75","SADF0001000082","ABF0.1.0.10","4.0.0.2393","PSt7-10","250224-007","7/27/2025 6:28:56 PM","0000-00","0","no battery","V","","µV","","µV"
"03/05/2026","13:31:39","2","default","813736599","OXY_06","15.667","min","199.255","μmol/L","Humid","22.659","deg","71356","µV","23.962","°C","1017.000","hPa","34.9","pmil","0","55.710","deg","20.000","°C","100.000","%a.s.","22.780","deg","20.000","°C","969.000","hPa","0.82","-0.015","0.00036","-0.00014","0","10","Humid","58.27","1","2500.00","297314.62","SADF0001000082","ABF0.1.0.10","4.0.0.2393","PSt7-10","250224-007","7/27/2025 6:28:56 PM","0000-00","0","no battery","V","","µV","","µV"
"03/05/2026","13:31:41","2","default","813736599","OXY_06","15.699","min","199.293","μmol/L","Humid","22.663","deg","71372","µV","23.944","°C","1017.000","hPa","34.9","pmil","0","55.710","deg","20.000","°C","100.000","%a.s.","22.780","deg","20.000","°C","969.000","hPa","0.82","-0.015","0.00036","-0.00014","0","10","Humid","58.27","1","2500.00","297328.18","SADF0001000082","ABF0.1.0.10","4.0.0.2393","PSt7-10","250224-007","7/27/2025 6:28:56 PM","0000-00","0","no battery","V","","µV","","µV"
"03/05/2026","13:31:43","2","default","813736599","OXY_06","15.733","min","199.311","μmol/L","Humid","22.664","deg","71371","µV","23.937","°C","1017.000","hPa","34.9","pmil","0","55.710","deg","20.000","°C","100.000","%a.s.","22.780","deg","20.000","°C","969.000","hPa","0.82","-0.015","0.00036","-0.00014","0","10","Humid","58.27","1","2500.00","297315.39","SADF0001000082","ABF0.1.0.10","4.0.0.2393","PSt7-10","250224-007","7/27/2025 6:28:56 PM","0000-00","0","no battery","V","","µV","","µV"
"03/05/2026","13:31:45","2","default","813736599","OXY_06","15.767","min","199.241","μmol/L","Humid","22.664","deg","71374","µV","23.950","°C","1017.000","hPa","34.9","pmil","0","55.710","deg","20.000","°C","100.000","%a.s.","22.780","deg","20.000","°C","969.000","hPa","0.82","-0.015","0.00036","-0.00014","0","10","Humid","58.27","1","2500.00","297316.62","SADF0001000082","ABF0.1.0.10","4.0.0.2393","PSt7-10","250224-007","7/27/2025 6:28:56 PM","0000-00","0","no battery","V","","µV","","µV"
"03/05/2026","13:31:47","2","default","813736599","OXY_06","15.800","min","199.259","μmol/L","Humid","22.665","deg","71378","µV","23.944","°C","1017.000","hPa","34.9","pmil","0","55.710","deg","20.000","°C","100.000","%a.s.","22.780","deg","20.000","°C","969.000","hPa","0.82","-0.015","0.00036","-0.00014","0","10","Humid","58.27","1","2500.00","297319.15","SADF0001000082","ABF0.1.0.10","4.0.0.2393","PSt7-10","250224-007","7/27/2025 6:28:56 PM","0000-00","0","no battery","V","","µV","","µV"
"03/05/2026","13:31:49","2","default","813736599","OXY_06","15.833","min","199.103","μmol/L","Humid","22.668","deg","71383","µV","23.962","°C","1017.000","hPa","34.9","pmil","0","55.710","deg","20.000","°C","100.000","%a.s.","22.780","deg","20.000","°C","969.000","hPa","0.82","-0.015","0.00036","-0.00014","0","10","Humid","58.27","1","2500.00","297321.30","SADF0001000082","ABF0.1.0.10","4.0.0.2393","PSt7-10","250224-007","7/27/2025 6:28:56 PM","0000-00","0","no battery","V","","µV","","µV"
"03/05/2026","13:31:51","2","default","813736599","OXY_06","15.867","min","199.121","μmol/L","Humid","22.669","deg","71396","µV","23.956","°C","1017.000","hPa","34.9","pmil","0","55.710","deg","20.000","°C","100.000","%a.s.","22.780","deg","20.000","°C","969.000","hPa","0.82","-0.015","0.00036","-0.00014","0","10","Humid","58.27","1","2500.00","297327.12","SADF0001000082","ABF0.1.0.10","4.0.0.2393","PSt7-10","250224-007","7/27/2025 6:28:56 PM","0000-00","0","no battery","V","","µV","","µV"
"03/05/2026","13:31:53","2","default","813736599","OXY_06","15.900","min","199.174","μmol/L","Humid","22.670","deg","71403","µV","23.944","°C","1017.000","hPa","34.9","pmil","0","55.710","deg","20.000","°C","100.000","%a.s.","22.780","deg","20.000","°C","969.000","hPa","0.82","-0.015","0.00036","-0.00014","0","10","Humid","58.27","1","2500.00","297314.94","SADF0001000082","ABF0.1.0.10","4.0.0.2393","PSt7-10","250224-007","7/27/2025 6:28:56 PM","0000-00","0","no battery","V","","µV","","µV"
"03/05/2026","13:31:55","2","default","813736599","OXY_06","15.933","min","199.052","μmol/L","Humid","22.671","deg","71406","µV","23.962","°C","1017.000","hPa","34.9","pmil","0","55.710","deg","20.000","°C","100.000","%a.s.","22.780","deg","20.000","°C","969.000","hPa","0.82","-0.015","0.00036","-0.00014","0","10","Humid","58.27","1","2500.00","297325.84","SADF0001000082","ABF0.1.0.10","4.0.0.2393","PSt7-10","250224-007","7/27/2025 6:28:56 PM","0000-00","0","no battery","V","","µV","","µV"
"03/05/2026","13:31:57","2","default","813736599","OXY_06","15.966","min","199.016","μmol/L","Humid","22.669","deg","71407","µV","23.975","°C","1017.000","hPa","34.9","pmil","0","55.710","deg","20.000","°C","100.000","%a.s.","22.780","deg","20.000","°C","969.000","hPa","0.82","-0.015","0.00036","-0.00014","0","10","Humid","58.27","1","2500.00","297317.45","SADF0001000082","ABF0.1.0.10","4.0.0.2393","PSt7-10","250224-007","7/27/2025 6:28:56 PM","0000-00","0","no battery","V","","µV","","µV"
"03/05/2026","13:31:59","2","default","813736599","OXY_06","16.000","min","199.004","μmol/L","Humid","22.678","deg","71413","µV","23.950","°C","1017.000","hPa","34.9","pmil","0","55.710","deg","20.000","°C","100.000","%a.s.","22.780","deg","20.000","°C","969.000","hPa","0.82","-0.015","0.00036","-0.00014","0","10","Humid","58.27","1","2500.00","297314.75","SADF0001000082","ABF0.1.0.10","4.0.0.2393","PSt7-10","250224-007","7/27/2025 6:28:56 PM","0000-00","0","no battery","V","","µV","","µV"
"03/05/2026","13:32:01","2","default","813736599","OXY_06","16.033","min","198.989","μmol/L","Humid","22.681","deg","71425","µV","23.944","°C","1017.000","hPa","34.9","pmil","0","55.710","deg","20.000","°C","100.000","%a.s.","22.780","deg","20.000","°C","969.000","hPa","0.82","-0.015","0.00036","-0.00014","0","10","Humid","58.27","1","2500.00","297327.99","SADF0001000082","ABF0.1.0.10","4.0.0.2393","PSt7-10","250224-007","7/27/2025 6:28:56 PM","0000-00","0","no battery","V","","µV","","µV"
"03/05/2026","13:32:03","2","default","813736599","OXY_06","16.067","min","198.916","μmol/L","Humid","22.677","deg","71435","µV","23.968","°C","1017.000","hPa","34.9","pmil","0","55.710","deg","20.000","°C","100.000","%a.s.","22.780","deg","20.000","°C","969.000","hPa","0.82","-0.015","0.00036","-0.00014","0","10","Humid","58.27","1","2500.00","297324.40","SADF0001000082","ABF0.1.0.10","4.0.0.2393","PSt7-10","250224-007","7/27/2025 6:28:56 PM","0000-00","0","no battery","V","","µV","","µV"
"03/05/2026","13:32:05","2","default","813736599","OXY_06","16.100","min","198.919","μmol/L","Humid","22.681","deg","71420","µV","23.956","°C","1017.000","hPa","34.9","pmil","0","55.710","deg","20.000","°C","100.000","%a.s.","22.780","deg","20.000","°C","969.000","hPa","0.82","-0.015","0.00036","-0.00014","0","10","Humid","58.27","1","2500.00","297306.94","SADF0001000082","ABF0.1.0.10","4.0.0.2393","PSt7-10","250224-007","7/27/2025 6:28:56 PM","0000-00","0","no battery","V","","µV","","µV"
"03/05/2026","13:32:07","2","default","813736599","OXY_06","16.133","min","198.833","μmol/L","Humid","22.684","deg","71433","µV","23.962","°C","1017.000","hPa","34.9","pmil","0","55.710","deg","20.000","°C","100.000","%a.s.","22.780","deg","20.000","°C","969.000","hPa","0.82","-0.015","0.00036","-0.00014","0","10","Humid","58.27","1","2500.00","297329.57","SADF0001000082","ABF0.1.0.10","4.0.0.2393","PSt7-10","250224-007","7/27/2025 6:28:56 PM","0000-00","0","no battery","V","","µV","","µV"
"03/05/2026","13:32:09","2","default","813736599","OXY_06","16.167","min","198.969","μmol/L","Humid","22.678","deg","71427","µV","23.956","°C","1017.000","hPa","34.9","pmil","0","55.710","deg","20.000","°C","100.000","%a.s.","22.780","deg","20.000","°C","969.000","hPa","0.82","-0.015","0.00036","-0.00014","0","10","Humid","58.27","1","2500.00","297319.39","SADF0001000082","ABF0.1.0.10","4.0.0.2393","PSt7-10","250224-007","7/27/2025 6:28:56 PM","0000-00","0","no battery","V","","µV","","µV"
"03/05/2026","13:32:11","2","default","813736599","OXY_06","16.200","min","199.039","μmol/L","Humid","22.678","deg","71424","µV","23.944","°C","1017.000","hPa","34.9","pmil","0","55.710","deg","20.000","°C","100.000","%a.s.","22.780","deg","20.000","°C","969.000","hPa","0.82","-0.015","0.00036","-0.00014","0","10","Humid","58.27","1","2500.00","297320.92","SADF0001000082","ABF0.1.0.10","4.0.0.2393","PSt7-10","250224-007","7/27/2025 6:28:56 PM","0000-00","0","no battery","V","","µV","","µV"
"03/05/2026","13:32:13","2","default","813736599","OXY_06","16.233","min","199.020","μmol/L","Humid","22.675","deg","71430","µV","23.956","°C","1017.000","hPa","34.9","pmil","0","55.710","deg","20.000","°C","100.000","%a.s.","22.780","deg","20.000","°C","969.000","hPa","0.82","-0.015","0.00036","-0.00014","0","10","Humid","58.27","1","2500.00","297329.73","SADF0001000082","ABF0.1.0.10","4.0.0.2393","PSt7-10","250224-007","7/27/2025 6:28:56 PM","0000-00","0","no battery","V","","µV","","µV"
"03/05/2026","13:32:15","2","default","813736599","OXY_06","16.266","min","198.954","μmol/L","Humid","22.681","deg","71445","µV","23.950","°C","1017.000","hPa","34.9","pmil","0","55.710","deg","20.000","°C","100.000","%a.s.","22.780","deg","20.000","°C","969.000","hPa","0.82","-0.015","0.00036","-0.00014","0","10","Humid","58.27","1","2500.00","297329.28","SADF0001000082","ABF0.1.0.10","4.0.0.2393","PSt7-10","250224-007","7/27/2025 6:28:56 PM","0000-00","0","no battery","V","","µV","","µV"
"03/05/2026","13:32:17","2","default","813736599","OXY_06","16.300","min","198.972","μmol/L","Humid","22.682","deg","71455","µV","23.944","°C","1017.000","hPa","34.9","pmil","0","55.710","deg","20.000","°C","100.000","%a.s.","22.780","deg","20.000","°C","969.000","hPa","0.82","-0.015","0.00036","-0.00014","0","10","Humid","58.27","1","2500.00","297325.22","SADF0001000082","ABF0.1.0.10","4.0.0.2393","PSt7-10","250224-007","7/27/2025 6:28:56 PM","0000-00","0","no battery","V","","µV","","µV"
"03/05/2026","13:32:19","2","default","813736599","OXY_06","16.333","min","198.889","μmol/L","Humid","22.689","deg","71465","µV","23.937","°C","1017.000","hPa","34.9","pmil","0","55.710","deg","20.000","°C","100.000","%a.s.","22.780","deg","20.000","°C","969.000","hPa","0.82","-0.015","0.00036","-0.00014","0","10","Humid","58.27","1","2500.00","297328.63","SADF0001000082","ABF0.1.0.10","4.0.0.2393","PSt7-10","250224-007","7/27/2025 6:28:56 PM","0000-00","0","no battery","V","","µV","","µV"
"03/05/2026","13:32:21","2","default","813736599","OXY_06","16.367","min","198.801","μmol/L","Humid","22.688","deg","71460","µV","23.956","°C","1017.000","hPa","34.9","pmil","0","55.710","deg","20.000","°C","100.000","%a.s.","22.780","deg","20.000","°C","969.000","hPa","0.82","-0.015","0.00036","-0.00014","0","10","Humid","58.27","1","2500.00","297319.00","SADF0001000082","ABF0.1.0.10","4.0.0.2393","PSt7-10","250224-007","7/27/2025 6:28:56 PM","0000-00","0","no battery","V","","µV","","µV"
"03/05/2026","13:32:23","2","default","813736599","OXY_06","16.400","min","198.819","μmol/L","Humid","22.689","deg","71466","µV","23.950","°C","1017.000","hPa","34.9","pmil","0","55.710","deg","20.000","°C","100.000","%a.s.","22.780","deg","20.000","°C","969.000","hPa","0.82","-0.015","0.00036","-0.00014","0","10","Humid","58.27","1","2500.00","297322.43","SADF0001000082","ABF0.1.0.10","4.0.0.2393","PSt7-10","250224-007","7/27/2025 6:28:56 PM","0000-00","0","no battery","V","","µV","","µV"
"03/05/2026","13:32:25","2","default","813736599","OXY_06","16.433","min","198.733","μmol/L","Humid","22.692","deg","71476","µV","23.956","°C","1017.000","hPa","34.9","pmil","0","55.710","deg","20.000","°C","100.000","%a.s.","22.780","deg","20.000","°C","969.000","hPa","0.82","-0.015","0.00036","-0.00014","0","10","Humid","58.27","1","2500.00","297327.95","SADF0001000082","ABF0.1.0.10","4.0.0.2393","PSt7-10","250224-007","7/27/2025 6:28:56 PM","0000-00","0","no battery","V","","µV","","µV"
"03/05/2026","13:32:27","2","default","813736599","OXY_06","16.467","min","198.735","μmol/L","Humid","22.694","deg","71487","µV","23.950","°C","1017.000","hPa","34.9","pmil","0","55.710","deg","20.000","°C","100.000","%a.s.","22.780","deg","20.000","°C","969.000","hPa","0.82","-0.015","0.00036","-0.00014","0","10","Humid","58.27","1","2500.00","297324.09","SADF0001000082","ABF0.1.0.10","4.0.0.2393","PSt7-10","250224-007","7/27/2025 6:28:56 PM","0000-00","0","no battery","V","","µV","","µV"
"03/05/2026","13:32:29","2","default","813736599","OXY_06","16.500","min","198.718","μmol/L","Humid","22.695","deg","71493","µV","23.950","°C","1017.000","hPa","34.9","pmil","0","55.710","deg","20.000","°C","100.000","%a.s.","22.780","deg","20.000","°C","969.000","hPa","0.82","-0.015","0.00036","-0.00014","0","10","Humid","58.27","1","2500.00","297322.07","SADF0001000082","ABF0.1.0.10","4.0.0.2393","PSt7-10","250224-007","7/27/2025 6:28:56 PM","0000-00","0","no battery","V","","µV","","µV"
"03/05/2026","13:32:31","2","default","813736599","OXY_06","16.533","min","198.823","μmol/L","Humid","22.695","deg","71501","µV","23.931","°C","1017.000","hPa","34.9","pmil","0","55.710","deg","20.000","°C","100.000","%a.s.","22.780","deg","20.000","°C","969.000","hPa","0.82","-0.015","0.00036","-0.00014","0","10","Humid","58.27","1","2500.00","297337.76","SADF0001000082","ABF0.1.0.10","4.0.0.2393","PSt7-10","250224-007","7/27/2025 6:28:56 PM","0000-00","0","no battery","V","","µV","","µV"
"03/05/2026","13:32:33","2","default","813736599","OXY_06","16.566","min","198.719","μmol/L","Humid","22.697","deg","71493","µV","23.944","°C","1017.000","hPa","34.9","pmil","0","55.710","deg","20.000","°C","100.000","%a.s.","22.780","deg","20.000","°C","969.000","hPa","0.82","-0.015","0.00036","-0.00014","0","10","Humid","58.27","1","2500.00","297327.18","SADF0001000082","ABF0.1.0.10","4.0.0.2393","PSt7-10","250224-007","7/27/2025 6:28:56 PM","0000-00","0","no battery","V","","µV","","µV"
"03/05/2026","13:32:35","2","default","813736599","OXY_06","16.600","min","198.809","μmol/L","Humid","22.700","deg","71497","µV","23.919","°C","1017.000","hPa","34.9","pmil","0","55.710","deg","20.000","°C","100.000","%a.s.","22.780","deg","20.000","°C","969.000","hPa","0.82","-0.015","0.00036","-0.00014","0","10","Humid","58.27","1","2500.00","297318.52","SADF0001000082","ABF0.1.0.10","4.0.0.2393","PSt7-10","250224-007","7/27/2025 6:28:56 PM","0000-00","0","no battery","V","","µV","","µV"
"03/05/2026","13:32:37","2","default","813736599","OXY_06","16.633","min","198.719","μmol/L","Humid","22.697","deg","71500","µV","23.944","°C","1017.000","hPa","34.9","pmil","0","55.710","deg","20.000","°C","100.000","%a.s.","22.780","deg","20.000","°C","969.000","hPa","0.82","-0.015","0.00036","-0.00014","0","10","Humid","58.27","1","2500.00","297304.17","SADF0001000082","ABF0.1.0.10","4.0.0.2393","PSt7-10","250224-007","7/27/2025 6:28:56 PM","0000-00","0","no battery","V","","µV","","µV"
"03/05/2026","13:32:39","2","default","813736599","OXY_06","16.667","min","198.650","μmol/L","Humid","22.699","deg","71499","µV","23.950","°C","1017.000","hPa","34.9","pmil","0","55.710","deg","20.000","°C","100.000","%a.s.","22.780","deg","20.000","°C","969.000","hPa","0.82","-0.015","0.00036","-0.00014","0","10","Humid","58.27","1","2500.00","297324.35","SADF0001000082","ABF0.1.0.10","4.0.0.2393","PSt7-10","250224-007","7/27/2025 6:28:56 PM","0000-00","0","no battery","V","","µV","","µV"
"03/05/2026","13:32:41","2","default","813736599","OXY_06","16.700","min","198.496","μmol/L","Humid","22.704","deg","71510","µV","23.962","°C","1017.000","hPa","34.9","pmil","0","55.710","deg","20.000","°C","100.000","%a.s.","22.780","deg","20.000","°C","969.000","hPa","0.82","-0.015","0.00036","-0.00014","0","10","Humid","58.27","1","2500.00","297325.46","SADF0001000082","ABF0.1.0.10","4.0.0.2393","PSt7-10","250224-007","7/27/2025 6:28:56 PM","0000-00","0","no battery","V","","µV","","µV"
"03/05/2026","13:32:43","2","default","813736599","OXY_06","16.733","min","198.551","μmol/L","Humid","22.707","deg","71522","µV","23.944","°C","1017.000","hPa","34.9","pmil","0","55.710","deg","20.000","°C","100.000","%a.s.","22.780","deg","20.000","°C","969.000","hPa","0.82","-0.015","0.00036","-0.00014","0","10","Humid","58.27","1","2500.00","297312.10","SADF0001000082","ABF0.1.0.10","4.0.0.2393","PSt7-10","250224-007","7/27/2025 6:28:56 PM","0000-00","0","no battery","V","","µV","","µV"
"03/05/2026","13:32:45","2","default","813736599","OXY_06","16.767","min","198.619","μmol/L","Humid","22.705","deg","71523","µV","23.937","°C","1017.000","hPa","34.9","pmil","0","55.710","deg","20.000","°C","100.000","%a.s.","22.780","deg","20.000","°C","969.000","hPa","0.82","-0.015","0.00036","-0.00014","0","10","Humid","58.27","1","2500.00","297317.35","SADF0001000082","ABF0.1.0.10","4.0.0.2393","PSt7-10","250224-007","7/27/2025 6:28:56 PM","0000-00","0","no battery","V","","µV","","µV"
"03/05/2026","13:32:47","2","default","813736599","OXY_06","16.800","min","198.534","μmol/L","Humid","22.708","deg","71526","µV","23.944","°C","1017.000","hPa","34.9","pmil","0","55.710","deg","20.000","°C","100.000","%a.s.","22.780","deg","20.000","°C","969.000","hPa","0.82","-0.015","0.00036","-0.00014","0","10","Humid","58.27","1","2500.00","297323.64","SADF0001000082","ABF0.1.0.10","4.0.0.2393","PSt7-10","250224-007","7/27/2025 6:28:56 PM","0000-00","0","no battery","V","","µV","","µV"
"03/05/2026","13:32:49","2","default","813736599","OXY_06","16.834","min","198.345","μmol/L","Humid","22.713","deg","71544","µV","23.962","°C","1017.000","hPa","34.9","pmil","0","55.710","deg","20.000","°C","100.000","%a.s.","22.780","deg","20.000","°C","969.000","hPa","0.82","-0.015","0.00036","-0.00014","0","10","Humid","58.27","1","2500.00","297311.62","SADF0001000082","ABF0.1.0.10","4.0.0.2393","PSt7-10","250224-007","7/27/2025 6:28:56 PM","0000-00","0","no battery","V","","µV","","µV"
"03/05/2026","13:32:51","2","default","813736599","OXY_06","16.867","min","198.314","μmol/L","Humid","22.719","deg","71561","µV","23.950","°C","1017.000","hPa","34.9","pmil","0","55.710","deg","20.000","°C","100.000","%a.s.","22.780","deg","20.000","°C","969.000","hPa","0.82","-0.015","0.00036","-0.00014","0","10","Humid","58.27","1","2500.00","297319.88","SADF0001000082","ABF0.1.0.10","4.0.0.2393","PSt7-10","250224-007","7/27/2025 6:28:56 PM","0000-00","0","no battery","V","","µV","","µV"
"03/05/2026","13:32:53","2","default","813736599","OXY_06","16.900","min","198.244","μmol/L","Humid","22.719","deg","71580","µV","23.962","°C","1017.000","hPa","34.9","pmil","0","55.710","deg","20.000","°C","100.000","%a.s.","22.780","deg","20.000","°C","969.000","hPa","0.82","-0.015","0.00036","-0.00014","0","10","Humid","58.27","1","2500.00","297322.13","SADF0001000082","ABF0.1.0.10","4.0.0.2393","PSt7-10","250224-007","7/27/2025 6:28:56 PM","0000-00","0","no battery","V","","µV","","µV"
"03/05/2026","13:32:55","2","default","813736599","OXY_06","16.933","min","198.315","μmol/L","Humid","22.721","deg","71584","µV","23.944","°C","1017.000","hPa","34.9","pmil","0","55.710","deg","20.000","°C","100.000","%a.s.","22.780","deg","20.000","°C","969.000","hPa","0.82","-0.015","0.00036","-0.00014","0","10","Humid","58.27","1","2500.00","297325.64","SADF0001000082","ABF0.1.0.10","4.0.0.2393","PSt7-10","250224-007","7/27/2025 6:28:56 PM","0000-00","0","no battery","V","","µV","","µV"
"03/05/2026","13:32:57","2","default","813736599","OXY_06","16.967","min","198.247","μmol/L","Humid","22.723","deg","71591","µV","23.950","°C","1017.000","hPa","34.9","pmil","0","55.710","deg","20.000","°C","100.000","%a.s.","22.780","deg","20.000","°C","969.000","hPa","0.82","-0.015","0.00036","-0.00014","0","10","Humid","58.27","1","2500.00","297331.76","SADF0001000082","ABF0.1.0.10","4.0.0.2393","PSt7-10","250224-007","7/27/2025 6:28:56 PM","0000-00","0","no battery","V","","µV","","µV"
"03/05/2026","13:32:59","2","default","813736599","OXY_06","17.000","min","198.266","μmol/L","Humid","22.726","deg","71593","µV","23.937","°C","1017.000","hPa","34.9","pmil","0","55.710","deg","20.000","°C","100.000","%a.s.","22.780","deg","20.000","°C","969.000","hPa","0.82","-0.015","0.00036","-0.00014","0","10","Humid","58.27","1","2500.00","297317.77","SADF0001000082","ABF0.1.0.10","4.0.0.2393","PSt7-10","250224-007","7/27/2025 6:28:56 PM","0000-00","0","no battery","V","","µV","","µV"
"03/05/2026","13:33:01","2","default","813736599","OXY_06","17.033","min","198.230","μmol/L","Humid","22.724","deg","71594","µV","23.950","°C","1017.000","hPa","34.9","pmil","0","55.710","deg","20.000","°C","100.000","%a.s.","22.780","deg","20.000","°C","969.000","hPa","0.82","-0.015","0.00036","-0.00014","0","10","Humid","58.27","1","2500.00","297319.13","SADF0001000082","ABF0.1.0.10","4.0.0.2393","PSt7-10","250224-007","7/27/2025 6:28:56 PM","0000-00","0","no battery","V","","µV","","µV"
"03/05/2026","13:33:03","2","default","813736599","OXY_06","17.067","min","198.213","μmol/L","Humid","22.725","deg","71585","µV","23.950","°C","1017.000","hPa","34.9","pmil","0","55.710","deg","20.000","°C","100.000","%a.s.","22.780","deg","20.000","°C","969.000","hPa","0.82","-0.015","0.00036","-0.00014","0","10","Humid","58.27","1","2500.00","297322.77","SADF0001000082","ABF0.1.0.10","4.0.0.2393","PSt7-10","250224-007","7/27/2025 6:28:56 PM","0000-00","0","no battery","V","","µV","","µV"
"03/05/2026","13:33:05","2","default","813736599","OXY_06","17.100","min","198.177","μmol/L","Humid","22.723","deg","71586","µV","23.962","°C","1017.000","hPa","34.9","pmil","0","55.710","deg","20.000","°C","100.000","%a.s.","22.780","deg","20.000","°C","969.000","hPa","0.82","-0.015","0.00036","-0.00014","0","10","Humid","58.27","1","2500.00","297316.14","SADF0001000082","ABF0.1.0.10","4.0.0.2393","PSt7-10","250224-007","7/27/2025 6:28:56 PM","0000-00","0","no battery","V","","µV","","µV"
"03/05/2026","13:33:07","2","default","813736599","OXY_06","17.134","min","198.319","μmol/L","Humid","22.727","deg","71587","µV","23.925","°C","1017.000","hPa","34.9","pmil","0","55.710","deg","20.000","°C","100.000","%a.s.","22.780","deg","20.000","°C","969.000","hPa","0.82","-0.015","0.00036","-0.00014","0","10","Humid","58.27","1","2500.00","297324.61","SADF0001000082","ABF0.1.0.10","4.0.0.2393","PSt7-10","250224-007","7/27/2025 6:28:56 PM","0000-00","0","no battery","V","","µV","","µV"
"03/05/2026","13:33:09","2","default","813736599","OXY_06","17.166","min","198.213","μmol/L","Humid","22.725","deg","71593","µV","23.950","°C","1017.000","hPa","34.9","pmil","0","55.710","deg","20.000","°C","100.000","%a.s.","22.780","deg","20.000","°C","969.000","hPa","0.82","-0.015","0.00036","-0.00014","0","10","Humid","58.27","1","2500.00","297324.69","SADF0001000082","ABF0.1.0.10","4.0.0.2393","PSt7-10","250224-007","7/27/2025 6:28:56 PM","0000-00","0","no battery","V","","µV","","µV"
"03/05/2026","13:33:11","2","default","813736599","OXY_06","17.200","min","198.229","μmol/L","Humid","22.722","deg","71593","µV","23.956","°C","1017.000","hPa","34.9","pmil","0","55.710","deg","20.000","°C","100.000","%a.s.","22.780","deg","20.000","°C","969.000","hPa","0.82","-0.015","0.00036","-0.00014","0","10","Humid","58.27","1","2500.00","297319.37","SADF0001000082","ABF0.1.0.10","4.0.0.2393","PSt7-10","250224-007","7/27/2025 6:28:56 PM","0000-00","0","no battery","V","","µV","","µV"
"03/05/2026","13:33:13","2","default","813736599","OXY_06","17.233","min","198.333","μmol/L","Humid","22.722","deg","71593","µV","23.937","°C","1017.000","hPa","34.9","pmil","0","55.710","deg","20.000","°C","100.000","%a.s.","22.780","deg","20.000","°C","969.000","hPa","0.82","-0.015","0.00036","-0.00014","0","10","Humid","58.27","1","2500.00","297315.21","SADF0001000082","ABF0.1.0.10","4.0.0.2393","PSt7-10","250224-007","7/27/2025 6:28:56 PM","0000-00","0","no battery","V","","µV","","µV"
"03/05/2026","13:33:15","2","default","813736599","OXY_06","17.267","min","198.233","μmol/L","Humid","22.728","deg","71607","µV","23.937","°C","1017.000","hPa","34.9","pmil","0","55.710","deg","20.000","°C","100.000","%a.s.","22.780","deg","20.000","°C","969.000","hPa","0.82","-0.015","0.00036","-0.00014","0","10","Humid","58.27","1","2500.00","297329.10","SADF0001000082","ABF0.1.0.10","4.0.0.2393","PSt7-10","250224-007","7/27/2025 6:28:56 PM","0000-00","0","no battery","V","","µV","","µV"
"03/05/2026","13:33:17","2","default","813736599","OXY_06","17.300","min","198.181","μmol/L","Humid","22.729","deg","71622","µV","23.944","°C","1017.000","hPa","34.9","pmil","0","55.710","deg","20.000","°C","100.000","%a.s.","22.780","deg","20.000","°C","969.000","hPa","0.82","-0.015","0.00036","-0.00014","0","10","Humid","58.27","1","2500.00","297318.72","SADF0001000082","ABF0.1.0.10","4.0.0.2393","PSt7-10","250224-007","7/27/2025 6:28:56 PM","0000-00","0","no battery","V","","µV","","µV"
"03/05/2026","13:33:19","2","default","813736599","OXY_06","17.333","min","198.251","μmol/L","Humid","22.729","deg","71625","µV","23.931","°C","1017.000","hPa","34.9","pmil","0","55.710","deg","20.000","°C","100.000","%a.s.","22.780","deg","20.000","°C","969.000","hPa","0.82","-0.015","0.00036","-0.00014","0","10","Humid","58.27","1","2500.00","297322.20","SADF0001000082","ABF0.1.0.10","4.0.0.2393","PSt7-10","250224-007","7/27/2025 6:28:56 PM","0000-00","0","no battery","V","","µV","","µV"
"03/05/2026","13:33:21","2","default","813736599","OXY_06","17.367","min","198.044","μmol/L","Humid","22.733","deg","71628","µV","23.956","°C","1017.000","hPa","34.9","pmil","0","55.710","deg","20.000","°C","100.000","%a.s.","22.780","deg","20.000","°C","969.000","hPa","0.82","-0.015","0.00036","-0.00014","0","10","Humid","58.27","1","2500.00","297323.59","SADF0001000082","ABF0.1.0.10","4.0.0.2393","PSt7-10","250224-007","7/27/2025 6:28:56 PM","0000-00","0","no battery","V","","µV","","µV"
"03/05/2026","13:33:23","2","default","813736599","OXY_06","17.400","min","198.149","μmol/L","Humid","22.733","deg","71627","µV","23.937","°C","1017.000","hPa","34.9","pmil","0","55.710","deg","20.000","°C","100.000","%a.s.","22.780","deg","20.000","°C","969.000","hPa","0.82","-0.015","0.00036","-0.00014","0","10","Humid","58.27","1","2500.00","297323.47","SADF0001000082","ABF0.1.0.10","4.0.0.2393","PSt7-10","250224-007","7/27/2025 6:28:56 PM","0000-00","0","no battery","V","","µV","","µV"
"03/05/2026","13:33:25","2","default","813736599","OXY_06","17.433","min","198.029","μmol/L","Humid","22.736","deg","71625","µV","23.950","°C","1017.000","hPa","34.9","pmil","0","55.710","deg","20.000","°C","100.000","%a.s.","22.780","deg","20.000","°C","969.000","hPa","0.82","-0.015","0.00036","-0.00014","0","10","Humid","58.27","1","2500.00","297319.02","SADF0001000082","ABF0.1.0.10","4.0.0.2393","PSt7-10","250224-007","7/27/2025 6:28:56 PM","0000-00","0","no battery","V","","µV","","µV"
"03/05/2026","13:33:27","2","default","813736599","OXY_06","17.466","min","198.079","μmol/L","Humid","22.733","deg","71629","µV","23.950","°C","1017.000","hPa","34.9","pmil","0","55.710","deg","20.000","°C","100.000","%a.s.","22.780","deg","20.000","°C","969.000","hPa","0.82","-0.015","0.00036","-0.00014","0","10","Humid","58.27","1","2500.00","297333.78","SADF0001000082","ABF0.1.0.10","4.0.0.2393","PSt7-10","250224-007","7/27/2025 6:28:56 PM","0000-00","0","no battery","V","","µV","","µV"
"03/05/2026","13:33:29","2","default","813736599","OXY_06","17.500","min","197.994","μmol/L","Humid","22.736","deg","71630","µV","23.956","°C","1017.000","hPa","34.9","pmil","0","55.710","deg","20.000","°C","100.000","%a.s.","22.780","deg","20.000","°C","969.000","hPa","0.82","-0.015","0.00036","-0.00014","0","10","Humid","58.27","1","2500.00","297325.90","SADF0001000082","ABF0.1.0.10","4.0.0.2393","PSt7-10","250224-007","7/27/2025 6:28:56 PM","0000-00","0","no battery","V","","µV","","µV"
"03/05/2026","13:33:31","2","default","813736599","OXY_06","17.533","min","197.977","μmol/L","Humid","22.737","deg","71646","µV","23.956","°C","1017.000","hPa","34.9","pmil","0","55.710","deg","20.000","°C","100.000","%a.s.","22.780","deg","20.000","°C","969.000","hPa","0.82","-0.015","0.00036","-0.00014","0","10","Humid","58.27","1","2500.00","297324.38","SADF0001000082","ABF0.1.0.10","4.0.0.2393","PSt7-10","250224-007","7/27/2025 6:28:56 PM","0000-00","0","no battery","V","","µV","","µV"
"03/05/2026","13:33:33","2","default","813736599","OXY_06","17.567","min","197.907","μmol/L","Humid","22.737","deg","71649","µV","23.968","°C","1017.000","hPa","34.9","pmil","0","55.710","deg","20.000","°C","100.000","%a.s.","22.780","deg","20.000","°C","969.000","hPa","0.82","-0.015","0.00036","-0.00014","0","10","Humid","58.27","1","2500.00","297336.77","SADF0001000082","ABF0.1.0.10","4.0.0.2393","PSt7-10","250224-007","7/27/2025 6:28:56 PM","0000-00","0","no battery","V","","µV","","µV"
"03/05/2026","13:33:35","2","default","813736599","OXY_06","17.600","min","197.946","μmol/L","Humid","22.743","deg","71663","µV","23.944","°C","1017.000","hPa","34.9","pmil","0","55.710","deg","20.000","°C","100.000","%a.s.","22.780","deg","20.000","°C","969.000","hPa","0.82","-0.015","0.00036","-0.00014","0","10","Humid","58.27","1","2500.00","297322.76","SADF0001000082","ABF0.1.0.10","4.0.0.2393","PSt7-10","250224-007","7/27/2025 6:28:56 PM","0000-00","0","no battery","V","","µV","","µV"
"03/05/2026","13:33:37","2","default","813736599","OXY_06","17.633","min","197.880","μmol/L","Humid","22.749","deg","71686","µV","23.937","°C","1017.000","hPa","34.9","pmil","0","55.710","deg","20.000","°C","100.000","%a.s.","22.780","deg","20.000","°C","969.000","hPa","0.82","-0.015","0.00036","-0.00014","0","10","Humid","58.27","1","2500.00","297321.12","SADF0001000082","ABF0.1.0.10","4.0.0.2393","PSt7-10","250224-007","7/27/2025 6:28:56 PM","0000-00","0","no battery","V","","µV","","µV"
"03/05/2026","13:33:39","2","default","813736599","OXY_06","17.666","min","197.713","μmol/L","Humid","22.759","deg","71707","µV","23.937","°C","1017.000","hPa","34.9","pmil","0","55.710","deg","20.000","°C","100.000","%a.s.","22.780","deg","20.000","°C","969.000","hPa","0.82","-0.015","0.00036","-0.00014","0","10","Humid","58.27","1","2500.00","297329.77","SADF0001000082","ABF0.1.0.10","4.0.0.2393","PSt7-10","250224-007","7/27/2025 6:28:56 PM","0000-00","0","no battery","V","","µV","","µV"
"03/05/2026","13:33:41","2","default","813736599","OXY_06","17.700","min","197.677","μmol/L","Humid","22.757","deg","71716","µV","23.950","°C","1017.000","hPa","34.9","pmil","0","55.710","deg","20.000","°C","100.000","%a.s.","22.780","deg","20.000","°C","969.000","hPa","0.82","-0.015","0.00036","-0.00014","0","10","Humid","58.27","1","2500.00","297324.12","SADF0001000082","ABF0.1.0.10","4.0.0.2393","PSt7-10","250224-007","7/27/2025 6:28:56 PM","0000-00","0","no battery","V","","µV","","µV"
"03/05/2026","13:33:43","2","default","813736599","OXY_06","17.733","min","197.745","μmol/L","Humid","22.755","deg","71711","µV","23.944","°C","1017.000","hPa","34.9","pmil","0","55.710","deg","20.000","°C","100.000","%a.s.","22.780","deg","20.000","°C","969.000","hPa","0.82","-0.015","0.00036","-0.00014","0","10","Humid","58.27","1","2500.00","297323.49","SADF0001000082","ABF0.1.0.10","4.0.0.2393","PSt7-10","250224-007","7/27/2025 6:28:56 PM","0000-00","0","no battery","V","","µV","","µV"
"03/05/2026","13:33:45","2","default","813736599","OXY_06","17.767","min","197.660","μmol/L","Humid","22.758","deg","71709","µV","23.950","°C","1017.000","hPa","34.9","pmil","0","55.710","deg","20.000","°C","100.000","%a.s.","22.780","deg","20.000","°C","969.000","hPa","0.82","-0.015","0.00036","-0.00014","0","10","Humid","58.27","1","2500.00","297332.69","SADF0001000082","ABF0.1.0.10","4.0.0.2393","PSt7-10","250224-007","7/27/2025 6:28:56 PM","0000-00","0","no battery","V","","µV","","µV"
"03/05/2026","13:33:47","2","default","813736599","OXY_06","17.799","min","197.784","μmol/L","Humid","22.761","deg","71711","µV","23.919","°C","1017.000","hPa","34.9","pmil","0","55.710","deg","20.000","°C","100.000","%a.s.","22.780","deg","20.000","°C","969.000","hPa","0.82","-0.015","0.00036","-0.00014","0","10","Humid","58.27","1","2500.00","297331.48","SADF0001000082","ABF0.1.0.10","4.0.0.2393","PSt7-10","250224-007","7/27/2025 6:28:56 PM","0000-00","0","no battery","V","","µV","","µV"
"03/05/2026","13:33:49","2","default","813736599","OXY_06","17.833","min","197.555","μmol/L","Humid","22.758","deg","71714","µV","23.968","°C","1017.000","hPa","34.9","pmil","0","55.710","deg","20.000","°C","100.000","%a.s.","22.780","deg","20.000","°C","969.000","hPa","0.82","-0.015","0.00036","-0.00014","0","10","Humid","58.27","1","2500.00","297338.01","SADF0001000082","ABF0.1.0.10","4.0.0.2393","PSt7-10","250224-007","7/27/2025 6:28:56 PM","0000-00","0","no battery","V","","µV","","µV"
"03/05/2026","13:33:51","2","default","813736599","OXY_06","17.867","min","197.697","μmol/L","Humid","22.762","deg","71715","µV","23.931","°C","1017.000","hPa","34.9","pmil","0","55.710","deg","20.000","°C","100.000","%a.s.","22.780","deg","20.000","°C","969.000","hPa","0.82","-0.015","0.00036","-0.00014","0","10","Humid","58.27","1","2500.00","297341.69","SADF0001000082","ABF0.1.0.10","4.0.0.2393","PSt7-10","250224-007","7/27/2025 6:28:56 PM","0000-00","0","no battery","V","","µV","","µV"
"03/05/2026","13:33:53","2","default","813736599","OXY_06","17.900","min","197.730","μmol/L","Humid","22.758","deg","71714","µV","23.937","°C","1017.000","hPa","34.9","pmil","0","55.710","deg","20.000","°C","100.000","%a.s.","22.780","deg","20.000","°C","969.000","hPa","0.82","-0.015","0.00036","-0.00014","0","10","Humid","58.27","1","2500.00","297322.16","SADF0001000082","ABF0.1.0.10","4.0.0.2393","PSt7-10","250224-007","7/27/2025 6:28:56 PM","0000-00","0","no battery","V","","µV","","µV"
"03/05/2026","13:33:55","2","default","813736599","OXY_06","17.933","min","197.661","μmol/L","Humid","22.760","deg","71711","µV","23.944","°C","1017.000","hPa","34.9","pmil","0","55.710","deg","20.000","°C","100.000","%a.s.","22.780","deg","20.000","°C","969.000","hPa","0.82","-0.015","0.00036","-0.00014","0","10","Humid","58.27","1","2500.00","297331.02","SADF0001000082","ABF0.1.0.10","4.0.0.2393","PSt7-10","250224-007","7/27/2025 6:28:56 PM","0000-00","0","no battery","V","","µV","","µV"
"03/05/2026","13:33:57","2","default","813736599","OXY_06","17.966","min","197.730","μmol/L","Humid","22.758","deg","71715","µV","23.937","°C","1017.000","hPa","34.9","pmil","0","55.710","deg","20.000","°C","100.000","%a.s.","22.780","deg","20.000","°C","969.000","hPa","0.82","-0.015","0.00036","-0.00014","0","10","Humid","58.27","1","2500.00","297328.66","SADF0001000082","ABF0.1.0.10","4.0.0.2393","PSt7-10","250224-007","7/27/2025 6:28:56 PM","0000-00","0","no battery","V","","µV","","µV"
"03/05/2026","13:33:59","2","default","813736599","OXY_06","18.000","min","197.692","μmol/L","Humid","22.754","deg","71713","µV","23.956","°C","1017.000","hPa","34.9","pmil","0","55.710","deg","20.000","°C","100.000","%a.s.","22.780","deg","20.000","°C","969.000","hPa","0.82","-0.015","0.00036","-0.00014","0","10","Humid","58.27","1","2500.00","297330.23","SADF0001000082","ABF0.1.0.10","4.0.0.2393","PSt7-10","250224-007","7/27/2025 6:28:56 PM","0000-00","0","no battery","V","","µV","","µV"
"03/05/2026","13:34:01","2","default","813736599","OXY_06","18.034","min","197.558","μmol/L","Humid","22.762","deg","71735","µV","23.956","°C","1017.000","hPa","34.9","pmil","0","55.710","deg","20.000","°C","100.000","%a.s.","22.780","deg","20.000","°C","969.000","hPa","0.82","-0.015","0.00036","-0.00014","0","10","Humid","58.27","1","2500.00","297342.64","SADF0001000082","ABF0.1.0.10","4.0.0.2393","PSt7-10","250224-007","7/27/2025 6:28:56 PM","0000-00","0","no battery","V","","µV","","µV"
"03/05/2026","13:34:03","2","default","813736599","OXY_06","18.066","min","197.574","μmol/L","Humid","22.759","deg","71749","µV","23.962","°C","1017.000","hPa","34.9","pmil","0","55.710","deg","20.000","°C","100.000","%a.s.","22.780","deg","20.000","°C","969.000","hPa","0.82","-0.015","0.00036","-0.00014","0","10","Humid","58.27","1","2500.00","297334.31","SADF0001000082","ABF0.1.0.10","4.0.0.2393","PSt7-10","250224-007","7/27/2025 6:28:56 PM","0000-00","0","no battery","V","","µV","","µV"
"03/05/2026","13:34:05","2","default","813736599","OXY_06","18.100","min","197.594","μmol/L","Humid","22.764","deg","71747","µV","23.944","°C","1017.000","hPa","34.9","pmil","0","55.710","deg","20.000","°C","100.000","%a.s.","22.780","deg","20.000","°C","969.000","hPa","0.82","-0.015","0.00036","-0.00014","0","10","Humid","58.27","1","2500.00","297350.19","SADF0001000082","ABF0.1.0.10","4.0.0.2393","PSt7-10","250224-007","7/27/2025 6:28:56 PM","0000-00","0","no battery","V","","µV","","µV"
"03/05/2026","13:34:07","2","default","813736599","OXY_06","18.133","min","197.697","μmol/L","Humid","22.762","deg","71737","µV","23.931","°C","1017.000","hPa","34.9","pmil","0","55.710","deg","20.000","°C","100.000","%a.s.","22.780","deg","20.000","°C","969.000","hPa","0.82","-0.015","0.00036","-0.00014","0","10","Humid","58.27","1","2500.00","297329.97","SADF0001000082","ABF0.1.0.10","4.0.0.2393","PSt7-10","250224-007","7/27/2025 6:28:56 PM","0000-00","0","no battery","V","","µV","","µV"
"03/05/2026","13:34:09","2","default","813736599","OXY_06","18.167","min","197.612","μmol/L","Humid","22.765","deg","71741","µV","23.937","°C","1017.000","hPa","34.9","pmil","0","55.710","deg","20.000","°C","100.000","%a.s.","22.780","deg","20.000","°C","969.000","hPa","0.82","-0.015","0.00036","-0.00014","0","10","Humid","58.27","1","2500.00","297334.21","SADF0001000082","ABF0.1.0.10","4.0.0.2393","PSt7-10","250224-007","7/27/2025 6:28:56 PM","0000-00","0","no battery","V","","µV","","µV"
"03/05/2026","13:34:11","2","default","813736599","OXY_06","18.200","min","197.576","μmol/L","Humid","22.763","deg","71752","µV","23.950","°C","1017.000","hPa","34.9","pmil","0","55.710","deg","20.000","°C","100.000","%a.s.","22.780","deg","20.000","°C","969.000","hPa","0.82","-0.015","0.00036","-0.00014","0","10","Humid","58.27","1","2500.00","297334.75","SADF0001000082","ABF0.1.0.10","4.0.0.2393","PSt7-10","250224-007","7/27/2025 6:28:56 PM","0000-00","0","no battery","V","","µV","","µV"
"03/05/2026","13:34:13","2","default","813736599","OXY_06","18.233","min","197.681","μmol/L","Humid","22.763","deg","71746","µV","23.931","°C","1017.000","hPa","34.9","pmil","0","55.710","deg","20.000","°C","100.000","%a.s.","22.780","deg","20.000","°C","969.000","hPa","0.82","-0.015","0.00036","-0.00014","0","10","Humid","58.27","1","2500.00","297338.90","SADF0001000082","ABF0.1.0.10","4.0.0.2393","PSt7-10","250224-007","7/27/2025 6:28:56 PM","0000-00","0","no battery","V","","µV","","µV"
"03/05/2026","13:34:15","2","default","813736599","OXY_06","18.267","min","197.663","μmol/L","Humid","22.762","deg","71754","µV","23.937","°C","1017.000","hPa","34.9","pmil","0","55.710","deg","20.000","°C","100.000","%a.s.","22.780","deg","20.000","°C","969.000","hPa","0.82","-0.015","0.00036","-0.00014","0","10","Humid","58.27","1","2500.00","297336.18","SADF0001000082","ABF0.1.0.10","4.0.0.2393","PSt7-10","250224-007","7/27/2025 6:28:56 PM","0000-00","0","no battery","V","","µV","","µV"
"03/05/2026","13:34:17","2","default","813736599","OXY_06","18.300","min","197.543","μmol/L","Humid","22.765","deg","71755","µV","23.950","°C","1017.000","hPa","34.9","pmil","0","55.710","deg","20.000","°C","100.000","%a.s.","22.780","deg","20.000","°C","969.000","hPa","0.82","-0.015","0.00036","-0.00014","0","10","Humid","58.27","1","2500.00","297337.81","SADF0001000082","ABF0.1.0.10","4.0.0.2393","PSt7-10","250224-007","7/27/2025 6:28:56 PM","0000-00","0","no battery","V","","µV","","µV"
"03/05/2026","13:34:19","2","default","813736599","OXY_06","18.333","min","197.444","μmol/L","Humid","22.773","deg","71760","µV","23.944","°C","1017.000","hPa","34.9","pmil","0","55.710","deg","20.000","°C","100.000","%a.s.","22.780","deg","20.000","°C","969.000","hPa","0.82","-0.015","0.00036","-0.00014","0","10","Humid","58.27","1","2500.00","297336.90","SADF0001000082","ABF0.1.0.10","4.0.0.2393","PSt7-10","250224-007","7/27/2025 6:28:56 PM","0000-00","0","no battery","V","","µV","","µV"
"03/05/2026","13:34:21","2","default","813736599","OXY_06","18.366","min","197.410","μmol/L","Humid","22.775","deg","71766","µV","23.944","°C","1017.000","hPa","34.9","pmil","0","55.710","deg","20.000","°C","100.000","%a.s.","22.780","deg","20.000","°C","969.000","hPa","0.82","-0.015","0.00036","-0.00014","0","10","Humid","58.27","1","2500.00","297320.62","SADF0001000082","ABF0.1.0.10","4.0.0.2393","PSt7-10","250224-007","7/27/2025 6:28:56 PM","0000-00","0","no battery","V","","µV","","µV"
"03/05/2026","13:34:23","2","default","813736599","OXY_06","18.400","min","197.497","μmol/L","Humid","22.774","deg","71778","µV","23.931","°C","1017.000","hPa","34.9","pmil","0","55.710","deg","20.000","°C","100.000","%a.s.","22.780","deg","20.000","°C","969.000","hPa","0.82","-0.015","0.00036","-0.00014","0","10","Humid","58.27","1","2500.00","297320.78","SADF0001000082","ABF0.1.0.10","4.0.0.2393","PSt7-10","250224-007","7/27/2025 6:28:56 PM","0000-00","0","no battery","V","","µV","","µV"
"03/05/2026","13:34:25","2","default","813736599","OXY_06","18.433","min","197.498","μmol/L","Humid","22.776","deg","71796","µV","23.925","°C","1017.000","hPa","34.9","pmil","0","55.710","deg","20.000","°C","100.000","%a.s.","22.780","deg","20.000","°C","969.000","hPa","0.82","-0.015","0.00036","-0.00014","0","10","Humid","58.27","1","2500.00","297308.07","SADF0001000082","ABF0.1.0.10","4.0.0.2393","PSt7-10","250224-007","7/27/2025 6:28:56 PM","0000-00","0","no battery","V","","µV","","µV"
"03/05/2026","13:34:27","2","default","813736599","OXY_06","18.466","min","197.173","μmol/L","Humid","22.783","deg","71801","µV","23.962","°C","1017.000","hPa","34.9","pmil","0","55.710","deg","20.000","°C","100.000","%a.s.","22.780","deg","20.000","°C","969.000","hPa","0.82","-0.015","0.00036","-0.00014","0","10","Humid","58.27","1","2500.00","297311.47","SADF0001000082","ABF0.1.0.10","4.0.0.2393","PSt7-10","250224-007","7/27/2025 6:28:56 PM","0000-00","0","no battery","V","","µV","","µV"
"03/05/2026","13:34:29","2","default","813736599","OXY_06","18.500","min","197.260","μmol/L","Humid","22.784","deg","71811","µV","23.944","°C","1017.000","hPa","34.9","pmil","0","55.710","deg","20.000","°C","100.000","%a.s.","22.780","deg","20.000","°C","969.000","hPa","0.82","-0.015","0.00036","-0.00014","0","10","Humid","58.27","1","2500.00","297316.42","SADF0001000082","ABF0.1.0.10","4.0.0.2393","PSt7-10","250224-007","7/27/2025 6:28:56 PM","0000-00","0","no battery","V","","µV","","µV"
"03/05/2026","13:34:31","2","default","813736599","OXY_06","18.533","min","197.346","μmol/L","Humid","22.783","deg","71802","µV","23.931","°C","1017.000","hPa","34.9","pmil","0","55.710","deg","20.000","°C","100.000","%a.s.","22.780","deg","20.000","°C","969.000","hPa","0.82","-0.015","0.00036","-0.00014","0","10","Humid","58.27","1","2500.00","297313.78","SADF0001000082","ABF0.1.0.10","4.0.0.2393","PSt7-10","250224-007","7/27/2025 6:28:56 PM","0000-00","0","no battery","V","","µV","","µV"
"03/05/2026","13:34:33","2","default","813736599","OXY_06","18.567","min","197.328","μmol/L","Humid","22.782","deg","71800","µV","23.937","°C","1017.000","hPa","34.9","pmil","0","55.710","deg","20.000","°C","100.000","%a.s.","22.780","deg","20.000","°C","969.000","hPa","0.82","-0.015","0.00036","-0.00014","0","10","Humid","58.27","1","2500.00","297316.78","SADF0001000082","ABF0.1.0.10","4.0.0.2393","PSt7-10","250224-007","7/27/2025 6:28:56 PM","0000-00","0","no battery","V","","µV","","µV"
"03/05/2026","13:34:35","2","default","813736599","OXY_06","18.600","min","197.395","μmol/L","Humid","22.778","deg","71803","µV","23.937","°C","1017.000","hPa","34.9","pmil","0","55.710","deg","20.000","°C","100.000","%a.s.","22.780","deg","20.000","°C","969.000","hPa","0.82","-0.015","0.00036","-0.00014","0","10","Humid","58.27","1","2500.00","297319.86","SADF0001000082","ABF0.1.0.10","4.0.0.2393","PSt7-10","250224-007","7/27/2025 6:28:56 PM","0000-00","0","no battery","V","","µV","","µV"
"03/05/2026","13:34:37","2","default","813736599","OXY_06","18.633","min","197.220","μmol/L","Humid","22.776","deg","71801","µV","23.975","°C","1017.000","hPa","34.9","pmil","0","55.710","deg","20.000","°C","100.000","%a.s.","22.780","deg","20.000","°C","969.000","hPa","0.82","-0.015","0.00036","-0.00014","0","10","Humid","58.27","1","2500.00","297327.88","SADF0001000082","ABF0.1.0.10","4.0.0.2393","PSt7-10","250224-007","7/27/2025 6:28:56 PM","0000-00","0","no battery","V","","µV","","µV"
"03/05/2026","13:34:39","2","default","813736599","OXY_06","18.667","min","197.209","μmol/L","Humid","22.785","deg","71806","µV","23.950","°C","1017.000","hPa","34.9","pmil","0","55.710","deg","20.000","°C","100.000","%a.s.","22.780","deg","20.000","°C","969.000","hPa","0.82","-0.015","0.00036","-0.00014","0","10","Humid","58.27","1","2500.00","297327.90","SADF0001000082","ABF0.1.0.10","4.0.0.2393","PSt7-10","250224-007","7/27/2025 6:28:56 PM","0000-00","0","no battery","V","","µV","","µV"
"03/05/2026","13:34:41","2","default","813736599","OXY_06","18.700","min","197.310","μmol/L","Humid","22.781","deg","71803","µV","23.944","°C","1017.000","hPa","34.9","pmil","0","55.710","deg","20.000","°C","100.000","%a.s.","22.780","deg","20.000","°C","969.000","hPa","0.82","-0.015","0.00036","-0.00014","0","10","Humid","58.27","1","2500.00","297318.58","SADF0001000082","ABF0.1.0.10","4.0.0.2393","PSt7-10","250224-007","7/27/2025 6:28:56 PM","0000-00","0","no battery","V","","µV","","µV"
"03/05/2026","13:34:43","2","default","813736599","OXY_06","18.733","min","197.399","μmol/L","Humid","22.784","deg","71824","µV","23.919","°C","1017.000","hPa","34.9","pmil","0","55.710","deg","20.000","°C","100.000","%a.s.","22.780","deg","20.000","°C","969.000","hPa","0.82","-0.015","0.00036","-0.00014","0","10","Humid","58.27","1","2500.00","297332.95","SADF0001000082","ABF0.1.0.10","4.0.0.2393","PSt7-10","250224-007","7/27/2025 6:28:56 PM","0000-00","0","no battery","V","","µV","","µV"
"03/05/2026","13:34:45","2","default","813736599","OXY_06","18.766","min","197.160","μmol/L","Humid","22.790","deg","71835","µV","23.944","°C","1017.000","hPa","34.9","pmil","0","55.710","deg","20.000","°C","100.000","%a.s.","22.780","deg","20.000","°C","969.000","hPa","0.82","-0.015","0.00036","-0.00014","0","10","Humid","58.27","1","2500.00","297314.92","SADF0001000082","ABF0.1.0.10","4.0.0.2393","PSt7-10","250224-007","7/27/2025 6:28:56 PM","0000-00","0","no battery","V","","µV","","µV"
"03/05/2026","13:34:47","2","default","813736599","OXY_06","18.800","min","197.229","μmol/L","Humid","22.790","deg","71834","µV","23.931","°C","1017.000","hPa","34.9","pmil","0","55.710","deg","20.000","°C","100.000","%a.s.","22.780","deg","20.000","°C","969.000","hPa","0.82","-0.015","0.00036","-0.00014","0","10","Humid","58.27","1","2500.00","297320.99","SADF0001000082","ABF0.1.0.10","4.0.0.2393","PSt7-10","250224-007","7/27/2025 6:28:56 PM","0000-00","0","no battery","V","","µV","","µV"
"03/05/2026","13:34:49","2","default","813736599","OXY_06","18.833","min","197.161","μmol/L","Humid","22.792","deg","71829","µV","23.937","°C","1017.000","hPa","34.9","pmil","0","55.710","deg","20.000","°C","100.000","%a.s.","22.780","deg","20.000","°C","969.000","hPa","0.82","-0.015","0.00036","-0.00014","0","10","Humid","58.27","1","2500.00","297315.44","SADF0001000082","ABF0.1.0.10","4.0.0.2393","PSt7-10","250224-007","7/27/2025 6:28:56 PM","0000-00","0","no battery","V","","µV","","µV"
"03/05/2026","13:34:51","2","default","813736599","OXY_06","18.866","min","197.278","μmol/L","Humid","22.785","deg","71825","µV","23.937","°C","1017.000","hPa","34.9","pmil","0","55.710","deg","20.000","°C","100.000","%a.s.","22.780","deg","20.000","°C","969.000","hPa","0.82","-0.015","0.00036","-0.00014","0","10","Humid","58.27","1","2500.00","297316.06","SADF0001000082","ABF0.1.0.10","4.0.0.2393","PSt7-10","250224-007","7/27/2025 6:28:56 PM","0000-00","0","no battery","V","","µV","","µV"
"03/05/2026","13:34:53","2","default","813736599","OXY_06","18.900","min","197.225","μmol/L","Humid","22.784","deg","71835","µV","23.950","°C","1017.000","hPa","34.9","pmil","0","55.710","deg","20.000","°C","100.000","%a.s.","22.780","deg","20.000","°C","969.000","hPa","0.82","-0.015","0.00036","-0.00014","0","10","Humid","58.27","1","2500.00","297330.82","SADF0001000082","ABF0.1.0.10","4.0.0.2393","PSt7-10","250224-007","7/27/2025 6:28:56 PM","0000-00","0","no battery","V","","µV","","µV"
"03/05/2026","13:34:55","2","default","813736599","OXY_06","18.933","min","197.193","μmol/L","Humid","22.788","deg","71836","µV","23.944","°C","1017.000","hPa","34.9","pmil","0","55.710","deg","20.000","°C","100.000","%a.s.","22.780","deg","20.000","°C","969.000","hPa","0.82","-0.015","0.00036","-0.00014","0","10","Humid","58.27","1","2500.00","297341.75","SADF0001000082","ABF0.1.0.10","4.0.0.2393","PSt7-10","250224-007","7/27/2025 6:28:56 PM","0000-00","0","no battery","V","","µV","","µV"
"03/05/2026","13:34:57","2","default","813736599","OXY_06","18.966","min","197.045","μmol/L","Humid","22.799","deg","71853","µV","23.937","°C","1017.000","hPa","34.9","pmil","0","55.710","deg","20.000","°C","100.000","%a.s.","22.780","deg","20.000","°C","969.000","hPa","0.82","-0.015","0.00036","-0.00014","0","10","Humid","58.27","1","2500.00","297328.23","SADF0001000082","ABF0.1.0.10","4.0.0.2393","PSt7-10","250224-007","7/27/2025 6:28:56 PM","0000-00","0","no battery","V","","µV","","µV"
"03/05/2026","13:34:59","2","default","813736599","OXY_06","19.000","min","196.924","μmol/L","Humid","22.800","deg","71870","µV","23.956","°C","1017.000","hPa","34.9","pmil","0","55.710","deg","20.000","°C","100.000","%a.s.","22.780","deg","20.000","°C","969.000","hPa","0.82","-0.015","0.00036","-0.00014","0","10","Humid","58.27","1","2500.00","297315.02","SADF0001000082","ABF0.1.0.10","4.0.0.2393","PSt7-10","250224-007","7/27/2025 6:28:56 PM","0000-00","0","no battery","V","","µV","","µV"
"03/05/2026","13:35:01","2","default","813736599","OXY_06","19.033","min","196.943","μmol/L","Humid","22.803","deg","71875","µV","23.944","°C","1017.000","hPa","34.9","pmil","0","55.710","deg","20.000","°C","100.000","%a.s.","22.780","deg","20.000","°C","969.000","hPa","0.82","-0.015","0.00036","-0.00014","0","10","Humid","58.27","1","2500.00","297317.15","SADF0001000082","ABF0.1.0.10","4.0.0.2393","PSt7-10","250224-007","7/27/2025 6:28:56 PM","0000-00","0","no battery","V","","µV","","µV"
"03/05/2026","13:35:03","2","default","813736599","OXY_06","19.067","min","196.842","μmol/L","Humid","22.807","deg","71891","µV","23.950","°C","1017.000","hPa","34.9","pmil","0","55.710","deg","20.000","°C","100.000","%a.s.","22.780","deg","20.000","°C","969.000","hPa","0.82","-0.015","0.00036","-0.00014","0","10","Humid","58.27","1","2500.00","297324.65","SADF0001000082","ABF0.1.0.10","4.0.0.2393","PSt7-10","250224-007","7/27/2025 6:28:56 PM","0000-00","0","no battery","V","","µV","","µV"
"03/05/2026","13:35:05","2","default","813736599","OXY_06","19.100","min","196.943","μmol/L","Humid","22.803","deg","71894","µV","23.944","°C","1017.000","hPa","34.9","pmil","0","55.710","deg","20.000","°C","100.000","%a.s.","22.780","deg","20.000","°C","969.000","hPa","0.82","-0.015","0.00036","-0.00014","0","10","Humid","58.27","1","2500.00","297328.93","SADF0001000082","ABF0.1.0.10","4.0.0.2393","PSt7-10","250224-007","7/27/2025 6:28:56 PM","0000-00","0","no battery","V","","µV","","µV"
"03/05/2026","13:35:07","2","default","813736599","OXY_06","19.133","min","196.895","μmol/L","Humid","22.808","deg","71899","µV","23.937","°C","1017.000","hPa","34.9","pmil","0","55.710","deg","20.000","°C","100.000","%a.s.","22.780","deg","20.000","°C","969.000","hPa","0.82","-0.015","0.00036","-0.00014","0","10","Humid","58.27","1","2500.00","297321.21","SADF0001000082","ABF0.1.0.10","4.0.0.2393","PSt7-10","250224-007","7/27/2025 6:28:56 PM","0000-00","0","no battery","V","","µV","","µV"
"03/05/2026","13:35:09","2","default","813736599","OXY_06","19.167","min","196.675","μmol/L","Humid","22.817","deg","71921","µV","23.950","°C","1017.000","hPa","34.9","pmil","0","55.710","deg","20.000","°C","100.000","%a.s.","22.780","deg","20.000","°C","969.000","hPa","0.82","-0.015","0.00036","-0.00014","0","10","Humid","58.27","1","2500.00","297329.00","SADF0001000082","ABF0.1.0.10","4.0.0.2393","PSt7-10","250224-007","7/27/2025 6:28:56 PM","0000-00","0","no battery","V","","µV","","µV"
"03/05/2026","13:35:11","2","default","813736599","OXY_06","19.200","min","196.746","μmol/L","Humid","22.819","deg","71939","µV","23.931","°C","1017.000","hPa","34.9","pmil","0","55.710","deg","20.000","°C","100.000","%a.s.","22.780","deg","20.000","°C","969.000","hPa","0.82","-0.015","0.00036","-0.00014","0","10","Humid","58.27","1","2500.00","297336.94","SADF0001000082","ABF0.1.0.10","4.0.0.2393","PSt7-10","250224-007","7/27/2025 6:28:56 PM","0000-00","0","no battery","V","","µV","","µV"
"03/05/2026","13:35:13","2","default","813736599","OXY_06","19.233","min","196.660","μmol/L","Humid","22.820","deg","71954","µV","23.944","°C","1017.000","hPa","34.9","pmil","0","55.710","deg","20.000","°C","100.000","%a.s.","22.780","deg","20.000","°C","969.000","hPa","0.82","-0.015","0.00036","-0.00014","0","10","Humid","58.27","1","2500.00","297315.50","SADF0001000082","ABF0.1.0.10","4.0.0.2393","PSt7-10","250224-007","7/27/2025 6:28:56 PM","0000-00","0","no battery","V","","µV","","µV"
"03/05/2026","13:35:15","2","default","813736599","OXY_06","19.266","min","196.628","μmol/L","Humid","22.824","deg","71960","µV","23.937","°C","1017.000","hPa","34.9","pmil","0","55.710","deg","20.000","°C","100.000","%a.s.","22.780","deg","20.000","°C","969.000","hPa","0.82","-0.015","0.00036","-0.00014","0","10","Humid","58.27","1","2500.00","297321.86","SADF0001000082","ABF0.1.0.10","4.0.0.2393","PSt7-10","250224-007","7/27/2025 6:28:56 PM","0000-00","0","no battery","V","","µV","","µV"
"03/05/2026","13:35:17","2","default","813736599","OXY_06","19.300","min","196.681","μmol/L","Humid","22.825","deg","71964","µV","23.925","°C","1017.000","hPa","34.9","pmil","0","55.710","deg","20.000","°C","100.000","%a.s.","22.780","deg","20.000","°C","969.000","hPa","0.82","-0.015","0.00036","-0.00014","0","10","Humid","58.27","1","2500.00","297338.38","SADF0001000082","ABF0.1.0.10","4.0.0.2393","PSt7-10","250224-007","7/27/2025 6:28:56 PM","0000-00","0","no battery","V","","µV","","µV"
"03/05/2026","13:35:19","2","default","813736599","OXY_06","19.334","min","196.491","μmol/L","Humid","22.826","deg","71968","µV","23.956","°C","1017.000","hPa","34.9","pmil","0","55.710","deg","20.000","°C","100.000","%a.s.","22.780","deg","20.000","°C","969.000","hPa","0.82","-0.015","0.00036","-0.00014","0","10","Humid","58.27","1","2500.00","297335.17","SADF0001000082","ABF0.1.0.10","4.0.0.2393","PSt7-10","250224-007","7/27/2025 6:28:56 PM","0000-00","0","no battery","V","","µV","","µV"
"03/05/2026","13:35:21","2","default","813736599","OXY_06","19.367","min","196.458","μmol/L","Humid","22.828","deg","71968","µV","23.956","°C","1017.000","hPa","34.9","pmil","0","55.710","deg","20.000","°C","100.000","%a.s.","22.780","deg","20.000","°C","969.000","hPa","0.82","-0.015","0.00036","-0.00014","0","10","Humid","58.27","1","2500.00","297331.19","SADF0001000082","ABF0.1.0.10","4.0.0.2393","PSt7-10","250224-007","7/27/2025 6:28:56 PM","0000-00","0","no battery","V","","µV","","µV"
"03/05/2026","13:35:23","2","default","813736599","OXY_06","19.400","min","196.529","μmol/L","Humid","22.830","deg","71972","µV","23.937","°C","1017.000","hPa","34.9","pmil","0","55.710","deg","20.000","°C","100.000","%a.s.","22.780","deg","20.000","°C","969.000","hPa","0.82","-0.015","0.00036","-0.00014","0","10","Humid","58.27","1","2500.00","297330.31","SADF0001000082","ABF0.1.0.10","4.0.0.2393","PSt7-10","250224-007","7/27/2025 6:28:56 PM","0000-00","0","no battery","V","","µV","","µV"
"03/05/2026","13:35:25","2","default","813736599","OXY_06","19.433","min","196.441","μmol/L","Humid","22.829","deg","71978","µV","23.956","°C","1017.000","hPa","34.9","pmil","0","55.710","deg","20.000","°C","100.000","%a.s.","22.780","deg","20.000","°C","969.000","hPa","0.82","-0.015","0.00036","-0.00014","0","10","Humid","58.27","1","2500.00","297327.68","SADF0001000082","ABF0.1.0.10","4.0.0.2393","PSt7-10","250224-007","7/27/2025 6:28:56 PM","0000-00","0","no battery","V","","µV","","µV"
"03/05/2026","13:35:27","2","default","813736599","OXY_06","19.466","min","196.512","μmol/L","Humid","22.831","deg","71979","µV","23.937","°C","1017.000","hPa","34.9","pmil","0","55.710","deg","20.000","°C","100.000","%a.s.","22.780","deg","20.000","°C","969.000","hPa","0.82","-0.015","0.00036","-0.00014","0","10","Humid","58.27","1","2500.00","297333.41","SADF0001000082","ABF0.1.0.10","4.0.0.2393","PSt7-10","250224-007","7/27/2025 6:28:56 PM","0000-00","0","no battery","V","","µV","","µV"
"03/05/2026","13:35:29","2","default","813736599","OXY_06","19.500","min","196.326","μmol/L","Humid","22.838","deg","72001","µV","23.950","°C","1017.000","hPa","34.9","pmil","0","55.710","deg","20.000","°C","100.000","%a.s.","22.780","deg","20.000","°C","969.000","hPa","0.82","-0.015","0.00036","-0.00014","0","10","Humid","58.27","1","2500.00","297332.43","SADF0001000082","ABF0.1.0.10","4.0.0.2393","PSt7-10","250224-007","7/27/2025 6:28:56 PM","0000-00","0","no battery","V","","µV","","µV"
"03/05/2026","13:35:31","2","default","813736599","OXY_06","19.533","min","196.277","μmol/L","Humid","22.841","deg","72018","µV","23.950","°C","1017.000","hPa","34.9","pmil","0","55.710","deg","20.000","°C","100.000","%a.s.","22.780","deg","20.000","°C","969.000","hPa","0.82","-0.015","0.00036","-0.00014","0","10","Humid","58.27","1","2500.00","297322.89","SADF0001000082","ABF0.1.0.10","4.0.0.2393","PSt7-10","250224-007","7/27/2025 6:28:56 PM","0000-00","0","no battery","V","","µV","","µV"
"03/05/2026","13:35:33","2","default","813736599","OXY_06","19.567","min","196.328","μmol/L","Humid","22.840","deg","72017","µV","23.944","°C","1017.000","hPa","34.9","pmil","0","55.710","deg","20.000","°C","100.000","%a.s.","22.780","deg","20.000","°C","969.000","hPa","0.82","-0.015","0.00036","-0.00014","0","10","Humid","58.27","1","2500.00","297331.49","SADF0001000082","ABF0.1.0.10","4.0.0.2393","PSt7-10","250224-007","7/27/2025 6:28:56 PM","0000-00","0","no battery","V","","µV","","µV"
"03/05/2026","13:35:35","2","default","813736599","OXY_06","19.599","min","196.224","μmol/L","Humid","22.840","deg","72025","µV","23.962","°C","1017.000","hPa","34.9","pmil","0","55.710","deg","20.000","°C","100.000","%a.s.","22.780","deg","20.000","°C","969.000","hPa","0.82","-0.015","0.00036","-0.00014","0","10","Humid","58.27","1","2500.00","297334.37","SADF0001000082","ABF0.1.0.10","4.0.0.2393","PSt7-10","250224-007","7/27/2025 6:28:56 PM","0000-00","0","no battery","V","","µV","","µV"
"03/05/2026","13:35:37","2","default","813736599","OXY_06","19.633","min","196.362","μmol/L","Humid","22.840","deg","72014","µV","23.937","°C","1017.000","hPa","34.9","pmil","0","55.710","deg","20.000","°C","100.000","%a.s.","22.780","deg","20.000","°C","969.000","hPa","0.82","-0.015","0.00036","-0.00014","0","10","Humid","58.27","1","2500.00","297324.39","SADF0001000082","ABF0.1.0.10","4.0.0.2393","PSt7-10","250224-007","7/27/2025 6:28:56 PM","0000-00","0","no battery","V","","µV","","µV"
"03/05/2026","13:35:39","2","default","813736599","OXY_06","19.667","min","196.346","μmol/L","Humid","22.841","deg","72023","µV","23.937","°C","1017.000","hPa","34.9","pmil","0","55.710","deg","20.000","°C","100.000","%a.s.","22.780","deg","20.000","°C","969.000","hPa","0.82","-0.015","0.00036","-0.00014","0","10","Humid","58.27","1","2500.00","297329.70","SADF0001000082","ABF0.1.0.10","4.0.0.2393","PSt7-10","250224-007","7/27/2025 6:28:56 PM","0000-00","0","no battery","V","","µV","","µV"
"03/05/2026","13:35:41","2","default","813736599","OXY_06","19.700","min","196.243","μmol/L","Humid","22.843","deg","72029","µV","23.950","°C","1017.000","hPa","34.9","pmil","0","55.710","deg","20.000","°C","100.000","%a.s.","22.780","deg","20.000","°C","969.000","hPa","0.82","-0.015","0.00036","-0.00014","0","10","Humid","58.27","1","2500.00","297331.65","SADF0001000082","ABF0.1.0.10","4.0.0.2393","PSt7-10","250224-007","7/27/2025 6:28:56 PM","0000-00","0","no battery","V","","µV","","µV"
"03/05/2026","13:35:43","2","default","813736599","OXY_06","19.733","min","196.248","μmol/L","Humid","22.849","deg","72044","µV","23.931","°C","1017.000","hPa","34.9","pmil","0","55.710","deg","20.000","°C","100.000","%a.s.","22.780","deg","20.000","°C","969.000","hPa","0.82","-0.015","0.00036","-0.00014","0","10","Humid","58.27","1","2500.00","297335.03","SADF0001000082","ABF0.1.0.10","4.0.0.2393","PSt7-10","250224-007","7/27/2025 6:28:56 PM","0000-00","0","no battery","V","","µV","","µV"
"03/05/2026","13:35:45","2","default","813736599","OXY_06","19.766","min","196.145","μmol/L","Humid","22.851","deg","72057","µV","23.944","°C","1017.000","hPa","34.9","pmil","0","55.710","deg","20.000","°C","100.000","%a.s.","22.780","deg","20.000","°C","969.000","hPa","0.82","-0.015","0.00036","-0.00014","0","10","Humid","58.27","1","2500.00","297338.39","SADF0001000082","ABF0.1.0.10","4.0.0.2393","PSt7-10","250224-007","7/27/2025 6:28:56 PM","0000-00","0","no battery","V","","µV","","µV"
"03/05/2026","13:35:47","2","default","813736599","OXY_06","19.800","min","196.096","μmol/L","Humid","22.854","deg","72075","µV","23.944","°C","1017.000","hPa","34.9","pmil","0","55.710","deg","20.000","°C","100.000","%a.s.","22.780","deg","20.000","°C","969.000","hPa","0.82","-0.015","0.00036","-0.00014","0","10","Humid","58.27","1","2500.00","297332.64","SADF0001000082","ABF0.1.0.10","4.0.0.2393","PSt7-10","250224-007","7/27/2025 6:28:56 PM","0000-00","0","no battery","V","","µV","","µV"
"03/05/2026","13:35:49","2","default","813736599","OXY_06","19.833","min","196.064","μmol/L","Humid","22.858","deg","72070","µV","23.937","°C","1017.000","hPa","34.9","pmil","0","55.710","deg","20.000","°C","100.000","%a.s.","22.780","deg","20.000","°C","969.000","hPa","0.82","-0.015","0.00036","-0.00014","0","10","Humid","58.27","1","2500.00","297328.80","SADF0001000082","ABF0.1.0.10","4.0.0.2393","PSt7-10","250224-007","7/27/2025 6:28:56 PM","0000-00","0","no battery","V","","µV","","µV"
"03/05/2026","13:35:51","2","default","813736599","OXY_06","19.867","min","196.147","μmol/L","Humid","22.853","deg","72073","µV","23.937","°C","1017.000","hPa","34.9","pmil","0","55.710","deg","20.000","°C","100.000","%a.s.","22.780","deg","20.000","°C","969.000","hPa","0.82","-0.015","0.00036","-0.00014","0","10","Humid","58.27","1","2500.00","297339.23","SADF0001000082","ABF0.1.0.10","4.0.0.2393","PSt7-10","250224-007","7/27/2025 6:28:56 PM","0000-00","0","no battery","V","","µV","","µV"
"03/05/2026","13:35:53","2","default","813736599","OXY_06","19.900","min","196.046","μmol/L","Humid","22.857","deg","72074","µV","23.944","°C","1017.000","hPa","34.9","pmil","0","55.710","deg","20.000","°C","100.000","%a.s.","22.780","deg","20.000","°C","969.000","hPa","0.82","-0.015","0.00036","-0.00014","0","10","Humid","58.27","1","2500.00","297317.78","SADF0001000082","ABF0.1.0.10","4.0.0.2393","PSt7-10","250224-007","7/27/2025 6:28:56 PM","0000-00","0","no battery","V","","µV","","µV"
"03/05/2026","13:35:55","2","default","813736599","OXY_06","19.933","min","196.013","μmol/L","Humid","22.859","deg","72072","µV","23.944","°C","1017.000","hPa","34.9","pmil","0","55.710","deg","20.000","°C","100.000","%a.s.","22.780","deg","20.000","°C","969.000","hPa","0.82","-0.015","0.00036","-0.00014","0","10","Humid","58.27","1","2500.00","297334.02","SADF0001000082","ABF0.1.0.10","4.0.0.2393","PSt7-10","250224-007","7/27/2025 6:28:56 PM","0000-00","0","no battery","V","","µV","","µV"
"03/05/2026","13:35:57","2","default","813736599","OXY_06","19.967","min","196.147","μmol/L","Humid","22.853","deg","72066","µV","23.937","°C","1017.000","hPa","34.9","pmil","0","55.710","deg","20.000","°C","100.000","%a.s.","22.780","deg","20.000","°C","969.000","hPa","0.82","-0.015","0.00036","-0.00014","0","10","Humid","58.27","1","2500.00","297328.23","SADF0001000082","ABF0.1.0.10","4.0.0.2393","PSt7-10","250224-007","7/27/2025 6:28:56 PM","0000-00","0","no battery","V","","µV","","µV"
"03/05/2026","13:35:59","2","default","813736599","OXY_06","20.000","min","196.114","μmol/L","Humid","22.855","deg","72072","µV","23.937","°C","1017.000","hPa","34.9","pmil","0","55.710","deg","20.000","°C","100.000","%a.s.","22.780","deg","20.000","°C","969.000","hPa","0.82","-0.015","0.00036","-0.00014","0","10","Humid","58.27","1","2500.00","297321.70","SADF0001000082","ABF0.1.0.10","4.0.0.2393","PSt7-10","250224-007","7/27/2025 6:28:56 PM","0000-00","0","no battery","V","","µV","","µV"
"03/05/2026","13:36:01","2","default","813736599","OXY_06","20.033","min","196.082","μmol/L","Humid","22.859","deg","72080","µV","23.931","°C","1017.000","hPa","34.9","pmil","0","55.710","deg","20.000","°C","100.000","%a.s.","22.780","deg","20.000","°C","969.000","hPa","0.82","-0.015","0.00036","-0.00014","0","10","Humid","58.27","1","2500.00","297331.56","SADF0001000082","ABF0.1.0.10","4.0.0.2393","PSt7-10","250224-007","7/27/2025 6:28:56 PM","0000-00","0","no battery","V","","µV","","µV"
"03/05/2026","13:36:03","2","default","813736599","OXY_06","20.066","min","195.981","μmol/L","Humid","22.863","deg","72100","µV","23.937","°C","1017.000","hPa","34.9","pmil","0","55.710","deg","20.000","°C","100.000","%a.s.","22.780","deg","20.000","°C","969.000","hPa","0.82","-0.015","0.00036","-0.00014","0","10","Humid","58.27","1","2500.00","297331.09","SADF0001000082","ABF0.1.0.10","4.0.0.2393","PSt7-10","250224-007","7/27/2025 6:28:56 PM","0000-00","0","no battery","V","","µV","","µV"
"03/05/2026","13:36:05","2","default","813736599","OXY_06","20.100","min","195.902","μmol/L","Humid","22.874","deg","72145","µV","23.919","°C","1017.000","hPa","34.9","pmil","0","55.710","deg","20.000","°C","100.000","%a.s.","22.780","deg","20.000","°C","969.000","hPa","0.82","-0.015","0.00036","-0.00014","0","10","Humid","58.27","1","2500.00","297325.19","SADF0001000082","ABF0.1.0.10","4.0.0.2393","PSt7-10","250224-007","7/27/2025 6:28:56 PM","0000-00","0","no battery","V","","µV","","µV"
"03/05/2026","13:36:07","2","default","813736599","OXY_06","20.133","min","195.731","μmol/L","Humid","22.876","deg","72158","µV","23.944","°C","1017.000","hPa","34.9","pmil","0","55.710","deg","20.000","°C","100.000","%a.s.","22.780","deg","20.000","°C","969.000","hPa","0.82","-0.015","0.00036","-0.00014","0","10","Humid","58.27","1","2500.00","297319.03","SADF0001000082","ABF0.1.0.10","4.0.0.2393","PSt7-10","250224-007","7/27/2025 6:28:56 PM","0000-00","0","no battery","V","","µV","","µV"
"03/05/2026","13:36:09","2","default","813736599","OXY_06","20.167","min","195.544","μmol/L","Humid","22.879","deg","72163","µV","23.968","°C","1017.000","hPa","34.9","pmil","0","55.710","deg","20.000","°C","100.000","%a.s.","22.780","deg","20.000","°C","969.000","hPa","0.82","-0.015","0.00036","-0.00014","0","10","Humid","58.27","1","2500.00","297332.28","SADF0001000082","ABF0.1.0.10","4.0.0.2393","PSt7-10","250224-007","7/27/2025 6:28:56 PM","0000-00","0","no battery","V","","µV","","µV"
"03/05/2026","13:36:11","2","default","813736599","OXY_06","20.200","min","195.629","μmol/L","Humid","22.878","deg","72167","µV","23.956","°C","1017.000","hPa","34.9","pmil","0","55.710","deg","20.000","°C","100.000","%a.s.","22.780","deg","20.000","°C","969.000","hPa","0.82","-0.015","0.00036","-0.00014","0","10","Humid","58.27","1","2500.00","297327.27","SADF0001000082","ABF0.1.0.10","4.0.0.2393","PSt7-10","250224-007","7/27/2025 6:28:56 PM","0000-00","0","no battery","V","","µV","","µV"
"03/05/2026","13:36:13","2","default","813736599","OXY_06","20.233","min","195.617","μmol/L","Humid","22.885","deg","72180","µV","23.937","°C","1017.000","hPa","34.9","pmil","0","55.710","deg","20.000","°C","100.000","%a.s.","22.780","deg","20.000","°C","969.000","hPa","0.82","-0.015","0.00036","-0.00014","0","10","Humid","58.27","1","2500.00","297335.73","SADF0001000082","ABF0.1.0.10","4.0.0.2393","PSt7-10","250224-007","7/27/2025 6:28:56 PM","0000-00","0","no battery","V","","µV","","µV"
"03/05/2026","13:36:15","2","default","813736599","OXY_06","20.267","min","195.482","μmol/L","Humid","22.889","deg","72191","µV","23.950","°C","1017.000","hPa","34.9","pmil","0","55.710","deg","20.000","°C","100.000","%a.s.","22.780","deg","20.000","°C","969.000","hPa","0.82","-0.015","0.00036","-0.00014","0","10","Humid","58.27","1","2500.00","297343.58","SADF0001000082","ABF0.1.0.10","4.0.0.2393","PSt7-10","250224-007","7/27/2025 6:28:56 PM","0000-00","0","no battery","V","","µV","","µV"
"03/05/2026","13:36:17","2","default","813736599","OXY_06","20.299","min","195.686","μmol/L","Humid","22.885","deg","72182","µV","23.925","°C","1017.000","hPa","34.9","pmil","0","55.710","deg","20.000","°C","100.000","%a.s.","22.780","deg","20.000","°C","969.000","hPa","0.82","-0.015","0.00036","-0.00014","0","10","Humid","58.27","1","2500.00","297327.85","SADF0001000082","ABF0.1.0.10","4.0.0.2393","PSt7-10","250224-007","7/27/2025 6:28:56 PM","0000-00","0","no battery","V","","µV","","µV"
"03/05/2026","13:36:19","2","default","813736599","OXY_06","20.333","min","195.581","μmol/L","Humid","22.883","deg","72185","µV","23.950","°C","1017.000","hPa","34.9","pmil","0","55.710","deg","20.000","°C","100.000","%a.s.","22.780","deg","20.000","°C","969.000","hPa","0.82","-0.015","0.00036","-0.00014","0","10","Humid","58.27","1","2500.00","297317.34","SADF0001000082","ABF0.1.0.10","4.0.0.2393","PSt7-10","250224-007","7/27/2025 6:28:56 PM","0000-00","0","no battery","V","","µV","","µV"
"03/05/2026","13:36:21","2","default","813736599","OXY_06","20.366","min","195.685","μmol/L","Humid","22.883","deg","72188","µV","23.931","°C","1017.000","hPa","34.9","pmil","0","55.710","deg","20.000","°C","100.000","%a.s.","22.780","deg","20.000","°C","969.000","hPa","0.82","-0.015","0.00036","-0.00014","0","10","Humid","58.27","1","2500.00","297323.84","SADF0001000082","ABF0.1.0.10","4.0.0.2393","PSt7-10","250224-007","7/27/2025 6:28:56 PM","0000-00","0","no battery","V","","µV","","µV"
"03/05/2026","13:36:23","2","default","813736599","OXY_06","20.400","min","195.534","μmol/L","Humid","22.890","deg","72208","µV","23.937","°C","1017.000","hPa","34.9","pmil","0","55.710","deg","20.000","°C","100.000","%a.s.","22.780","deg","20.000","°C","969.000","hPa","0.82","-0.015","0.00036","-0.00014","0","10","Humid","58.27","1","2500.00","297333.75","SADF0001000082","ABF0.1.0.10","4.0.0.2393","PSt7-10","250224-007","7/27/2025 6:28:56 PM","0000-00","0","no battery","V","","µV","","µV"
"03/05/2026","13:36:25","2","default","813736599","OXY_06","20.433","min","195.518","μmol/L","Humid","22.891","deg","72205","µV","23.937","°C","1017.000","hPa","34.9","pmil","0","55.710","deg","20.000","°C","100.000","%a.s.","22.780","deg","20.000","°C","969.000","hPa","0.82","-0.015","0.00036","-0.00014","0","10","Humid","58.27","1","2500.00","297332.11","SADF0001000082","ABF0.1.0.10","4.0.0.2393","PSt7-10","250224-007","7/27/2025 6:28:56 PM","0000-00","0","no battery","V","","µV","","µV"
"03/05/2026","13:36:27","2","default","813736599","OXY_06","20.466","min","195.482","μmol/L","Humid","22.889","deg","72215","µV","23.950","°C","1017.000","hPa","34.9","pmil","0","55.710","deg","20.000","°C","100.000","%a.s.","22.780","deg","20.000","°C","969.000","hPa","0.82","-0.015","0.00036","-0.00014","0","10","Humid","58.27","1","2500.00","297336.45","SADF0001000082","ABF0.1.0.10","4.0.0.2393","PSt7-10","250224-007","7/27/2025 6:28:56 PM","0000-00","0","no battery","V","","µV","","µV"
"03/05/2026","13:36:29","2","default","813736599","OXY_06","20.500","min","195.539","μmol/L","Humid","22.896","deg","72212","µV","23.919","°C","1017.000","hPa","34.9","pmil","0","55.710","deg","20.000","°C","100.000","%a.s.","22.780","deg","20.000","°C","969.000","hPa","0.82","-0.015","0.00036","-0.00014","0","10","Humid","58.27","1","2500.00","297330.89","SADF0001000082","ABF0.1.0.10","4.0.0.2393","PSt7-10","250224-007","7/27/2025 6:28:56 PM","0000-00","0","no battery","V","","µV","","µV"
"03/05/2026","13:36:31","2","default","813736599","OXY_06","20.533","min","195.398","μmol/L","Humid","22.892","deg","72216","µV","23.956","°C","1017.000","hPa","34.9","pmil","0","55.710","deg","20.000","°C","100.000","%a.s.","22.780","deg","20.000","°C","969.000","hPa","0.82","-0.015","0.00036","-0.00014","0","10","Humid","58.27","1","2500.00","297325.60","SADF0001000082","ABF0.1.0.10","4.0.0.2393","PSt7-10","250224-007","7/27/2025 6:28:56 PM","0000-00","0","no battery","V","","µV","","µV"
"03/05/2026","13:36:33","2","default","813736599","OXY_06","20.567","min","195.519","μmol/L","Humid","22.893","deg","72216","µV","23.931","°C","1017.000","hPa","34.9","pmil","0","55.710","deg","20.000","°C","100.000","%a.s.","22.780","deg","20.000","°C","969.000","hPa","0.82","-0.015","0.00036","-0.00014","0","10","Humid","58.27","1","2500.00","297323.09","SADF0001000082","ABF0.1.0.10","4.0.0.2393","PSt7-10","250224-007","7/27/2025 6:28:56 PM","0000-00","0","no battery","V","","µV","","µV"
"03/05/2026","13:36:35","2","default","813736599","OXY_06","20.600","min","195.402","μmol/L","Humid","22.898","deg","72231","µV","23.937","°C","1017.000","hPa","34.9","pmil","0","55.710","deg","20.000","°C","100.000","%a.s.","22.780","deg","20.000","°C","969.000","hPa","0.82","-0.015","0.00036","-0.00014","0","10","Humid","58.27","1","2500.00","297337.02","SADF0001000082","ABF0.1.0.10","4.0.0.2393","PSt7-10","250224-007","7/27/2025 6:28:56 PM","0000-00","0","no battery","V","","µV","","µV"
"03/05/2026","13:36:37","2","default","813736599","OXY_06","20.633","min","195.167","μmol/L","Humid","22.906","deg","72257","µV","23.956","°C","1017.000","hPa","34.9","pmil","0","55.710","deg","20.000","°C","100.000","%a.s.","22.780","deg","20.000","°C","969.000","hPa","0.82","-0.015","0.00036","-0.00014","0","10","Humid","58.27","1","2500.00","297333.21","SADF0001000082","ABF0.1.0.10","4.0.0.2393","PSt7-10","250224-007","7/27/2025 6:28:56 PM","0000-00","0","no battery","V","","µV","","µV"
"03/05/2026","13:36:39","2","default","813736599","OXY_06","20.667","min","195.204","μmol/L","Humid","22.910","deg","72262","µV","23.937","°C","1017.000","hPa","34.9","pmil","0","55.710","deg","20.000","°C","100.000","%a.s.","22.780","deg","20.000","°C","969.000","hPa","0.82","-0.015","0.00036","-0.00014","0","10","Humid","58.27","1","2500.00","297329.57","SADF0001000082","ABF0.1.0.10","4.0.0.2393","PSt7-10","250224-007","7/27/2025 6:28:56 PM","0000-00","0","no battery","V","","µV","","µV"
"03/05/2026","13:36:41","2","default","813736599","OXY_06","20.700","min","195.173","μmol/L","Humid","22.914","deg","72275","µV","23.931","°C","1017.000","hPa","34.9","pmil","0","55.710","deg","20.000","°C","100.000","%a.s.","22.780","deg","20.000","°C","969.000","hPa","0.82","-0.015","0.00036","-0.00014","0","10","Humid","58.27","1","2500.00","297323.75","SADF0001000082","ABF0.1.0.10","4.0.0.2393","PSt7-10","250224-007","7/27/2025 6:28:56 PM","0000-00","0","no battery","V","","µV","","µV"
"03/05/2026","13:36:43","2","default","813736599","OXY_06","20.733","min","195.240","μmol/L","Humid","22.912","deg","72275","µV","23.925","°C","1017.000","hPa","34.9","pmil","0","55.710","deg","20.000","°C","100.000","%a.s.","22.780","deg","20.000","°C","969.000","hPa","0.82","-0.015","0.00036","-0.00014","0","10","Humid","58.27","1","2500.00","297331.10","SADF0001000082","ABF0.1.0.10","4.0.0.2393","PSt7-10","250224-007","7/27/2025 6:28:56 PM","0000-00","0","no battery","V","","µV","","µV"
"03/05/2026","13:36:45","2","default","813736599","OXY_06","20.766","min","195.222","μmol/L","Humid","22.911","deg","72272","µV","23.931","°C","1017.000","hPa","34.9","pmil","0","55.710","deg","20.000","°C","100.000","%a.s.","22.780","deg","20.000","°C","969.000","hPa","0.82","-0.015","0.00036","-0.00014","0","10","Humid","58.27","1","2500.00","297324.57","SADF0001000082","ABF0.1.0.10","4.0.0.2393","PSt7-10","250224-007","7/27/2025 6:28:56 PM","0000-00","0","no battery","V","","µV","","µV"
"03/05/2026","13:36:47","2","default","813736599","OXY_06","20.800","min","195.237","μmol/L","Humid","22.908","deg","72265","µV","23.937","°C","1017.000","hPa","34.9","pmil","0","55.710","deg","20.000","°C","100.000","%a.s.","22.780","deg","20.000","°C","969.000","hPa","0.82","-0.015","0.00036","-0.00014","0","10","Humid","58.27","1","2500.00","297320.16","SADF0001000082","ABF0.1.0.10","4.0.0.2393","PSt7-10","250224-007","7/27/2025 6:28:56 PM","0000-00","0","no battery","V","","µV","","µV"
"03/05/2026","13:36:49","2","default","813736599","OXY_06","20.833","min","195.339","μmol/L","Humid","22.906","deg","72269","µV","23.925","°C","1017.000","hPa","34.9","pmil","0","55.710","deg","20.000","°C","100.000","%a.s.","22.780","deg","20.000","°C","969.000","hPa","0.82","-0.015","0.00036","-0.00014","0","10","Humid","58.27","1","2500.00","297325.71","SADF0001000082","ABF0.1.0.10","4.0.0.2393","PSt7-10","250224-007","7/27/2025 6:28:56 PM","0000-00","0","no battery","V","","µV","","µV"
"03/05/2026","13:36:51","2","default","813736599","OXY_06","20.867","min","195.237","μmol/L","Humid","22.908","deg","72261","µV","23.937","°C","1017.000","hPa","34.9","pmil","0","55.710","deg","20.000","°C","100.000","%a.s.","22.780","deg","20.000","°C","969.000","hPa","0.82","-0.015","0.00036","-0.00014","0","10","Humid","58.27","1","2500.00","297326.90","SADF0001000082","ABF0.1.0.10","4.0.0.2393","PSt7-10","250224-007","7/27/2025 6:28:56 PM","0000-00","0","no battery","V","","µV","","µV"
"03/05/2026","13:36:53","2","default","813736599","OXY_06","20.900","min","195.204","μmol/L","Humid","22.910","deg","72271","µV","23.937","°C","1017.000","hPa","34.9","pmil","0","55.710","deg","20.000","°C","100.000","%a.s.","22.780","deg","20.000","°C","969.000","hPa","0.82","-0.015","0.00036","-0.00014","0","10","Humid","58.27","1","2500.00","297329.92","SADF0001000082","ABF0.1.0.10","4.0.0.2393","PSt7-10","250224-007","7/27/2025 6:28:56 PM","0000-00","0","no battery","V","","µV","","µV"
"03/05/2026","13:36:55","2","default","813736599","OXY_06","20.933","min","195.119","μmol/L","Humid","22.911","deg","72314","µV","23.950","°C","1017.000","hPa","34.9","pmil","0","55.710","deg","20.000","°C","100.000","%a.s.","22.780","deg","20.000","°C","969.000","hPa","0.82","-0.015","0.00036","-0.00014","0","10","Humid","58.27","1","2500.00","297324.71","SADF0001000082","ABF0.1.0.10","4.0.0.2393","PSt7-10","250224-007","7/27/2025 6:28:56 PM","0000-00","0","no battery","V","","µV","","µV"
"03/05/2026","13:36:57","2","default","813736599","OXY_06","20.967","min","195.002","μmol/L","Humid","22.916","deg","72305","µV","23.956","°C","1017.000","hPa","34.9","pmil","0","55.710","deg","20.000","°C","100.000","%a.s.","22.780","deg","20.000","°C","969.000","hPa","0.82","-0.015","0.00036","-0.00014","0","10","Humid","58.27","1","2500.00","297331.21","SADF0001000082","ABF0.1.0.10","4.0.0.2393","PSt7-10","250224-007","7/27/2025 6:28:56 PM","0000-00","0","no battery","V","","µV","","µV"
"03/05/2026","13:36:59","2","default","813736599","OXY_06","21.000","min","195.310","μmol/L","Humid","22.914","deg","72303","µV","23.907","°C","1017.000","hPa","34.9","pmil","0","55.710","deg","20.000","°C","100.000","%a.s.","22.780","deg","20.000","°C","969.000","hPa","0.82","-0.015","0.00036","-0.00014","0","10","Humid","58.27","1","2500.00","297326.77","SADF0001000082","ABF0.1.0.10","4.0.0.2393","PSt7-10","250224-007","7/27/2025 6:28:56 PM","0000-00","0","no battery","V","","µV","","µV"
"03/05/2026","13:37:01","2","default","813736599","OXY_06","21.034","min","195.143","μmol/L","Humid","22.920","deg","72299","µV","23.919","°C","1017.000","hPa","34.9","pmil","0","55.710","deg","20.000","°C","100.000","%a.s.","22.780","deg","20.000","°C","969.000","hPa","0.82","-0.015","0.00036","-0.00014","0","10","Humid","58.27","1","2500.00","297322.57","SADF0001000082","ABF0.1.0.10","4.0.0.2393","PSt7-10","250224-007","7/27/2025 6:28:56 PM","0000-00","0","no battery","V","","µV","","µV"
"03/05/2026","13:37:03","2","default","813736599","OXY_06","21.067","min","195.089","μmol/L","Humid","22.917","deg","72291","µV","23.937","°C","1017.000","hPa","34.9","pmil","0","55.710","deg","20.000","°C","100.000","%a.s.","22.780","deg","20.000","°C","969.000","hPa","0.82","-0.015","0.00036","-0.00014","0","10","Humid","58.27","1","2500.00","297328.54","SADF0001000082","ABF0.1.0.10","4.0.0.2393","PSt7-10","250224-007","7/27/2025 6:28:56 PM","0000-00","0","no battery","V","","µV","","µV"
"03/05/2026","13:37:05","2","default","813736599","OXY_06","21.099","min","195.158","μmol/L","Humid","22.917","deg","72300","µV","23.925","°C","1017.000","hPa","34.9","pmil","0","55.710","deg","20.000","°C","100.000","%a.s.","22.780","deg","20.000","°C","969.000","hPa","0.82","-0.015","0.00036","-0.00014","0","10","Humid","58.27","1","2500.00","297319.59","SADF0001000082","ABF0.1.0.10","4.0.0.2393","PSt7-10","250224-007","7/27/2025 6:28:56 PM","0000-00","0","no battery","V","","µV","","µV"
"03/05/2026","13:37:07","2","default","813736599","OXY_06","21.133","min","195.023","μmol/L","Humid","22.921","deg","72317","µV","23.937","°C","1017.000","hPa","34.9","pmil","0","55.710","deg","20.000","°C","100.000","%a.s.","22.780","deg","20.000","°C","969.000","hPa","0.82","-0.015","0.00036","-0.00014","0","10","Humid","58.27","1","2500.00","297326.33","SADF0001000082","ABF0.1.0.10","4.0.0.2393","PSt7-10","250224-007","7/27/2025 6:28:56 PM","0000-00","0","no battery","V","","µV","","µV"
"03/05/2026","13:37:09","2","default","813736599","OXY_06","21.167","min","194.974","μmol/L","Humid","22.924","deg","72328","µV","23.937","°C","1017.000","hPa","34.9","pmil","0","55.710","deg","20.000","°C","100.000","%a.s.","22.780","deg","20.000","°C","969.000","hPa","0.82","-0.015","0.00036","-0.00014","0","10","Humid","58.27","1","2500.00","297322.07","SADF0001000082","ABF0.1.0.10","4.0.0.2393","PSt7-10","250224-007","7/27/2025 6:28:56 PM","0000-00","0","no battery","V","","µV","","µV"
"03/05/2026","13:37:11","2","default","813736599","OXY_06","21.200","min","195.008","μmol/L","Humid","22.924","deg","72326","µV","23.931","°C","1017.000","hPa","34.9","pmil","0","55.710","deg","20.000","°C","100.000","%a.s.","22.780","deg","20.000","°C","969.000","hPa","0.82","-0.015","0.00036","-0.00014","0","10","Humid","58.27","1","2500.00","297324.73","SADF0001000082","ABF0.1.0.10","4.0.0.2393","PSt7-10","250224-007","7/27/2025 6:28:56 PM","0000-00","0","no battery","V","","µV","","µV"
"03/05/2026","13:37:13","2","default","813736599","OXY_06","21.234","min","194.972","μmol/L","Humid","22.922","deg","72325","µV","23.944","°C","1017.000","hPa","34.9","pmil","0","55.710","deg","20.000","°C","100.000","%a.s.","22.780","deg","20.000","°C","969.000","hPa","0.82","-0.015","0.00036","-0.00014","0","10","Humid","58.27","1","2500.00","297322.64","SADF0001000082","ABF0.1.0.10","4.0.0.2393","PSt7-10","250224-007","7/27/2025 6:28:56 PM","0000-00","0","no battery","V","","µV","","µV"
"03/05/2026","13:37:15","2","default","813736599","OXY_06","21.266","min","194.938","μmol/L","Humid","22.922","deg","72334","µV","23.950","°C","1017.000","hPa","34.9","pmil","0","55.710","deg","20.000","°C","100.000","%a.s.","22.780","deg","20.000","°C","969.000","hPa","0.82","-0.015","0.00036","-0.00014","0","10","Humid","58.27","1","2500.00","297323.85","SADF0001000082","ABF0.1.0.10","4.0.0.2393","PSt7-10","250224-007","7/27/2025 6:28:56 PM","0000-00","0","no battery","V","","µV","","µV"
"03/05/2026","13:37:17","2","default","813736599","OXY_06","21.300","min","194.905","μmol/L","Humid","22.924","deg","72329","µV","23.950","°C","1017.000","hPa","34.9","pmil","0","55.710","deg","20.000","°C","100.000","%a.s.","22.780","deg","20.000","°C","969.000","hPa","0.82","-0.015","0.00036","-0.00014","0","10","Humid","58.27","1","2500.00","297331.71","SADF0001000082","ABF0.1.0.10","4.0.0.2393","PSt7-10","250224-007","7/27/2025 6:28:56 PM","0000-00","0","no battery","V","","µV","","µV"
"03/05/2026","13:37:19","2","default","813736599","OXY_06","21.333","min","194.995","μmol/L","Humid","22.929","deg","72338","µV","23.919","°C","1017.000","hPa","34.9","pmil","0","55.710","deg","20.000","°C","100.000","%a.s.","22.780","deg","20.000","°C","969.000","hPa","0.82","-0.015","0.00036","-0.00014","0","10","Humid","58.27","1","2500.00","297337.01","SADF0001000082","ABF0.1.0.10","4.0.0.2393","PSt7-10","250224-007","7/27/2025 6:28:56 PM","0000-00","0","no battery","V","","µV","","µV"
"03/05/2026","13:37:21","2","default","813736599","OXY_06","21.367","min","194.723","μmol/L","Humid","22.933","deg","72347","µV","23.956","°C","1017.000","hPa","34.9","pmil","0","55.710","deg","20.000","°C","100.000","%a.s.","22.780","deg","20.000","°C","969.000","hPa","0.82","-0.015","0.00036","-0.00014","0","10","Humid","58.27","1","2500.00","297337.70","SADF0001000082","ABF0.1.0.10","4.0.0.2393","PSt7-10","250224-007","7/27/2025 6:28:56 PM","0000-00","0","no battery","V","","µV","","µV"
"03/05/2026","13:37:23","2","default","813736599","OXY_06","21.400","min","194.839","μmol/L","Humid","22.928","deg","72355","µV","23.950","°C","1017.000","hPa","34.9","pmil","0","55.710","deg","20.000","°C","100.000","%a.s.","22.780","deg","20.000","°C","969.000","hPa","0.82","-0.015","0.00036","-0.00014","0","10","Humid","58.27","1","2500.00","297329.80","SADF0001000082","ABF0.1.0.10","4.0.0.2393","PSt7-10","250224-007","7/27/2025 6:28:56 PM","0000-00","0","no battery","V","","µV","","µV"
"03/05/2026","13:37:25","2","default","813736599","OXY_06","21.433","min","194.926","μmol/L","Humid","22.929","deg","72354","µV","23.931","°C","1017.000","hPa","34.9","pmil","0","55.710","deg","20.000","°C","100.000","%a.s.","22.780","deg","20.000","°C","969.000","hPa","0.82","-0.015","0.00036","-0.00014","0","10","Humid","58.27","1","2500.00","297327.83","SADF0001000082","ABF0.1.0.10","4.0.0.2393","PSt7-10","250224-007","7/27/2025 6:28:56 PM","0000-00","0","no battery","V","","µV","","µV"
"03/05/2026","13:37:27","2","default","813736599","OXY_06","21.467","min","194.826","μmol/L","Humid","22.933","deg","72376","µV","23.937","°C","1017.000","hPa","34.9","pmil","0","55.710","deg","20.000","°C","100.000","%a.s.","22.780","deg","20.000","°C","969.000","hPa","0.82","-0.015","0.00036","-0.00014","0","10","Humid","58.27","1","2500.00","297337.01","SADF0001000082","ABF0.1.0.10","4.0.0.2393","PSt7-10","250224-007","7/27/2025 6:28:56 PM","0000-00","0","no battery","V","","µV","","µV"
"03/05/2026","13:37:29","2","default","813736599","OXY_06","21.500","min","194.761","μmol/L","Humid","22.939","deg","72390","µV","23.931","°C","1017.000","hPa","34.9","pmil","0","55.710","deg","20.000","°C","100.000","%a.s.","22.780","deg","20.000","°C","969.000","hPa","0.82","-0.015","0.00036","-0.00014","0","10","Humid","58.27","1","2500.00","297327.64","SADF0001000082","ABF0.1.0.10","4.0.0.2393","PSt7-10","250224-007","7/27/2025 6:28:56 PM","0000-00","0","no battery","V","","µV","","µV"
"03/05/2026","13:37:31","2","default","813736599","OXY_06","21.533","min","194.445","μmol/L","Humid","22.952","deg","72407","µV","23.950","°C","1017.000","hPa","34.9","pmil","0","55.710","deg","20.000","°C","100.000","%a.s.","22.780","deg","20.000","°C","969.000","hPa","0.82","-0.015","0.00036","-0.00014","0","10","Humid","58.27","1","2500.00","297322.64","SADF0001000082","ABF0.1.0.10","4.0.0.2393","PSt7-10","250224-007","7/27/2025 6:28:56 PM","0000-00","0","no battery","V","","µV","","µV"
"03/05/2026","13:37:33","2","default","813736599","OXY_06","21.567","min","194.579","μmol/L","Humid","22.948","deg","72413","µV","23.937","°C","1017.000","hPa","34.9","pmil","0","55.710","deg","20.000","°C","100.000","%a.s.","22.780","deg","20.000","°C","969.000","hPa","0.82","-0.015","0.00036","-0.00014","0","10","Humid","58.27","1","2500.00","297328.90","SADF0001000082","ABF0.1.0.10","4.0.0.2393","PSt7-10","250224-007","7/27/2025 6:28:56 PM","0000-00","0","no battery","V","","µV","","µV"
"03/05/2026","13:37:35","2","default","813736599","OXY_06","21.600","min","194.645","μmol/L","Humid","22.944","deg","72419","µV","23.937","°C","1017.000","hPa","34.9","pmil","0","55.710","deg","20.000","°C","100.000","%a.s.","22.780","deg","20.000","°C","969.000","hPa","0.82","-0.015","0.00036","-0.00014","0","10","Humid","58.27","1","2500.00","297321.12","SADF0001000082","ABF0.1.0.10","4.0.0.2393","PSt7-10","250224-007","7/27/2025 6:28:56 PM","0000-00","0","no battery","V","","µV","","µV"
"03/05/2026","13:37:37","2","default","813736599","OXY_06","21.633","min","194.628","μmol/L","Humid","22.945","deg","72421","µV","23.937","°C","1017.000","hPa","34.9","pmil","0","55.710","deg","20.000","°C","100.000","%a.s.","22.780","deg","20.000","°C","969.000","hPa","0.82","-0.015","0.00036","-0.00014","0","10","Humid","58.27","1","2500.00","297332.11","SADF0001000082","ABF0.1.0.10","4.0.0.2393","PSt7-10","250224-007","7/27/2025 6:28:56 PM","0000-00","0","no battery","V","","µV","","µV"
"03/05/2026","13:37:39","2","default","813736599","OXY_06","21.667","min","194.715","μmol/L","Humid","22.946","deg","72420","µV","23.919","°C","1017.000","hPa","34.9","pmil","0","55.710","deg","20.000","°C","100.000","%a.s.","22.780","deg","20.000","°C","969.000","hPa","0.82","-0.015","0.00036","-0.00014","0","10","Humid","58.27","1","2500.00","297343.70","SADF0001000082","ABF0.1.0.10","4.0.0.2393","PSt7-10","250224-007","7/27/2025 6:28:56 PM","0000-00","0","no battery","V","","µV","","µV"
"03/05/2026","13:37:41","2","default","813736599","OXY_06","21.700","min","194.701","μmol/L","Humid","22.951","deg","72416","µV","23.907","°C","1017.000","hPa","34.9","pmil","0","55.710","deg","20.000","°C","100.000","%a.s.","22.780","deg","20.000","°C","969.000","hPa","0.82","-0.015","0.00036","-0.00014","0","10","Humid","58.27","1","2500.00","297326.67","SADF0001000082","ABF0.1.0.10","4.0.0.2393","PSt7-10","250224-007","7/27/2025 6:28:56 PM","0000-00","0","no battery","V","","µV","","µV"
"03/05/2026","13:37:43","2","default","813736599","OXY_06","21.733","min","194.596","μmol/L","Humid","22.947","deg","72413","µV","23.937","°C","1017.000","hPa","34.9","pmil","0","55.710","deg","20.000","°C","100.000","%a.s.","22.780","deg","20.000","°C","969.000","hPa","0.82","-0.015","0.00036","-0.00014","0","10","Humid","58.27","1","2500.00","297332.38","SADF0001000082","ABF0.1.0.10","4.0.0.2393","PSt7-10","250224-007","7/27/2025 6:28:56 PM","0000-00","0","no battery","V","","µV","","µV"
"03/05/2026","13:37:45","2","default","813736599","OXY_06","21.767","min","194.463","μmol/L","Humid","22.953","deg","72441","µV","23.944","°C","1017.000","hPa","34.9","pmil","0","55.710","deg","20.000","°C","100.000","%a.s.","22.780","deg","20.000","°C","969.000","hPa","0.82","-0.015","0.00036","-0.00014","0","10","Humid","58.27","1","2500.00","297334.03","SADF0001000082","ABF0.1.0.10","4.0.0.2393","PSt7-10","250224-007","7/27/2025 6:28:56 PM","0000-00","0","no battery","V","","µV","","µV"
"03/05/2026","13:37:47","2","default","813736599","OXY_06","21.800","min","194.333","μmol/L","Humid","22.963","deg","72466","µV","23.937","°C","1017.000","hPa","34.9","pmil","0","55.710","deg","20.000","°C","100.000","%a.s.","22.780","deg","20.000","°C","969.000","hPa","0.82","-0.015","0.00036","-0.00014","0","10","Humid","58.27","1","2500.00","297333.67","SADF0001000082","ABF0.1.0.10","4.0.0.2393","PSt7-10","250224-007","7/27/2025 6:28:56 PM","0000-00","0","no battery","V","","µV","","µV"
"03/05/2026","13:37:49","2","default","813736599","OXY_06","21.833","min","194.333","μmol/L","Humid","22.963","deg","72473","µV","23.937","°C","1017.000","hPa","34.9","pmil","0","55.710","deg","20.000","°C","100.000","%a.s.","22.780","deg","20.000","°C","969.000","hPa","0.82","-0.015","0.00036","-0.00014","0","10","Humid","58.27","1","2500.00","297335.81","SADF0001000082","ABF0.1.0.10","4.0.0.2393","PSt7-10","250224-007","7/27/2025 6:28:56 PM","0000-00","0","no battery","V","","µV","","µV"
"03/05/2026","13:37:51","2","default","813736599","OXY_06","21.866","min","194.466","μmol/L","Humid","22.957","deg","72478","µV","23.931","°C","1017.000","hPa","34.9","pmil","0","55.710","deg","20.000","°C","100.000","%a.s.","22.780","deg","20.000","°C","969.000","hPa","0.82","-0.015","0.00036","-0.00014","0","10","Humid","58.27","1","2500.00","297326.22","SADF0001000082","ABF0.1.0.10","4.0.0.2393","PSt7-10","250224-007","7/27/2025 6:28:56 PM","0000-00","0","no battery","V","","µV","","µV"
"03/05/2026","13:37:53","2","default","813736599","OXY_06","21.900","min","194.284","μmol/L","Humid","22.966","deg","72490","µV","23.937","°C","1017.000","hPa","34.9","pmil","0","55.710","deg","20.000","°C","100.000","%a.s.","22.780","deg","20.000","°C","969.000","hPa","0.82","-0.015","0.00036","-0.00014","0","10","Humid","58.27","1","2500.00","297339.62","SADF0001000082","ABF0.1.0.10","4.0.0.2393","PSt7-10","250224-007","7/27/2025 6:28:56 PM","0000-00","0","no battery","V","","µV","","µV"
"03/05/2026","13:37:55","2","default","813736599","OXY_06","21.933","min","194.136","μmol/L","Humid","22.975","deg","72513","µV","23.937","°C","1017.000","hPa","34.9","pmil","0","55.710","deg","20.000","°C","100.000","%a.s.","22.780","deg","20.000","°C","969.000","hPa","0.82","-0.015","0.00036","-0.00014","0","10","Humid","58.27","1","2500.00","297332.33","SADF0001000082","ABF0.1.0.10","4.0.0.2393","PSt7-10","250224-007","7/27/2025 6:28:56 PM","0000-00","0","no battery","V","","µV","","µV"
"03/05/2026","13:37:57","2","default","813736599","OXY_06","21.967","min","194.117","μmol/L","Humid","22.972","deg","72527","µV","23.950","°C","1017.000","hPa","34.9","pmil","0","55.710","deg","20.000","°C","100.000","%a.s.","22.780","deg","20.000","°C","969.000","hPa","0.82","-0.015","0.00036","-0.00014","0","10","Humid","58.27","1","2500.00","297336.21","SADF0001000082","ABF0.1.0.10","4.0.0.2393","PSt7-10","250224-007","7/27/2025 6:28:56 PM","0000-00","0","no battery","V","","µV","","µV"
"03/05/2026","13:37:59","2","default","813736599","OXY_06","22.000","min","194.005","μmol/L","Humid","22.983","deg","72546","µV","23.937","°C","1017.000","hPa","34.9","pmil","0","55.710","deg","20.000","°C","100.000","%a.s.","22.780","deg","20.000","°C","969.000","hPa","0.82","-0.015","0.00036","-0.00014","0","10","Humid","58.27","1","2500.00","297339.07","SADF0001000082","ABF0.1.0.10","4.0.0.2393","PSt7-10","250224-007","7/27/2025 6:28:56 PM","0000-00","0","no battery","V","","µV","","µV"
"03/05/2026","13:38:01","2","default","813736599","OXY_06","22.033","min","193.939","μmol/L","Humid","22.985","deg","72560","µV","23.944","°C","1017.000","hPa","34.9","pmil","0","55.710","deg","20.000","°C","100.000","%a.s.","22.780","deg","20.000","°C","969.000","hPa","0.82","-0.015","0.00036","-0.00014","0","10","Humid","58.27","1","2500.00","297339.26","SADF0001000082","ABF0.1.0.10","4.0.0.2393","PSt7-10","250224-007","7/27/2025 6:28:56 PM","0000-00","0","no battery","V","","µV","","µV"
"03/05/2026","13:38:03","2","default","813736599","OXY_06","22.067","min","193.973","μmol/L","Humid","22.985","deg","72565","µV","23.937","°C","1017.000","hPa","34.9","pmil","0","55.710","deg","20.000","°C","100.000","%a.s.","22.780","deg","20.000","°C","969.000","hPa","0.82","-0.015","0.00036","-0.00014","0","10","Humid","58.27","1","2500.00","297331.07","SADF0001000082","ABF0.1.0.10","4.0.0.2393","PSt7-10","250224-007","7/27/2025 6:28:56 PM","0000-00","0","no battery","V","","µV","","µV"
"03/05/2026","13:38:05","2","default","813736599","OXY_06","22.100","min","194.025","μmol/L","Humid","22.986","deg","72554","µV","23.925","°C","1017.000","hPa","34.9","pmil","0","55.710","deg","20.000","°C","100.000","%a.s.","22.780","deg","20.000","°C","969.000","hPa","0.82","-0.015","0.00036","-0.00014","0","10","Humid","58.27","1","2500.00","297339.29","SADF0001000082","ABF0.1.0.10","4.0.0.2393","PSt7-10","250224-007","7/27/2025 6:28:56 PM","0000-00","0","no battery","V","","µV","","µV"
"03/05/2026","13:38:07","2","default","813736599","OXY_06","22.133","min","193.939","μmol/L","Humid","22.985","deg","72554","µV","23.944","°C","1017.000","hPa","34.9","pmil","0","55.710","deg","20.000","°C","100.000","%a.s.","22.780","deg","20.000","°C","969.000","hPa","0.82","-0.015","0.00036","-0.00014","0","10","Humid","58.27","1","2500.00","297330.98","SADF0001000082","ABF0.1.0.10","4.0.0.2393","PSt7-10","250224-007","7/27/2025 6:28:56 PM","0000-00","0","no battery","V","","µV","","µV"
"03/05/2026","13:38:09","2","default","813736599","OXY_06","22.166","min","194.007","μmol/L","Humid","22.985","deg","72556","µV","23.931","°C","1017.000","hPa","34.9","pmil","0","55.710","deg","20.000","°C","100.000","%a.s.","22.780","deg","20.000","°C","969.000","hPa","0.82","-0.015","0.00036","-0.00014","0","10","Humid","58.27","1","2500.00","297325.15","SADF0001000082","ABF0.1.0.10","4.0.0.2393","PSt7-10","250224-007","7/27/2025 6:28:56 PM","0000-00","0","no battery","V","","µV","","µV"
"03/05/2026","13:38:11","2","default","813736599","OXY_06","22.200","min","193.839","μmol/L","Humid","22.989","deg","72574","µV","23.950","°C","1017.000","hPa","34.9","pmil","0","55.710","deg","20.000","°C","100.000","%a.s.","22.780","deg","20.000","°C","969.000","hPa","0.82","-0.015","0.00036","-0.00014","0","10","Humid","58.27","1","2500.00","297330.19","SADF0001000082","ABF0.1.0.10","4.0.0.2393","PSt7-10","250224-007","7/27/2025 6:28:56 PM","0000-00","0","no battery","V","","µV","","µV"
"03/05/2026","13:38:13","2","default","813736599","OXY_06","22.233","min","193.809","μmol/L","Humid","22.995","deg","72582","µV","23.937","°C","1017.000","hPa","34.9","pmil","0","55.710","deg","20.000","°C","100.000","%a.s.","22.780","deg","20.000","°C","969.000","hPa","0.82","-0.015","0.00036","-0.00014","0","10","Humid","58.27","1","2500.00","297332.24","SADF0001000082","ABF0.1.0.10","4.0.0.2393","PSt7-10","250224-007","7/27/2025 6:28:56 PM","0000-00","0","no battery","V","","µV","","µV"
"03/05/2026","13:38:15","2","default","813736599","OXY_06","22.266","min","193.676","μmol/L","Humid","22.999","deg","72595","µV","23.950","°C","1017.000","hPa","34.9","pmil","0","55.710","deg","20.000","°C","100.000","%a.s.","22.780","deg","20.000","°C","969.000","hPa","0.82","-0.015","0.00036","-0.00014","0","10","Humid","58.27","1","2500.00","297334.15","SADF0001000082","ABF0.1.0.10","4.0.0.2393","PSt7-10","250224-007","7/27/2025 6:28:56 PM","0000-00","0","no battery","V","","µV","","µV"
"03/05/2026","13:38:17","2","default","813736599","OXY_06","22.300","min","193.823","μmol/L","Humid","22.990","deg","72584","µV","23.950","°C","1017.000","hPa","34.9","pmil","0","55.710","deg","20.000","°C","100.000","%a.s.","22.780","deg","20.000","°C","969.000","hPa","0.82","-0.015","0.00036","-0.00014","0","10","Humid","58.27","1","2500.00","297329.80","SADF0001000082","ABF0.1.0.10","4.0.0.2393","PSt7-10","250224-007","7/27/2025 6:28:56 PM","0000-00","0","no battery","V","","µV","","µV"
"03/05/2026","13:38:19","2","default","813736599","OXY_06","22.333","min","193.843","μmol/L","Humid","22.995","deg","72584","µV","23.931","°C","1017.000","hPa","34.9","pmil","0","55.710","deg","20.000","°C","100.000","%a.s.","22.780","deg","20.000","°C","969.000","hPa","0.82","-0.015","0.00036","-0.00014","0","10","Humid","58.27","1","2500.00","297328.15","SADF0001000082","ABF0.1.0.10","4.0.0.2393","PSt7-10","250224-007","7/27/2025 6:28:56 PM","0000-00","0","no battery","V","","µV","","µV"
"03/05/2026","13:38:21","2","default","813736599","OXY_06","22.367","min","193.778","μmol/L","Humid","22.999","deg","72592","µV","23.931","°C","1017.000","hPa","34.9","pmil","0","55.710","deg","20.000","°C","100.000","%a.s.","22.780","deg","20.000","°C","969.000","hPa","0.82","-0.015","0.00036","-0.00014","0","10","Humid","58.27","1","2500.00","297327.21","SADF0001000082","ABF0.1.0.10","4.0.0.2393","PSt7-10","250224-007","7/27/2025 6:28:56 PM","0000-00","0","no battery","V","","µV","","µV"
"03/05/2026","13:38:23","2","default","813736599","OXY_06","22.400","min","193.762","μmol/L","Humid","23.000","deg","72595","µV","23.931","°C","1017.000","hPa","34.9","pmil","0","55.710","deg","20.000","°C","100.000","%a.s.","22.780","deg","20.000","°C","969.000","hPa","0.82","-0.015","0.00036","-0.00014","0","10","Humid","58.27","1","2500.00","297338.02","SADF0001000082","ABF0.1.0.10","4.0.0.2393","PSt7-10","250224-007","7/27/2025 6:28:56 PM","0000-00","0","no battery","V","","µV","","µV"
"03/05/2026","13:38:25","2","default","813736599","OXY_06","22.433","min","193.696","μmol/L","Humid","23.004","deg","72603","µV","23.931","°C","1017.000","hPa","34.9","pmil","0","55.710","deg","20.000","°C","100.000","%a.s.","22.780","deg","20.000","°C","969.000","hPa","0.82","-0.015","0.00036","-0.00014","0","10","Humid","58.27","1","2500.00","297348.30","SADF0001000082","ABF0.1.0.10","4.0.0.2393","PSt7-10","250224-007","7/27/2025 6:28:56 PM","0000-00","0","no battery","V","","µV","","µV"
"03/05/2026","13:38:27","2","default","813736599","OXY_06","22.466","min","193.643","μmol/L","Humid","23.001","deg","72606","µV","23.950","°C","1017.000","hPa","34.9","pmil","0","55.710","deg","20.000","°C","100.000","%a.s.","22.780","deg","20.000","°C","969.000","hPa","0.82","-0.015","0.00036","-0.00014","0","10","Humid","58.27","1","2500.00","297333.79","SADF0001000082","ABF0.1.0.10","4.0.0.2393","PSt7-10","250224-007","7/27/2025 6:28:56 PM","0000-00","0","no battery","V","","µV","","µV"
"03/05/2026","13:38:29","2","default","813736599","OXY_06","22.500","min","193.693","μmol/L","Humid","23.000","deg","72606","µV","23.944","°C","1017.000","hPa","34.9","pmil","0","55.710","deg","20.000","°C","100.000","%a.s.","22.780","deg","20.000","°C","969.000","hPa","0.82","-0.015","0.00036","-0.00014","0","10","Humid","58.27","1","2500.00","297325.54","SADF0001000082","ABF0.1.0.10","4.0.0.2393","PSt7-10","250224-007","7/27/2025 6:28:56 PM","0000-00","0","no battery","V","","µV","","µV"
"03/05/2026","13:38:31","2","default","813736599","OXY_06","22.533","min","193.643","μmol/L","Humid","23.001","deg","72608","µV","23.950","°C","1017.000","hPa","34.9","pmil","0","55.710","deg","20.000","°C","100.000","%a.s.","22.780","deg","20.000","°C","969.000","hPa","0.82","-0.015","0.00036","-0.00014","0","10","Humid","58.27","1","2500.00","297320.88","SADF0001000082","ABF0.1.0.10","4.0.0.2393","PSt7-10","250224-007","7/27/2025 6:28:56 PM","0000-00","0","no battery","V","","µV","","µV"
"03/05/2026","13:38:33","2","default","813736599","OXY_06","22.567","min","193.863","μmol/L","Humid","22.998","deg","72601","µV","23.919","°C","1017.000","hPa","34.9","pmil","0","55.710","deg","20.000","°C","100.000","%a.s.","22.780","deg","20.000","°C","969.000","hPa","0.82","-0.015","0.00036","-0.00014","0","10","Humid","58.27","1","2500.00","297329.00","SADF0001000082","ABF0.1.0.10","4.0.0.2393","PSt7-10","250224-007","7/27/2025 6:28:56 PM","0000-00","0","no battery","V","","µV","","µV"
"03/05/2026","13:38:35","2","default","813736599","OXY_06","22.600","min","193.711","μmol/L","Humid","23.001","deg","72602","µV","23.937","°C","1017.000","hPa","34.9","pmil","0","55.710","deg","20.000","°C","100.000","%a.s.","22.780","deg","20.000","°C","969.000","hPa","0.82","-0.015","0.00036","-0.00014","0","10","Humid","58.27","1","2500.00","297339.08","SADF0001000082","ABF0.1.0.10","4.0.0.2393","PSt7-10","250224-007","7/27/2025 6:28:56 PM","0000-00","0","no battery","V","","µV","","µV"
"03/05/2026","13:38:37","2","default","813736599","OXY_06","22.633","min","193.676","μmol/L","Humid","22.999","deg","72591","µV","23.950","°C","1017.000","hPa","34.9","pmil","0","55.710","deg","20.000","°C","100.000","%a.s.","22.780","deg","20.000","°C","969.000","hPa","0.82","-0.015","0.00036","-0.00014","0","10","Humid","58.27","1","2500.00","297330.64","SADF0001000082","ABF0.1.0.10","4.0.0.2393","PSt7-10","250224-007","7/27/2025 6:28:56 PM","0000-00","0","no battery","V","","µV","","µV"
"03/05/2026","13:38:39","2","default","813736599","OXY_06","22.666","min","193.860","μmol/L","Humid","22.994","deg","72582","µV","23.931","°C","1017.000","hPa","34.9","pmil","0","55.710","deg","20.000","°C","100.000","%a.s.","22.780","deg","20.000","°C","969.000","hPa","0.82","-0.015","0.00036","-0.00014","0","10","Humid","58.27","1","2500.00","297338.61","SADF0001000082","ABF0.1.0.10","4.0.0.2393","PSt7-10","250224-007","7/27/2025 6:28:56 PM","0000-00","0","no battery","V","","µV","","µV"
"03/05/2026","13:38:41","2","default","813736599","OXY_06","22.700","min","193.892","μmol/L","Humid","22.992","deg","72575","µV","23.931","°C","1017.000","hPa","34.9","pmil","0","55.710","deg","20.000","°C","100.000","%a.s.","22.780","deg","20.000","°C","969.000","hPa","0.82","-0.015","0.00036","-0.00014","0","10","Humid","58.27","1","2500.00","297342.67","SADF0001000082","ABF0.1.0.10","4.0.0.2393","PSt7-10","250224-007","7/27/2025 6:28:56 PM","0000-00","0","no battery","V","","µV","","µV"
"03/05/2026","13:38:43","2","default","813736599","OXY_06","22.733","min","193.909","μmol/L","Humid","22.991","deg","72578","µV","23.931","°C","1017.000","hPa","34.9","pmil","0","55.710","deg","20.000","°C","100.000","%a.s.","22.780","deg","20.000","°C","969.000","hPa","0.82","-0.015","0.00036","-0.00014","0","10","Humid","58.27","1","2500.00","297340.43","SADF0001000082","ABF0.1.0.10","4.0.0.2393","PSt7-10","250224-007","7/27/2025 6:28:56 PM","0000-00","0","no battery","V","","µV","","µV"
"03/05/2026","13:38:45","2","default","813736599","OXY_06","22.766","min","193.860","μmol/L","Humid","22.994","deg","72598","µV","23.931","°C","1017.000","hPa","34.9","pmil","0","55.710","deg","20.000","°C","100.000","%a.s.","22.780","deg","20.000","°C","969.000","hPa","0.82","-0.015","0.00036","-0.00014","0","10","Humid","58.27","1","2500.00","297345.98","SADF0001000082","ABF0.1.0.10","4.0.0.2393","PSt7-10","250224-007","7/27/2025 6:28:56 PM","0000-00","0","no battery","V","","µV","","µV"
"03/05/2026","13:38:47","2","default","813736599","OXY_06","22.800","min","193.677","μmol/L","Humid","23.001","deg","72612","µV","23.944","°C","1017.000","hPa","34.9","pmil","0","55.710","deg","20.000","°C","100.000","%a.s.","22.780","deg","20.000","°C","969.000","hPa","0.82","-0.015","0.00036","-0.00014","0","10","Humid","58.27","1","2500.00","297344.86","SADF0001000082","ABF0.1.0.10","4.0.0.2393","PSt7-10","250224-007","7/27/2025 6:28:56 PM","0000-00","0","no battery","V","","µV","","µV"
"03/05/2026","13:38:49","2","default","813736599","OXY_06","22.833","min","193.763","μmol/L","Humid","23.002","deg","72619","µV","23.925","°C","1017.000","hPa","34.9","pmil","0","55.710","deg","20.000","°C","100.000","%a.s.","22.780","deg","20.000","°C","969.000","hPa","0.82","-0.015","0.00036","-0.00014","0","10","Humid","58.27","1","2500.00","297343.93","SADF0001000082","ABF0.1.0.10","4.0.0.2393","PSt7-10","250224-007","7/27/2025 6:28:56 PM","0000-00","0","no battery","V","","µV","","µV"
"03/05/2026","13:38:51","2","default","813736599","OXY_06","22.867","min","193.796","μmol/L","Humid","23.000","deg","72609","µV","23.925","°C","1017.000","hPa","34.9","pmil","0","55.710","deg","20.000","°C","100.000","%a.s.","22.780","deg","20.000","°C","969.000","hPa","0.82","-0.015","0.00036","-0.00014","0","10","Humid","58.27","1","2500.00","297337.37","SADF0001000082","ABF0.1.0.10","4.0.0.2393","PSt7-10","250224-007","7/27/2025 6:28:56 PM","0000-00","0","no battery","V","","µV","","µV"
"03/05/2026","13:38:53","2","default","813736599","OXY_06","22.900","min","193.794","μmol/L","Humid","22.998","deg","72616","µV","23.931","°C","1017.000","hPa","34.9","pmil","0","55.710","deg","20.000","°C","100.000","%a.s.","22.780","deg","20.000","°C","969.000","hPa","0.82","-0.015","0.00036","-0.00014","0","10","Humid","58.27","1","2500.00","297328.88","SADF0001000082","ABF0.1.0.10","4.0.0.2393","PSt7-10","250224-007","7/27/2025 6:28:56 PM","0000-00","0","no battery","V","","µV","","µV"
"03/05/2026","13:38:55","2","default","813736599","OXY_06","22.933","min","193.763","μmol/L","Humid","23.002","deg","72614","µV","23.925","°C","1017.000","hPa","34.9","pmil","0","55.710","deg","20.000","°C","100.000","%a.s.","22.780","deg","20.000","°C","969.000","hPa","0.82","-0.015","0.00036","-0.00014","0","10","Humid","58.27","1","2500.00","297329.93","SADF0001000082","ABF0.1.0.10","4.0.0.2393","PSt7-10","250224-007","7/27/2025 6:28:56 PM","0000-00","0","no battery","V","","µV","","µV"
"03/05/2026","13:38:57","2","default","813736599","OXY_06","22.966","min","193.759","μmol/L","Humid","22.996","deg","72618","µV","23.944","°C","1017.000","hPa","34.9","pmil","0","55.710","deg","20.000","°C","100.000","%a.s.","22.780","deg","20.000","°C","969.000","hPa","0.82","-0.015","0.00036","-0.00014","0","10","Humid","58.27","1","2500.00","297336.36","SADF0001000082","ABF0.1.0.10","4.0.0.2393","PSt7-10","250224-007","7/27/2025 6:28:56 PM","0000-00","0","no battery","V","","µV","","µV"
"03/05/2026","13:38:59","2","default","813736599","OXY_06","23.000","min","193.760","μmol/L","Humid","22.998","deg","72611","µV","23.937","°C","1017.000","hPa","34.9","pmil","0","55.710","deg","20.000","°C","100.000","%a.s.","22.780","deg","20.000","°C","969.000","hPa","0.82","-0.015","0.00036","-0.00014","0","10","Humid","58.27","1","2500.00","297339.41","SADF0001000082","ABF0.1.0.10","4.0.0.2393","PSt7-10","250224-007","7/27/2025 6:28:56 PM","0000-00","0","no battery","V","","µV","","µV"
"03/05/2026","13:39:01","2","default","813736599","OXY_06","23.033","min","193.845","μmol/L","Humid","22.997","deg","72615","µV","23.925","°C","1017.000","hPa","34.9","pmil","0","55.710","deg","20.000","°C","100.000","%a.s.","22.780","deg","20.000","°C","969.000","hPa","0.82","-0.015","0.00036","-0.00014","0","10","Humid","58.27","1","2500.00","297326.16","SADF0001000082","ABF0.1.0.10","4.0.0.2393","PSt7-10","250224-007","7/27/2025 6:28:56 PM","0000-00","0","no battery","V","","µV","","µV"
"03/05/2026","13:39:03","2","default","813736599","OXY_06","23.067","min","193.693","μmol/L","Humid","23.000","deg","72608","µV","23.944","°C","1017.000","hPa","34.9","pmil","0","55.710","deg","20.000","°C","100.000","%a.s.","22.780","deg","20.000","°C","969.000","hPa","0.82","-0.015","0.00036","-0.00014","0","10","Humid","58.27","1","2500.00","297327.78","SADF0001000082","ABF0.1.0.10","4.0.0.2393","PSt7-10","250224-007","7/27/2025 6:28:56 PM","0000-00","0","no battery","V","","µV","","µV"
"03/05/2026","14:05:59","2","default","813736599","OXY_06","50.000","min","222.623","μmol/L","Humid","21.333","deg","66781","µV","24.068","°C","1017.000","hPa","34.9","pmil","0","55.710","deg","20.000","°C","100.000","%a.s.","22.780","deg","20.000","°C","969.000","hPa","0.82","-0.015","0.00036","-0.00014","0","10","Humid","58.27","1","2500.00","297459.21","SADF0001000082","ABF0.1.0.10","4.0.0.2393","PSt7-10","250224-007","7/27/2025 6:28:56 PM","0000-00","0","no battery","V","","µV","","µV"
"03/05/2026","14:06:01","2","default","813736599","OXY_06","50.033","min","222.584","μmol/L","Humid","21.333","deg","66758","µV","24.074","°C","1017.000","hPa","34.9","pmil","0","55.710","deg","20.000","°C","100.000","%a.s.","22.780","deg","20.000","°C","969.000","hPa","0.82","-0.015","0.00036","-0.00014","0","10","Humid","58.27","1","2500.00","297450.09","SADF0001000082","ABF0.1.0.10","4.0.0.2393","PSt7-10","250224-007","7/27/2025 6:28:56 PM","0000-00","0","no battery","V","","µV","","µV"
"03/05/2026","14:06:03","2","default","813736599","OXY_06","50.067","min","222.643","μmol/L","Humid","21.334","deg","66729","µV","24.061","°C","1017.000","hPa","34.9","pmil","0","55.710","deg","20.000","°C","100.000","%a.s.","22.780","deg","20.000","°C","969.000","hPa","0.82","-0.015","0.00036","-0.00014","0","10","Humid","58.27","1","2500.00","297440.27","SADF0001000082","ABF0.1.0.10","4.0.0.2393","PSt7-10","250224-007","7/27/2025 6:28:56 PM","0000-00","0","no battery","V","","µV","","µV"
"03/05/2026","14:06:05","2","default","813736599","OXY_06","50.100","min","222.701","μmol/L","Humid","21.331","deg","66708","µV","24.061","°C","1017.000","hPa","34.9","pmil","0","55.710","deg","20.000","°C","100.000","%a.s.","22.780","deg","20.000","°C","969.000","hPa","0.82","-0.015","0.00036","-0.00014","0","10","Humid","58.27","1","2500.00","297416.09","SADF0001000082","ABF0.1.0.10","4.0.0.2393","PSt7-10","250224-007","7/27/2025 6:28:56 PM","0000-00","0","no battery","V","","µV","","µV"
"03/05/2026","14:06:07","2","default","813736599","OXY_06","50.133","min","222.700","μmol/L","Humid","21.325","deg","66695","µV","24.080","°C","1017.000","hPa","34.9","pmil","0","55.710","deg","20.000","°C","100.000","%a.s.","22.780","deg","20.000","°C","969.000","hPa","0.82","-0.015","0.00036","-0.00014","0","10","Humid","58.27","1","2500.00","297420.53","SADF0001000082","ABF0.1.0.10","4.0.0.2393","PSt7-10","250224-007","7/27/2025 6:28:56 PM","0000-00","0","no battery","V","","µV","","µV"
"03/05/2026","14:06:09","2","default","813736599","OXY_06","50.167","min","222.623","μmol/L","Humid","21.331","deg","66688","µV","24.074","°C","1017.000","hPa","34.9","pmil","0","55.710","deg","20.000","°C","100.000","%a.s.","22.780","deg","20.000","°C","969.000","hPa","0.82","-0.015","0.00036","-0.00014","0","10","Humid","58.27","1","2500.00","297422.01","SADF0001000082","ABF0.1.0.10","4.0.0.2393","PSt7-10","250224-007","7/27/2025 6:28:56 PM","0000-00","0","no battery","V","","µV","","µV"
"03/05/2026","14:06:11","2","default","813736599","OXY_06","50.200","min","222.700","μmol/L","Humid","21.323","deg","66671","µV","24.086","°C","1017.000","hPa","34.9","pmil","0","55.710","deg","20.000","°C","100.000","%a.s.","22.780","deg","20.000","°C","969.000","hPa","0.82","-0.015","0.00036","-0.00014","0","10","Humid","58.27","1","2500.00","297420.96","SADF0001000082","ABF0.1.0.10","4.0.0.2393","PSt7-10","250224-007","7/27/2025 6:28:56 PM","0000-00","0","no battery","V","","µV","","µV"
"03/05/2026","14:06:13","2","default","813736599","OXY_06","50.233","min","222.720","μmol/L","Humid","21.324","deg","66662","µV","24.080","°C","1017.000","hPa","34.9","pmil","0","55.710","deg","20.000","°C","100.000","%a.s.","22.780","deg","20.000","°C","969.000","hPa","0.82","-0.015","0.00036","-0.00014","0","10","Humid","58.27","1","2500.00","297412.61","SADF0001000082","ABF0.1.0.10","4.0.0.2393","PSt7-10","250224-007","7/27/2025 6:28:56 PM","0000-00","0","no battery","V","","µV","","µV"
"03/05/2026","14:06:15","2","default","813736599","OXY_06","50.266","min","222.818","μmol/L","Humid","21.327","deg","66656","µV","24.055","°C","1017.000","hPa","34.9","pmil","0","55.710","deg","20.000","°C","100.000","%a.s.","22.780","deg","20.000","°C","969.000","hPa","0.82","-0.015","0.00036","-0.00014","0","10","Humid","58.27","1","2500.00","297410.65","SADF0001000082","ABF0.1.0.10","4.0.0.2393","PSt7-10","250224-007","7/27/2025 6:28:56 PM","0000-00","0","no battery","V","","µV","","µV"
"03/05/2026","14:06:17","2","default","813736599","OXY_06","50.300","min","222.778","μmol/L","Humid","21.323","deg","66639","µV","24.074","°C","1017.000","hPa","34.9","pmil","0","55.710","deg","20.000","°C","100.000","%a.s.","22.780","deg","20.000","°C","969.000","hPa","0.82","-0.015","0.00036","-0.00014","0","10","Humid","58.27","1","2500.00","297413.51","SADF0001000082","ABF0.1.0.10","4.0.0.2393","PSt7-10","250224-007","7/27/2025 6:28:56 PM","0000-00","0","no battery","V","","µV","","µV"
"03/05/2026","14:06:19","2","default","813736599","OXY_06","50.333","min","222.816","μmol/L","Humid","21.317","deg","66635","µV","24.086","°C","1017.000","hPa","34.9","pmil","0","55.710","deg","20.000","°C","100.000","%a.s.","22.780","deg","20.000","°C","969.000","hPa","0.82","-0.015","0.00036","-0.00014","0","10","Humid","58.27","1","2500.00","297400.02","SADF0001000082","ABF0.1.0.10","4.0.0.2393","PSt7-10","250224-007","7/27/2025 6:28:56 PM","0000-00","0","no battery","V","","µV","","µV"
"03/05/2026","14:06:21","2","default","813736599","OXY_06","50.366","min","222.857","μmol/L","Humid","21.323","deg","66625","µV","24.061","°C","1017.000","hPa","34.9","pmil","0","55.710","deg","20.000","°C","100.000","%a.s.","22.780","deg","20.000","°C","969.000","hPa","0.82","-0.015","0.00036","-0.00014","0","10","Humid","58.27","1","2500.00","297407.73","SADF0001000082","ABF0.1.0.10","4.0.0.2393","PSt7-10","250224-007","7/27/2025 6:28:56 PM","0000-00","0","no battery","V","","µV","","µV"
"03/05/2026","14:06:23","2","default","813736599","OXY_06","50.400","min","222.914","μmol/L","Humid","21.316","deg","66618","µV","24.074","°C","1017.000","hPa","34.9","pmil","0","55.710","deg","20.000","°C","100.000","%a.s.","22.780","deg","20.000","°C","969.000","hPa","0.82","-0.015","0.00036","-0.00014","0","10","Humid","58.27","1","2500.00","297408.38","SADF0001000082","ABF0.1.0.10","4.0.0.2393","PSt7-10","250224-007","7/27/2025 6:28:56 PM","0000-00","0","no battery","V","","µV","","µV"
"03/05/2026","14:06:25","2","default","813736599","OXY_06","50.434","min","222.836","μmol/L","Humid","21.320","deg","66610","µV","24.074","°C","1017.000","hPa","34.9","pmil","0","55.710","deg","20.000","°C","100.000","%a.s.","22.780","deg","20.000","°C","969.000","hPa","0.82","-0.015","0.00036","-0.00014","0","10","Humid","58.27","1","2500.00","297407.29","SADF0001000082","ABF0.1.0.10","4.0.0.2393","PSt7-10","250224-007","7/27/2025 6:28:56 PM","0000-00","0","no battery","V","","µV","","µV"
"03/05/2026","14:06:27","2","default","813736599","OXY_06","50.467","min","223.110","μmol/L","Humid","21.316","deg","66595","µV","24.043","°C","1017.000","hPa","34.9","pmil","0","55.710","deg","20.000","°C","100.000","%a.s.","22.780","deg","20.000","°C","969.000","hPa","0.82","-0.015","0.00036","-0.00014","0","10","Humid","58.27","1","2500.00","297389.45","SADF0001000082","ABF0.1.0.10","4.0.0.2393","PSt7-10","250224-007","7/27/2025 6:28:56 PM","0000-00","0","no battery","V","","µV","","µV"
"03/05/2026","14:06:29","2","default","813736599","OXY_06","50.500","min","223.030","μmol/L","Humid","21.310","deg","66589","µV","24.074","°C","1017.000","hPa","34.9","pmil","0","55.710","deg","20.000","°C","100.000","%a.s.","22.780","deg","20.000","°C","969.000","hPa","0.82","-0.015","0.00036","-0.00014","0","10","Humid","58.27","1","2500.00","297402.71","SADF0001000082","ABF0.1.0.10","4.0.0.2393","PSt7-10","250224-007","7/27/2025 6:28:56 PM","0000-00","0","no battery","V","","µV","","µV"
"03/05/2026","14:06:31","2","default","813736599","OXY_06","50.533","min","222.990","μmol/L","Humid","21.306","deg","66585","µV","24.092","°C","1017.000","hPa","34.9","pmil","0","55.710","deg","20.000","°C","100.000","%a.s.","22.780","deg","20.000","°C","969.000","hPa","0.82","-0.015","0.00036","-0.00014","0","10","Humid","58.27","1","2500.00","297406.64","SADF0001000082","ABF0.1.0.10","4.0.0.2393","PSt7-10","250224-007","7/27/2025 6:28:56 PM","0000-00","0","no battery","V","","µV","","µV"
"03/05/2026","14:06:33","2","default","813736599","OXY_06","50.567","min","223.030","μmol/L","Humid","21.306","deg","66569","µV","24.086","°C","1017.000","hPa","34.9","pmil","0","55.710","deg","20.000","°C","100.000","%a.s.","22.780","deg","20.000","°C","969.000","hPa","0.82","-0.015","0.00036","-0.00014","0","10","Humid","58.27","1","2500.00","297389.88","SADF0001000082","ABF0.1.0.10","4.0.0.2393","PSt7-10","250224-007","7/27/2025 6:28:56 PM","0000-00","0","no battery","V","","µV","","µV"
"03/05/2026","14:06:35","2","default","813736599","OXY_06","50.600","min","223.186","μmol/L","Humid","21.302","deg","66559","µV","24.074","°C","1017.000","hPa","34.9","pmil","0","55.710","deg","20.000","°C","100.000","%a.s.","22.780","deg","20.000","°C","969.000","hPa","0.82","-0.015","0.00036","-0.00014","0","10","Humid","58.27","1","2500.00","297395.18","SADF0001000082","ABF0.1.0.10","4.0.0.2393","PSt7-10","250224-007","7/27/2025 6:28:56 PM","0000-00","0","no battery","V","","µV","","µV"
"03/05/2026","14:06:37","2","default","813736599","OXY_06","50.633","min","223.186","μmol/L","Humid","21.302","deg","66549","µV","24.074","°C","1017.000","hPa","34.9","pmil","0","55.710","deg","20.000","°C","100.000","%a.s.","22.780","deg","20.000","°C","969.000","hPa","0.82","-0.015","0.00036","-0.00014","0","10","Humid","58.27","1","2500.00","297389.69","SADF0001000082","ABF0.1.0.10","4.0.0.2393","PSt7-10","250224-007","7/27/2025 6:28:56 PM","0000-00","0","no battery","V","","µV","","µV"
"03/05/2026","14:06:39","2","default","813736599","OXY_06","50.666","min","223.205","μmol/L","Humid","21.301","deg","66542","µV","24.074","°C","1017.000","hPa","34.9","pmil","0","55.710","deg","20.000","°C","100.000","%a.s.","22.780","deg","20.000","°C","969.000","hPa","0.82","-0.015","0.00036","-0.00014","0","10","Humid","58.27","1","2500.00","297375.00","SADF0001000082","ABF0.1.0.10","4.0.0.2393","PSt7-10","250224-007","7/27/2025 6:28:56 PM","0000-00","0","no battery","V","","µV","","µV"
"03/05/2026","14:06:41","2","default","813736599","OXY_06","50.700","min","223.146","μmol/L","Humid","21.298","deg","66530","µV","24.092","°C","1017.000","hPa","34.9","pmil","0","55.710","deg","20.000","°C","100.000","%a.s.","22.780","deg","20.000","°C","969.000","hPa","0.82","-0.015","0.00036","-0.00014","0","10","Humid","58.27","1","2500.00","297378.06","SADF0001000082","ABF0.1.0.10","4.0.0.2393","PSt7-10","250224-007","7/27/2025 6:28:56 PM","0000-00","0","no battery","V","","µV","","µV"
"03/05/2026","14:06:43","2","default","813736599","OXY_06","50.734","min","223.380","μmol/L","Humid","21.292","deg","66511","µV","24.074","°C","1017.000","hPa","34.9","pmil","0","55.710","deg","20.000","°C","100.000","%a.s.","22.780","deg","20.000","°C","969.000","hPa","0.82","-0.015","0.00036","-0.00014","0","10","Humid","58.27","1","2500.00","297379.81","SADF0001000082","ABF0.1.0.10","4.0.0.2393","PSt7-10","250224-007","7/27/2025 6:28:56 PM","0000-00","0","no battery","V","","µV","","µV"
"03/05/2026","14:06:45","2","default","813736599","OXY_06","50.766","min","223.400","μmol/L","Humid","21.291","deg","66496","µV","24.074","°C","1017.000","hPa","34.9","pmil","0","55.710","deg","20.000","°C","100.000","%a.s.","22.780","deg","20.000","°C","969.000","hPa","0.82","-0.015","0.00036","-0.00014","0","10","Humid","58.27","1","2500.00","297384.60","SADF0001000082","ABF0.1.0.10","4.0.0.2393","PSt7-10","250224-007","7/27/2025 6:28:56 PM","0000-00","0","no battery","V","","µV","","µV"
"03/05/2026","14:06:47","2","default","813736599","OXY_06","50.800","min","223.360","μmol/L","Humid","21.287","deg","66486","µV","24.092","°C","1017.000","hPa","34.9","pmil","0","55.710","deg","20.000","°C","100.000","%a.s.","22.780","deg","20.000","°C","969.000","hPa","0.82","-0.015","0.00036","-0.00014","0","10","Humid","58.27","1","2500.00","297356.81","SADF0001000082","ABF0.1.0.10","4.0.0.2393","PSt7-10","250224-007","7/27/2025 6:28:56 PM","0000-00","0","no battery","V","","µV","","µV"
"03/05/2026","14:06:49","2","default","813736599","OXY_06","50.833","min","223.203","μmol/L","Humid","21.291","deg","66480","µV","24.105","°C","1017.000","hPa","34.9","pmil","0","55.710","deg","20.000","°C","100.000","%a.s.","22.780","deg","20.000","°C","969.000","hPa","0.82","-0.015","0.00036","-0.00014","0","10","Humid","58.27","1","2500.00","297379.82","SADF0001000082","ABF0.1.0.10","4.0.0.2393","PSt7-10","250224-007","7/27/2025 6:28:56 PM","0000-00","0","no battery","V","","µV","","µV"
"03/05/2026","14:06:51","2","default","813736599","OXY_06","50.866","min","223.457","μmol/L","Humid","21.284","deg","66475","µV","24.086","°C","1017.000","hPa","34.9","pmil","0","55.710","deg","20.000","°C","100.000","%a.s.","22.780","deg","20.000","°C","969.000","hPa","0.82","-0.015","0.00036","-0.00014","0","10","Humid","58.27","1","2500.00","297375.86","SADF0001000082","ABF0.1.0.10","4.0.0.2393","PSt7-10","250224-007","7/27/2025 6:28:56 PM","0000-00","0","no battery","V","","µV","","µV"
"03/05/2026","14:06:53","2","default","813736599","OXY_06","50.900","min","223.575","μmol/L","Humid","21.280","deg","66464","µV","24.080","°C","1017.000","hPa","34.9","pmil","0","55.710","deg","20.000","°C","100.000","%a.s.","22.780","deg","20.000","°C","969.000","hPa","0.82","-0.015","0.00036","-0.00014","0","10","Humid","58.27","1","2500.00","297369.31","SADF0001000082","ABF0.1.0.10","4.0.0.2393","PSt7-10","250224-007","7/27/2025 6:28:56 PM","0000-00","0","no battery","V","","µV","","µV"
"03/05/2026","14:06:55","2","default","813736599","OXY_06","50.933","min","223.613","μmol/L","Humid","21.276","deg","66457","µV","24.086","°C","1017.000","hPa","34.9","pmil","0","55.710","deg","20.000","°C","100.000","%a.s.","22.780","deg","20.000","°C","969.000","hPa","0.82","-0.015","0.00036","-0.00014","0","10","Humid","58.27","1","2500.00","297375.40","SADF0001000082","ABF0.1.0.10","4.0.0.2393","PSt7-10","250224-007","7/27/2025 6:28:56 PM","0000-00","0","no battery","V","","µV","","µV"
"03/05/2026","14:06:57","2","default","813736599","OXY_06","50.967","min","223.790","μmol/L","Humid","21.273","deg","66445","µV","24.068","°C","1017.000","hPa","34.9","pmil","0","55.710","deg","20.000","°C","100.000","%a.s.","22.780","deg","20.000","°C","969.000","hPa","0.82","-0.015","0.00036","-0.00014","0","10","Humid","58.27","1","2500.00","297383.34","SADF0001000082","ABF0.1.0.10","4.0.0.2393","PSt7-10","250224-007","7/27/2025 6:28:56 PM","0000-00","0","no battery","V","","µV","","µV"
"03/05/2026","14:06:59","2","default","813736599","OXY_06","51.000","min","223.692","μmol/L","Humid","21.276","deg","66438","µV","24.074","°C","1017.000","hPa","34.9","pmil","0","55.710","deg","20.000","°C","100.000","%a.s.","22.780","deg","20.000","°C","969.000","hPa","0.82","-0.015","0.00036","-0.00014","0","10","Humid","58.27","1","2500.00","297360.72","SADF0001000082","ABF0.1.0.10","4.0.0.2393","PSt7-10","250224-007","7/27/2025 6:28:56 PM","0000-00","0","no battery","V","","µV","","µV"
"03/05/2026","14:07:01","2","default","813736599","OXY_06","51.033","min","223.730","μmol/L","Humid","21.268","deg","66433","µV","24.092","°C","1017.000","hPa","34.9","pmil","0","55.710","deg","20.000","°C","100.000","%a.s.","22.780","deg","20.000","°C","969.000","hPa","0.82","-0.015","0.00036","-0.00014","0","10","Humid","58.27","1","2500.00","297367.41","SADF0001000082","ABF0.1.0.10","4.0.0.2393","PSt7-10","250224-007","7/27/2025 6:28:56 PM","0000-00","0","no battery","V","","µV","","µV"
"03/05/2026","14:07:03","2","default","813736599","OXY_06","51.066","min","223.730","μmol/L","Humid","21.270","deg","66410","µV","24.086","°C","1017.000","hPa","34.9","pmil","0","55.710","deg","20.000","°C","100.000","%a.s.","22.780","deg","20.000","°C","969.000","hPa","0.82","-0.015","0.00036","-0.00014","0","10","Humid","58.27","1","2500.00","297372.28","SADF0001000082","ABF0.1.0.10","4.0.0.2393","PSt7-10","250224-007","7/27/2025 6:28:56 PM","0000-00","0","no battery","V","","µV","","µV"
"03/05/2026","14:07:05","2","default","813736599","OXY_06","51.100","min","223.866","μmol/L","Humid","21.261","deg","66391","µV","24.092","°C","1017.000","hPa","34.9","pmil","0","55.710","deg","20.000","°C","100.000","%a.s.","22.780","deg","20.000","°C","969.000","hPa","0.82","-0.015","0.00036","-0.00014","0","10","Humid","58.27","1","2500.00","297366.50","SADF0001000082","ABF0.1.0.10","4.0.0.2393","PSt7-10","250224-007","7/27/2025 6:28:56 PM","0000-00","0","no battery","V","","µV","","µV"
"03/05/2026","14:07:07","2","default","813736599","OXY_06","51.133","min","223.964","μmol/L","Humid","21.258","deg","66376","µV","24.086","°C","1017.000","hPa","34.9","pmil","0","55.710","deg","20.000","°C","100.000","%a.s.","22.780","deg","20.000","°C","969.000","hPa","0.82","-0.015","0.00036","-0.00014","0","10","Humid","58.27","1","2500.00","297365.97","SADF0001000082","ABF0.1.0.10","4.0.0.2393","PSt7-10","250224-007","7/27/2025 6:28:56 PM","0000-00","0","no battery","V","","µV","","µV"
"03/05/2026","14:07:09","2","default","813736599","OXY_06","51.166","min","224.101","μmol/L","Humid","21.251","deg","66361","µV","24.086","°C","1017.000","hPa","34.9","pmil","0","55.710","deg","20.000","°C","100.000","%a.s.","22.780","deg","20.000","°C","969.000","hPa","0.82","-0.015","0.00036","-0.00014","0","10","Humid","58.27","1","2500.00","297362.97","SADF0001000082","ABF0.1.0.10","4.0.0.2393","PSt7-10","250224-007","7/27/2025 6:28:56 PM","0000-00","0","no battery","V","","µV","","µV"
"03/05/2026","14:07:11","2","default","813736599","OXY_06","51.200","min","224.120","μmol/L","Humid","21.246","deg","66346","µV","24.098","°C","1017.000","hPa","34.9","pmil","0","55.710","deg","20.000","°C","100.000","%a.s.","22.780","deg","20.000","°C","969.000","hPa","0.82","-0.015","0.00036","-0.00014","0","10","Humid","58.27","1","2500.00","297362.87","SADF0001000082","ABF0.1.0.10","4.0.0.2393","PSt7-10","250224-007","7/27/2025 6:28:56 PM","0000-00","0","no battery","V","","µV","","µV"
"03/05/2026","14:07:13","2","default","813736599","OXY_06","51.233","min","224.119","μmol/L","Humid","21.244","deg","66335","µV","24.105","°C","1017.000","hPa","34.9","pmil","0","55.710","deg","20.000","°C","100.000","%a.s.","22.780","deg","20.000","°C","969.000","hPa","0.82","-0.015","0.00036","-0.00014","0","10","Humid","58.27","1","2500.00","297363.64","SADF0001000082","ABF0.1.0.10","4.0.0.2393","PSt7-10","250224-007","7/27/2025 6:28:56 PM","0000-00","0","no battery","V","","µV","","µV"
"03/05/2026","14:07:15","2","default","813736599","OXY_06","51.266","min","224.238","μmol/L","Humid","21.248","deg","66327","µV","24.074","°C","1017.000","hPa","34.9","pmil","0","55.710","deg","20.000","°C","100.000","%a.s.","22.780","deg","20.000","°C","969.000","hPa","0.82","-0.015","0.00036","-0.00014","0","10","Humid","58.27","1","2500.00","297363.40","SADF0001000082","ABF0.1.0.10","4.0.0.2393","PSt7-10","250224-007","7/27/2025 6:28:56 PM","0000-00","0","no battery","V","","µV","","µV"
"03/05/2026","14:07:17","2","default","813736599","OXY_06","51.300","min","224.217","μmol/L","Humid","21.239","deg","66319","µV","24.105","°C","1017.000","hPa","34.9","pmil","0","55.710","deg","20.000","°C","100.000","%a.s.","22.780","deg","20.000","°C","969.000","hPa","0.82","-0.015","0.00036","-0.00014","0","10","Humid","58.27","1","2500.00","297366.80","SADF0001000082","ABF0.1.0.10","4.0.0.2393","PSt7-10","250224-007","7/27/2025 6:28:56 PM","0000-00","0","no battery","V","","µV","","µV"
"03/05/2026","14:07:19","2","default","813736599","OXY_06","51.333","min","224.276","μmol/L","Humid","21.238","deg","66308","µV","24.098","°C","1017.000","hPa","34.9","pmil","0","55.710","deg","20.000","°C","100.000","%a.s.","22.780","deg","20.000","°C","969.000","hPa","0.82","-0.015","0.00036","-0.00014","0","10","Humid","58.27","1","2500.00","297357.01","SADF0001000082","ABF0.1.0.10","4.0.0.2393","PSt7-10","250224-007","7/27/2025 6:28:56 PM","0000-00","0","no battery","V","","µV","","µV"
"03/05/2026","14:07:21","2","default","813736599","OXY_06","51.367","min","224.355","μmol/L","Humid","21.236","deg","66308","µV","24.092","°C","1017.000","hPa","34.9","pmil","0","55.710","deg","20.000","°C","100.000","%a.s.","22.780","deg","20.000","°C","969.000","hPa","0.82","-0.015","0.00036","-0.00014","0","10","Humid","58.27","1","2500.00","297361.77","SADF0001000082","ABF0.1.0.10","4.0.0.2393","PSt7-10","250224-007","7/27/2025 6:28:56 PM","0000-00","0","no battery","V","","µV","","µV"
"03/05/2026","14:07:23","2","default","813736599","OXY_06","51.399","min","224.355","μmol/L","Humid","21.240","deg","66296","µV","24.080","°C","1017.000","hPa","34.9","pmil","0","55.710","deg","20.000","°C","100.000","%a.s.","22.780","deg","20.000","°C","969.000","hPa","0.82","-0.015","0.00036","-0.00014","0","10","Humid","58.27","1","2500.00","297364.02","SADF0001000082","ABF0.1.0.10","4.0.0.2393","PSt7-10","250224-007","7/27/2025 6:28:56 PM","0000-00","0","no battery","V","","µV","","µV"
"03/05/2026","14:07:25","2","default","813736599","OXY_06","51.433","min","224.295","μmol/L","Humid","21.235","deg","66285","µV","24.105","°C","1017.000","hPa","34.9","pmil","0","55.710","deg","20.000","°C","100.000","%a.s.","22.780","deg","20.000","°C","969.000","hPa","0.82","-0.015","0.00036","-0.00014","0","10","Humid","58.27","1","2500.00","297358.06","SADF0001000082","ABF0.1.0.10","4.0.0.2393","PSt7-10","250224-007","7/27/2025 6:28:56 PM","0000-00","0","no battery","V","","µV","","µV"
"03/05/2026","14:07:27","2","default","813736599","OXY_06","51.467","min","224.512","μmol/L","Humid","21.234","deg","66277","µV","24.074","°C","1017.000","hPa","34.9","pmil","0","55.710","deg","20.000","°C","100.000","%a.s.","22.780","deg","20.000","°C","969.000","hPa","0.82","-0.015","0.00036","-0.00014","0","10","Humid","58.27","1","2500.00","297369.54","SADF0001000082","ABF0.1.0.10","4.0.0.2393","PSt7-10","250224-007","7/27/2025 6:28:56 PM","0000-00","0","no battery","V","","µV","","µV"
"03/05/2026","14:07:29","2","default","813736599","OXY_06","51.500","min","224.590","μmol/L","Humid","21.226","deg","66267","µV","24.086","°C","1017.000","hPa","34.9","pmil","0","55.710","deg","20.000","°C","100.000","%a.s.","22.780","deg","20.000","°C","969.000","hPa","0.82","-0.015","0.00036","-0.00014","0","10","Humid","58.27","1","2500.00","297365.21","SADF0001000082","ABF0.1.0.10","4.0.0.2393","PSt7-10","250224-007","7/27/2025 6:28:56 PM","0000-00","0","no battery","V","","µV","","µV"
"03/05/2026","14:07:31","2","default","813736599","OXY_06","51.533","min","224.433","μmol/L","Humid","21.230","deg","66258","µV","24.098","°C","1017.000","hPa","34.9","pmil","0","55.710","deg","20.000","°C","100.000","%a.s.","22.780","deg","20.000","°C","969.000","hPa","0.82","-0.015","0.00036","-0.00014","0","10","Humid","58.27","1","2500.00","297365.04","SADF0001000082","ABF0.1.0.10","4.0.0.2393","PSt7-10","250224-007","7/27/2025 6:28:56 PM","0000-00","0","no battery","V","","µV","","µV"
"03/05/2026","14:07:33","2","default","813736599","OXY_06","51.567","min","224.629","μmol/L","Humid","21.224","deg","66249","µV","24.086","°C","1017.000","hPa","34.9","pmil","0","55.710","deg","20.000","°C","100.000","%a.s.","22.780","deg","20.000","°C","969.000","hPa","0.82","-0.015","0.00036","-0.00014","0","10","Humid","58.27","1","2500.00","297360.90","SADF0001000082","ABF0.1.0.10","4.0.0.2393","PSt7-10","250224-007","7/27/2025 6:28:56 PM","0000-00","0","no battery","V","","µV","","µV"
"03/05/2026","14:07:35","2","default","813736599","OXY_06","51.600","min","224.628","μmol/L","Humid","21.220","deg","66242","µV","24.098","°C","1017.000","hPa","34.9","pmil","0","55.710","deg","20.000","°C","100.000","%a.s.","22.780","deg","20.000","°C","969.000","hPa","0.82","-0.015","0.00036","-0.00014","0","10","Humid","58.27","1","2500.00","297361.29","SADF0001000082","ABF0.1.0.10","4.0.0.2393","PSt7-10","250224-007","7/27/2025 6:28:56 PM","0000-00","0","no battery","V","","µV","","µV"
"03/05/2026","14:07:37","2","default","813736599","OXY_06","51.634","min","224.648","μmol/L","Humid","21.219","deg","66231","µV","24.098","°C","1017.000","hPa","34.9","pmil","0","55.710","deg","20.000","°C","100.000","%a.s.","22.780","deg","20.000","°C","969.000","hPa","0.82","-0.015","0.00036","-0.00014","0","10","Humid","58.27","1","2500.00","297366.91","SADF0001000082","ABF0.1.0.10","4.0.0.2393","PSt7-10","250224-007","7/27/2025 6:28:56 PM","0000-00","0","no battery","V","","µV","","µV"
"03/05/2026","14:07:39","2","default","813736599","OXY_06","51.666","min","224.688","μmol/L","Humid","21.219","deg","66224","µV","24.092","°C","1017.000","hPa","34.9","pmil","0","55.710","deg","20.000","°C","100.000","%a.s.","22.780","deg","20.000","°C","969.000","hPa","0.82","-0.015","0.00036","-0.00014","0","10","Humid","58.27","1","2500.00","297360.73","SADF0001000082","ABF0.1.0.10","4.0.0.2393","PSt7-10","250224-007","7/27/2025 6:28:56 PM","0000-00","0","no battery","V","","µV","","µV"
"03/05/2026","14:07:41","2","default","813736599","OXY_06","51.700","min","224.628","μmol/L","Humid","21.218","deg","66210","µV","24.105","°C","1017.000","hPa","34.9","pmil","0","55.710","deg","20.000","°C","100.000","%a.s.","22.780","deg","20.000","°C","969.000","hPa","0.82","-0.015","0.00036","-0.00014","0","10","Humid","58.27","1","2500.00","297353.62","SADF0001000082","ABF0.1.0.10","4.0.0.2393","PSt7-10","250224-007","7/27/2025 6:28:56 PM","0000-00","0","no battery","V","","µV","","µV"
"03/05/2026","14:07:43","2","default","813736599","OXY_06","51.733","min","224.805","μmol/L","Humid","21.209","deg","66200","µV","24.105","°C","1017.000","hPa","34.9","pmil","0","55.710","deg","20.000","°C","100.000","%a.s.","22.780","deg","20.000","°C","969.000","hPa","0.82","-0.015","0.00036","-0.00014","0","10","Humid","58.27","1","2500.00","297344.14","SADF0001000082","ABF0.1.0.10","4.0.0.2393","PSt7-10","250224-007","7/27/2025 6:28:56 PM","0000-00","0","no battery","V","","µV","","µV"
"03/05/2026","14:07:45","2","default","813736599","OXY_06","51.767","min","224.824","μmol/L","Humid","21.208","deg","66186","µV","24.105","°C","1017.000","hPa","34.9","pmil","0","55.710","deg","20.000","°C","100.000","%a.s.","22.780","deg","20.000","°C","969.000","hPa","0.82","-0.015","0.00036","-0.00014","0","10","Humid","58.27","1","2500.00","297341.18","SADF0001000082","ABF0.1.0.10","4.0.0.2393","PSt7-10","250224-007","7/27/2025 6:28:56 PM","0000-00","0","no battery","V","","µV","","µV"
"03/05/2026","14:07:47","2","default","813736599","OXY_06","51.800","min","224.943","μmol/L","Humid","21.206","deg","66173","µV","24.092","°C","1017.000","hPa","34.9","pmil","0","55.710","deg","20.000","°C","100.000","%a.s.","22.780","deg","20.000","°C","969.000","hPa","0.82","-0.015","0.00036","-0.00014","0","10","Humid","58.27","1","2500.00","297343.34","SADF0001000082","ABF0.1.0.10","4.0.0.2393","PSt7-10","250224-007","7/27/2025 6:28:56 PM","0000-00","0","no battery","V","","µV","","µV"
"03/05/2026","14:07:49","2","default","813736599","OXY_06","51.833","min","225.080","μmol/L","Humid","21.201","deg","66163","µV","24.086","°C","1017.000","hPa","34.9","pmil","0","55.710","deg","20.000","°C","100.000","%a.s.","22.780","deg","20.000","°C","969.000","hPa","0.82","-0.015","0.00036","-0.00014","0","10","Humid","58.27","1","2500.00","297343.42","SADF0001000082","ABF0.1.0.10","4.0.0.2393","PSt7-10","250224-007","7/27/2025 6:28:56 PM","0000-00","0","no battery","V","","µV","","µV"
"03/05/2026","14:07:51","2","default","813736599","OXY_06","51.867","min","225.119","μmol/L","Humid","21.197","deg","66156","µV","24.092","°C","1017.000","hPa","34.9","pmil","0","55.710","deg","20.000","°C","100.000","%a.s.","22.780","deg","20.000","°C","969.000","hPa","0.82","-0.015","0.00036","-0.00014","0","10","Humid","58.27","1","2500.00","297349.19","SADF0001000082","ABF0.1.0.10","4.0.0.2393","PSt7-10","250224-007","7/27/2025 6:28:56 PM","0000-00","0","no battery","V","","µV","","µV"
"03/05/2026","14:07:53","2","default","813736599","OXY_06","51.900","min","224.981","μmol/L","Humid","21.200","deg","66153","µV","24.105","°C","1017.000","hPa","34.9","pmil","0","55.710","deg","20.000","°C","100.000","%a.s.","22.780","deg","20.000","°C","969.000","hPa","0.82","-0.015","0.00036","-0.00014","0","10","Humid","58.27","1","2500.00","297359.75","SADF0001000082","ABF0.1.0.10","4.0.0.2393","PSt7-10","250224-007","7/27/2025 6:28:56 PM","0000-00","0","no battery","V","","µV","","µV"
"03/05/2026","14:07:55","2","default","813736599","OXY_06","51.933","min","224.942","μmol/L","Humid","21.200","deg","66141","µV","24.111","°C","1017.000","hPa","34.9","pmil","0","55.710","deg","20.000","°C","100.000","%a.s.","22.780","deg","20.000","°C","969.000","hPa","0.82","-0.015","0.00036","-0.00014","0","10","Humid","58.27","1","2500.00","297344.95","SADF0001000082","ABF0.1.0.10","4.0.0.2393","PSt7-10","250224-007","7/27/2025 6:28:56 PM","0000-00","0","no battery","V","","µV","","µV"
"03/05/2026","14:07:57","2","default","813736599","OXY_06","51.967","min","225.257","μmol/L","Humid","21.190","deg","66127","µV","24.092","°C","1017.000","hPa","34.9","pmil","0","55.710","deg","20.000","°C","100.000","%a.s.","22.780","deg","20.000","°C","969.000","hPa","0.82","-0.015","0.00036","-0.00014","0","10","Humid","58.27","1","2500.00","297347.16","SADF0001000082","ABF0.1.0.10","4.0.0.2393","PSt7-10","250224-007","7/27/2025 6:28:56 PM","0000-00","0","no battery","V","","µV","","µV"
"03/05/2026","14:07:59","2","default","813736599","OXY_06","52.000","min","225.237","μmol/L","Humid","21.189","deg","66115","µV","24.098","°C","1017.000","hPa","34.9","pmil","0","55.710","deg","20.000","°C","100.000","%a.s.","22.780","deg","20.000","°C","969.000","hPa","0.82","-0.015","0.00036","-0.00014","0","10","Humid","58.27","1","2500.00","297343.14","SADF0001000082","ABF0.1.0.10","4.0.0.2393","PSt7-10","250224-007","7/27/2025 6:28:56 PM","0000-00","0","no battery","V","","µV","","µV"
"03/05/2026","14:08:01","2","default","813736599","OXY_06","52.033","min","225.217","μmol/L","Humid","21.186","deg","66104","µV","24.111","°C","1017.000","hPa","34.9","pmil","0","55.710","deg","20.000","°C","100.000","%a.s.","22.780","deg","20.000","°C","969.000","hPa","0.82","-0.015","0.00036","-0.00014","0","10","Humid","58.27","1","2500.00","297341.17","SADF0001000082","ABF0.1.0.10","4.0.0.2393","PSt7-10","250224-007","7/27/2025 6:28:56 PM","0000-00","0","no battery","V","","µV","","µV"
"03/05/2026","14:08:03","2","default","813736599","OXY_06","52.066","min","225.375","μmol/L","Humid","21.182","deg","66096","µV","24.098","°C","1017.000","hPa","34.9","pmil","0","55.710","deg","20.000","°C","100.000","%a.s.","22.780","deg","20.000","°C","969.000","hPa","0.82","-0.015","0.00036","-0.00014","0","10","Humid","58.27","1","2500.00","297348.95","SADF0001000082","ABF0.1.0.10","4.0.0.2393","PSt7-10","250224-007","7/27/2025 6:28:56 PM","0000-00","0","no battery","V","","µV","","µV"
"03/05/2026","14:08:05","2","default","813736599","OXY_06","52.100","min","225.354","μmol/L","Humid","21.179","deg","66086","µV","24.111","°C","1017.000","hPa","34.9","pmil","0","55.710","deg","20.000","°C","100.000","%a.s.","22.780","deg","20.000","°C","969.000","hPa","0.82","-0.015","0.00036","-0.00014","0","10","Humid","58.27","1","2500.00","297347.50","SADF0001000082","ABF0.1.0.10","4.0.0.2393","PSt7-10","250224-007","7/27/2025 6:28:56 PM","0000-00","0","no battery","V","","µV","","µV"
"03/05/2026","14:08:07","2","default","813736599","OXY_06","52.134","min","225.315","μmol/L","Humid","21.179","deg","66072","µV","24.117","°C","1017.000","hPa","34.9","pmil","0","55.710","deg","20.000","°C","100.000","%a.s.","22.780","deg","20.000","°C","969.000","hPa","0.82","-0.015","0.00036","-0.00014","0","10","Humid","58.27","1","2500.00","297340.90","SADF0001000082","ABF0.1.0.10","4.0.0.2393","PSt7-10","250224-007","7/27/2025 6:28:56 PM","0000-00","0","no battery","V","","µV","","µV"
"03/05/2026","14:08:09","2","default","813736599","OXY_06","52.166","min","225.592","μmol/L","Humid","21.175","deg","66058","µV","24.086","°C","1017.000","hPa","34.9","pmil","0","55.710","deg","20.000","°C","100.000","%a.s.","22.780","deg","20.000","°C","969.000","hPa","0.82","-0.015","0.00036","-0.00014","0","10","Humid","58.27","1","2500.00","297342.67","SADF0001000082","ABF0.1.0.10","4.0.0.2393","PSt7-10","250224-007","7/27/2025 6:28:56 PM","0000-00","0","no battery","V","","µV","","µV"
"03/05/2026","14:08:11","2","default","813736599","OXY_06","52.200","min","225.571","μmol/L","Humid","21.168","deg","66055","µV","24.111","°C","1017.000","hPa","34.9","pmil","0","55.710","deg","20.000","°C","100.000","%a.s.","22.780","deg","20.000","°C","969.000","hPa","0.82","-0.015","0.00036","-0.00014","0","10","Humid","58.27","1","2500.00","297335.31","SADF0001000082","ABF0.1.0.10","4.0.0.2393","PSt7-10","250224-007","7/27/2025 6:28:56 PM","0000-00","0","no battery","V","","µV","","µV"
"03/05/2026","14:08:13","2","default","813736599","OXY_06","52.233","min","225.710","μmol/L","Humid","21.167","deg","66040","µV","24.092","°C","1017.000","hPa","34.9","pmil","0","55.710","deg","20.000","°C","100.000","%a.s.","22.780","deg","20.000","°C","969.000","hPa","0.82","-0.015","0.00036","-0.00014","0","10","Humid","58.27","1","2500.00","297346.25","SADF0001000082","ABF0.1.0.10","4.0.0.2393","PSt7-10","250224-007","7/27/2025 6:28:56 PM","0000-00","0","no battery","V","","µV","","µV"
"03/05/2026","14:08:15","2","default","813736599","OXY_06","52.267","min","225.610","μmol/L","Humid","21.166","deg","66025","µV","24.111","°C","1017.000","hPa","34.9","pmil","0","55.710","deg","20.000","°C","100.000","%a.s.","22.780","deg","20.000","°C","969.000","hPa","0.82","-0.015","0.00036","-0.00014","0","10","Humid","58.27","1","2500.00","297333.38","SADF0001000082","ABF0.1.0.10","4.0.0.2393","PSt7-10","250224-007","7/27/2025 6:28:56 PM","0000-00","0","no battery","V","","µV","","µV"
"03/05/2026","14:08:17","2","default","813736599","OXY_06","52.300","min","225.689","μmol/L","Humid","21.162","deg","66024","µV","24.111","°C","1017.000","hPa","34.9","pmil","0","55.710","deg","20.000","°C","100.000","%a.s.","22.780","deg","20.000","°C","969.000","hPa","0.82","-0.015","0.00036","-0.00014","0","10","Humid","58.27","1","2500.00","297345.91","SADF0001000082","ABF0.1.0.10","4.0.0.2393","PSt7-10","250224-007","7/27/2025 6:28:56 PM","0000-00","0","no battery","V","","µV","","µV"
"03/05/2026","14:08:19","2","default","813736599","OXY_06","52.333","min","225.749","μmol/L","Humid","21.163","deg","66016","µV","24.098","°C","1017.000","hPa","34.9","pmil","0","55.710","deg","20.000","°C","100.000","%a.s.","22.780","deg","20.000","°C","969.000","hPa","0.82","-0.015","0.00036","-0.00014","0","10","Humid","58.27","1","2500.00","297348.94","SADF0001000082","ABF0.1.0.10","4.0.0.2393","PSt7-10","250224-007","7/27/2025 6:28:56 PM","0000-00","0","no battery","V","","µV","","µV"
"03/05/2026","14:08:21","2","default","813736599","OXY_06","52.367","min","225.749","μmol/L","Humid","21.161","deg","66009","µV","24.105","°C","1017.000","hPa","34.9","pmil","0","55.710","deg","20.000","°C","100.000","%a.s.","22.780","deg","20.000","°C","969.000","hPa","0.82","-0.015","0.00036","-0.00014","0","10","Humid","58.27","1","2500.00","297343.64","SADF0001000082","ABF0.1.0.10","4.0.0.2393","PSt7-10","250224-007","7/27/2025 6:28:56 PM","0000-00","0","no battery","V","","µV","","µV"
"03/05/2026","14:08:23","2","default","813736599","OXY_06","52.400","min","225.828","μmol/L","Humid","21.157","deg","65997","µV","24.105","°C","1017.000","hPa","34.9","pmil","0","55.710","deg","20.000","°C","100.000","%a.s.","22.780","deg","20.000","°C","969.000","hPa","0.82","-0.015","0.00036","-0.00014","0","10","Humid","58.27","1","2500.00","297337.04","SADF0001000082","ABF0.1.0.10","4.0.0.2393","PSt7-10","250224-007","7/27/2025 6:28:56 PM","0000-00","0","no battery","V","","µV","","µV"
"03/05/2026","14:08:25","2","default","813736599","OXY_06","52.434","min","225.728","μmol/L","Humid","21.156","deg","65987","µV","24.123","°C","1017.000","hPa","34.9","pmil","0","55.710","deg","20.000","°C","100.000","%a.s.","22.780","deg","20.000","°C","969.000","hPa","0.82","-0.015","0.00036","-0.00014","0","10","Humid","58.27","1","2500.00","297342.96","SADF0001000082","ABF0.1.0.10","4.0.0.2393","PSt7-10","250224-007","7/27/2025 6:28:56 PM","0000-00","0","no battery","V","","µV","","µV"
"03/05/2026","14:08:27","2","default","813736599","OXY_06","52.467","min","225.747","μmol/L","Humid","21.153","deg","65973","µV","24.129","°C","1017.000","hPa","34.9","pmil","0","55.710","deg","20.000","°C","100.000","%a.s.","22.780","deg","20.000","°C","969.000","hPa","0.82","-0.015","0.00036","-0.00014","0","10","Humid","58.27","1","2500.00","297338.34","SADF0001000082","ABF0.1.0.10","4.0.0.2393","PSt7-10","250224-007","7/27/2025 6:28:56 PM","0000-00","0","no battery","V","","µV","","µV"
"03/05/2026","14:08:29","2","default","813736599","OXY_06","52.500","min","225.906","μmol/L","Humid","21.149","deg","65960","µV","24.117","°C","1017.000","hPa","34.9","pmil","0","55.710","deg","20.000","°C","100.000","%a.s.","22.780","deg","20.000","°C","969.000","hPa","0.82","-0.015","0.00036","-0.00014","0","10","Humid","58.27","1","2500.00","297336.06","SADF0001000082","ABF0.1.0.10","4.0.0.2393","PSt7-10","250224-007","7/27/2025 6:28:56 PM","0000-00","0","no battery","V","","µV","","µV"
"03/05/2026","14:08:31","2","default","813736599","OXY_06","52.533","min","226.044","μmol/L","Humid","21.144","deg","65952","µV","24.111","°C","1017.000","hPa","34.9","pmil","0","55.710","deg","20.000","°C","100.000","%a.s.","22.780","deg","20.000","°C","969.000","hPa","0.82","-0.015","0.00036","-0.00014","0","10","Humid","58.27","1","2500.00","297334.39","SADF0001000082","ABF0.1.0.10","4.0.0.2393","PSt7-10","250224-007","7/27/2025 6:28:56 PM","0000-00","0","no battery","V","","µV","","µV"
"03/05/2026","14:08:33","2","default","813736599","OXY_06","52.567","min","225.985","μmol/L","Humid","21.145","deg","65945","µV","24.117","°C","1017.000","hPa","34.9","pmil","0","55.710","deg","20.000","°C","100.000","%a.s.","22.780","deg","20.000","°C","969.000","hPa","0.82","-0.015","0.00036","-0.00014","0","10","Humid","58.27","1","2500.00","297336.08","SADF0001000082","ABF0.1.0.10","4.0.0.2393","PSt7-10","250224-007","7/27/2025 6:28:56 PM","0000-00","0","no battery","V","","µV","","µV"
"03/05/2026","14:08:35","2","default","813736599","OXY_06","52.600","min","226.183","μmol/L","Humid","21.139","deg","65942","µV","24.105","°C","1017.000","hPa","34.9","pmil","0","55.710","deg","20.000","°C","100.000","%a.s.","22.780","deg","20.000","°C","969.000","hPa","0.82","-0.015","0.00036","-0.00014","0","10","Humid","58.27","1","2500.00","297341.13","SADF0001000082","ABF0.1.0.10","4.0.0.2393","PSt7-10","250224-007","7/27/2025 6:28:56 PM","0000-00","0","no battery","V","","µV","","µV"
"03/05/2026","14:08:37","2","default","813736599","OXY_06","52.634","min","226.083","μmol/L","Humid","21.138","deg","65934","µV","24.123","°C","1017.000","hPa","34.9","pmil","0","55.710","deg","20.000","°C","100.000","%a.s.","22.780","deg","20.000","°C","969.000","hPa","0.82","-0.015","0.00036","-0.00014","0","10","Humid","58.27","1","2500.00","297328.77","SADF0001000082","ABF0.1.0.10","4.0.0.2393","PSt7-10","250224-007","7/27/2025 6:28:56 PM","0000-00","0","no battery","V","","µV","","µV"
"03/05/2026","14:08:39","2","default","813736599","OXY_06","52.666","min","226.143","μmol/L","Humid","21.135","deg","65923","µV","24.123","°C","1017.000","hPa","34.9","pmil","0","55.710","deg","20.000","°C","100.000","%a.s.","22.780","deg","20.000","°C","969.000","hPa","0.82","-0.015","0.00036","-0.00014","0","10","Humid","58.27","1","2500.00","297334.37","SADF0001000082","ABF0.1.0.10","4.0.0.2393","PSt7-10","250224-007","7/27/2025 6:28:56 PM","0000-00","0","no battery","V","","µV","","µV"
"03/05/2026","14:08:41","2","default","813736599","OXY_06","52.700","min","226.222","μmol/L","Humid","21.135","deg","65914","µV","24.111","°C","1017.000","hPa","34.9","pmil","0","55.710","deg","20.000","°C","100.000","%a.s.","22.780","deg","20.000","°C","969.000","hPa","0.82","-0.015","0.00036","-0.00014","0","10","Humid","58.27","1","2500.00","297333.96","SADF0001000082","ABF0.1.0.10","4.0.0.2393","PSt7-10","250224-007","7/27/2025 6:28:56 PM","0000-00","0","no battery","V","","µV","","µV"
"03/05/2026","14:08:43","2","default","813736599","OXY_06","52.733","min","226.281","μmol/L","Humid","21.130","deg","65908","µV","24.117","°C","1017.000","hPa","34.9","pmil","0","55.710","deg","20.000","°C","100.000","%a.s.","22.780","deg","20.000","°C","969.000","hPa","0.82","-0.015","0.00036","-0.00014","0","10","Humid","58.27","1","2500.00","297336.76","SADF0001000082","ABF0.1.0.10","4.0.0.2393","PSt7-10","250224-007","7/27/2025 6:28:56 PM","0000-00","0","no battery","V","","µV","","µV"
"03/05/2026","14:08:45","2","default","813736599","OXY_06","52.766","min","226.261","μmol/L","Humid","21.129","deg","65897","µV","24.123","°C","1017.000","hPa","34.9","pmil","0","55.710","deg","20.000","°C","100.000","%a.s.","22.780","deg","20.000","°C","969.000","hPa","0.82","-0.015","0.00036","-0.00014","0","10","Humid","58.27","1","2500.00","297348.72","SADF0001000082","ABF0.1.0.10","4.0.0.2393","PSt7-10","250224-007","7/27/2025 6:28:56 PM","0000-00","0","no battery","V","","µV","","µV"
"03/05/2026","14:08:47","2","default","813736599","OXY_06","52.800","min","226.381","μmol/L","Humid","21.129","deg","65888","µV","24.105","°C","1017.000","hPa","34.9","pmil","0","55.710","deg","20.000","°C","100.000","%a.s.","22.780","deg","20.000","°C","969.000","hPa","0.82","-0.015","0.00036","-0.00014","0","10","Humid","58.27","1","2500.00","297343.32","SADF0001000082","ABF0.1.0.10","4.0.0.2393","PSt7-10","250224-007","7/27/2025 6:28:56 PM","0000-00","0","no battery","V","","µV","","µV"
"03/05/2026","14:08:49","2","default","813736599","OXY_06","52.834","min","226.300","μmol/L","Humid","21.123","deg","65871","µV","24.136","°C","1017.000","hPa","34.9","pmil","0","55.710","deg","20.000","°C","100.000","%a.s.","22.780","deg","20.000","°C","969.000","hPa","0.82","-0.015","0.00036","-0.00014","0","10","Humid","58.27","1","2500.00","297338.90","SADF0001000082","ABF0.1.0.10","4.0.0.2393","PSt7-10","250224-007","7/27/2025 6:28:56 PM","0000-00","0","no battery","V","","µV","","µV"
"03/05/2026","14:08:51","2","default","813736599","OXY_06","52.866","min","226.359","μmol/L","Humid","21.118","deg","65864","µV","24.142","°C","1017.000","hPa","34.9","pmil","0","55.710","deg","20.000","°C","100.000","%a.s.","22.780","deg","20.000","°C","969.000","hPa","0.82","-0.015","0.00036","-0.00014","0","10","Humid","58.27","1","2500.00","297336.34","SADF0001000082","ABF0.1.0.10","4.0.0.2393","PSt7-10","250224-007","7/27/2025 6:28:56 PM","0000-00","0","no battery","V","","µV","","µV"
"03/05/2026","14:08:53","2","default","813736599","OXY_06","52.900","min","226.439","μmol/L","Humid","21.120","deg","65859","µV","24.123","°C","1017.000","hPa","34.9","pmil","0","55.710","deg","20.000","°C","100.000","%a.s.","22.780","deg","20.000","°C","969.000","hPa","0.82","-0.015","0.00036","-0.00014","0","10","Humid","58.27","1","2500.00","297339.80","SADF0001000082","ABF0.1.0.10","4.0.0.2393","PSt7-10","250224-007","7/27/2025 6:28:56 PM","0000-00","0","no battery","V","","µV","","µV"
"03/05/2026","14:08:55","2","default","813736599","OXY_06","52.933","min","226.340","μmol/L","Humid","21.121","deg","65842","µV","24.136","°C","1017.000","hPa","34.9","pmil","0","55.710","deg","20.000","°C","100.000","%a.s.","22.780","deg","20.000","°C","969.000","hPa","0.82","-0.015","0.00036","-0.00014","0","10","Humid","58.27","1","2500.00","297340.66","SADF0001000082","ABF0.1.0.10","4.0.0.2393","PSt7-10","250224-007","7/27/2025 6:28:56 PM","0000-00","0","no battery","V","","µV","","µV"
"03/05/2026","14:08:57","2","default","813736599","OXY_06","52.967","min","226.618","μmol/L","Humid","21.113","deg","65831","µV","24.117","°C","1017.000","hPa","34.9","pmil","0","55.710","deg","20.000","°C","100.000","%a.s.","22.780","deg","20.000","°C","969.000","hPa","0.82","-0.015","0.00036","-0.00014","0","10","Humid","58.27","1","2500.00","297333.44","SADF0001000082","ABF0.1.0.10","4.0.0.2393","PSt7-10","250224-007","7/27/2025 6:28:56 PM","0000-00","0","no battery","V","","µV","","µV"
"03/05/2026","14:08:59","2","default","813736599","OXY_06","53.000","min","226.617","μmol/L","Humid","21.109","deg","65818","µV","24.129","°C","1017.000","hPa","34.9","pmil","0","55.710","deg","20.000","°C","100.000","%a.s.","22.780","deg","20.000","°C","969.000","hPa","0.82","-0.015","0.00036","-0.00014","0","10","Humid","58.27","1","2500.00","297329.56","SADF0001000082","ABF0.1.0.10","4.0.0.2393","PSt7-10","250224-007","7/27/2025 6:28:56 PM","0000-00","0","no battery","V","","µV","","µV"
"03/05/2026","14:09:01","2","default","813736599","OXY_06","53.033","min","226.676","μmol/L","Humid","21.104","deg","65810","µV","24.136","°C","1017.000","hPa","34.9","pmil","0","55.710","deg","20.000","°C","100.000","%a.s.","22.780","deg","20.000","°C","969.000","hPa","0.82","-0.015","0.00036","-0.00014","0","10","Humid","58.27","1","2500.00","297339.18","SADF0001000082","ABF0.1.0.10","4.0.0.2393","PSt7-10","250224-007","7/27/2025 6:28:56 PM","0000-00","0","no battery","V","","µV","","µV"
"03/05/2026","14:09:03","2","default","813736599","OXY_06","53.067","min","226.736","μmol/L","Humid","21.101","deg","65791","µV","24.136","°C","1017.000","hPa","34.9","pmil","0","55.710","deg","20.000","°C","100.000","%a.s.","22.780","deg","20.000","°C","969.000","hPa","0.82","-0.015","0.00036","-0.00014","0","10","Humid","58.27","1","2500.00","297330.93","SADF0001000082","ABF0.1.0.10","4.0.0.2393","PSt7-10","250224-007","7/27/2025 6:28:56 PM","0000-00","0","no battery","V","","µV","","µV"
"03/05/2026","14:09:05","2","default","813736599","OXY_06","53.100","min","226.974","μmol/L","Humid","21.091","deg","65772","µV","24.129","°C","1017.000","hPa","34.9","pmil","0","55.710","deg","20.000","°C","100.000","%a.s.","22.780","deg","20.000","°C","969.000","hPa","0.82","-0.015","0.00036","-0.00014","0","10","Humid","58.27","1","2500.00","297332.22","SADF0001000082","ABF0.1.0.10","4.0.0.2393","PSt7-10","250224-007","7/27/2025 6:28:56 PM","0000-00","0","no battery","V","","µV","","µV"
"03/05/2026","14:09:07","2","default","813736599","OXY_06","53.133","min","226.974","μmol/L","Humid","21.091","deg","65760","µV","24.129","°C","1017.000","hPa","34.9","pmil","0","55.710","deg","20.000","°C","100.000","%a.s.","22.780","deg","20.000","°C","969.000","hPa","0.82","-0.015","0.00036","-0.00014","0","10","Humid","58.27","1","2500.00","297332.80","SADF0001000082","ABF0.1.0.10","4.0.0.2393","PSt7-10","250224-007","7/27/2025 6:28:56 PM","0000-00","0","no battery","V","","µV","","µV"
"03/05/2026","14:09:09","2","default","813736599","OXY_06","53.166","min","226.954","μmol/L","Humid","21.090","deg","65740","µV","24.136","°C","1017.000","hPa","34.9","pmil","0","55.710","deg","20.000","°C","100.000","%a.s.","22.780","deg","20.000","°C","969.000","hPa","0.82","-0.015","0.00036","-0.00014","0","10","Humid","58.27","1","2500.00","297329.64","SADF0001000082","ABF0.1.0.10","4.0.0.2393","PSt7-10","250224-007","7/27/2025 6:28:56 PM","0000-00","0","no battery","V","","µV","","µV"
"03/05/2026","14:09:11","2","default","813736599","OXY_06","53.200","min","227.153","μmol/L","Humid","21.084","deg","65730","µV","24.123","°C","1017.000","hPa","34.9","pmil","0","55.710","deg","20.000","°C","100.000","%a.s.","22.780","deg","20.000","°C","969.000","hPa","0.82","-0.015","0.00036","-0.00014","0","10","Humid","58.27","1","2500.00","297317.16","SADF0001000082","ABF0.1.0.10","4.0.0.2393","PSt7-10","250224-007","7/27/2025 6:28:56 PM","0000-00","0","no battery","V","","µV","","µV"
"03/05/2026","14:09:13","2","default","813736599","OXY_06","53.233","min","227.173","μmol/L","Humid","21.085","deg","65724","µV","24.117","°C","1017.000","hPa","34.9","pmil","0","55.710","deg","20.000","°C","100.000","%a.s.","22.780","deg","20.000","°C","969.000","hPa","0.82","-0.015","0.00036","-0.00014","0","10","Humid","58.27","1","2500.00","297322.16","SADF0001000082","ABF0.1.0.10","4.0.0.2393","PSt7-10","250224-007","7/27/2025 6:28:56 PM","0000-00","0","no battery","V","","µV","","µV"
"03/05/2026","14:09:15","2","default","813736599","OXY_06","53.266","min","227.253","μmol/L","Humid","21.081","deg","65708","µV","24.117","°C","1017.000","hPa","34.9","pmil","0","55.710","deg","20.000","°C","100.000","%a.s.","22.780","deg","20.000","°C","969.000","hPa","0.82","-0.015","0.00036","-0.00014","0","10","Humid","58.27","1","2500.00","297322.77","SADF0001000082","ABF0.1.0.10","4.0.0.2393","PSt7-10","250224-007","7/27/2025 6:28:56 PM","0000-00","0","no battery","V","","µV","","µV"
"03/05/2026","14:09:17","2","default","813736599","OXY_06","53.300","min","227.432","μmol/L","Humid","21.070","deg","65695","µV","24.123","°C","1017.000","hPa","34.9","pmil","0","55.710","deg","20.000","°C","100.000","%a.s.","22.780","deg","20.000","°C","969.000","hPa","0.82","-0.015","0.00036","-0.00014","0","10","Humid","58.27","1","2500.00","297326.31","SADF0001000082","ABF0.1.0.10","4.0.0.2393","PSt7-10","250224-007","7/27/2025 6:28:56 PM","0000-00","0","no battery","V","","µV","","µV"
"03/05/2026","14:09:19","2","default","813736599","OXY_06","53.334","min","227.412","μmol/L","Humid","21.069","deg","65683","µV","24.129","°C","1017.000","hPa","34.9","pmil","0","55.710","deg","20.000","°C","100.000","%a.s.","22.780","deg","20.000","°C","969.000","hPa","0.82","-0.015","0.00036","-0.00014","0","10","Humid","58.27","1","2500.00","297336.04","SADF0001000082","ABF0.1.0.10","4.0.0.2393","PSt7-10","250224-007","7/27/2025 6:28:56 PM","0000-00","0","no battery","V","","µV","","µV"
"03/05/2026","14:09:21","2","default","813736599","OXY_06","53.366","min","227.412","μmol/L","Humid","21.071","deg","65670","µV","24.123","°C","1017.000","hPa","34.9","pmil","0","55.710","deg","20.000","°C","100.000","%a.s.","22.780","deg","20.000","°C","969.000","hPa","0.82","-0.015","0.00036","-0.00014","0","10","Humid","58.27","1","2500.00","297323.16","SADF0001000082","ABF0.1.0.10","4.0.0.2393","PSt7-10","250224-007","7/27/2025 6:28:56 PM","0000-00","0","no battery","V","","µV","","µV"
"03/05/2026","14:09:23","2","default","813736599","OXY_06","53.400","min","227.571","μmol/L","Humid","21.059","deg","65658","µV","24.136","°C","1017.000","hPa","34.9","pmil","0","55.710","deg","20.000","°C","100.000","%a.s.","22.780","deg","20.000","°C","969.000","hPa","0.82","-0.015","0.00036","-0.00014","0","10","Humid","58.27","1","2500.00","297327.67","SADF0001000082","ABF0.1.0.10","4.0.0.2393","PSt7-10","250224-007","7/27/2025 6:28:56 PM","0000-00","0","no battery","V","","µV","","µV"
"03/05/2026","14:09:25","2","default","813736599","OXY_06","53.433","min","227.551","μmol/L","Humid","21.058","deg","65643","µV","24.142","°C","1017.000","hPa","34.9","pmil","0","55.710","deg","20.000","°C","100.000","%a.s.","22.780","deg","20.000","°C","969.000","hPa","0.82","-0.015","0.00036","-0.00014","0","10","Humid","58.27","1","2500.00","297326.45","SADF0001000082","ABF0.1.0.10","4.0.0.2393","PSt7-10","250224-007","7/27/2025 6:28:56 PM","0000-00","0","no battery","V","","µV","","µV"
"03/05/2026","14:09:27","2","default","813736599","OXY_06","53.467","min","227.731","μmol/L","Humid","21.059","deg","65640","µV","24.111","°C","1017.000","hPa","34.9","pmil","0","55.710","deg","20.000","°C","100.000","%a.s.","22.780","deg","20.000","°C","969.000","hPa","0.82","-0.015","0.00036","-0.00014","0","10","Humid","58.27","1","2500.00","297318.77","SADF0001000082","ABF0.1.0.10","4.0.0.2393","PSt7-10","250224-007","7/27/2025 6:28:56 PM","0000-00","0","no battery","V","","µV","","µV"
"03/05/2026","14:09:29","2","default","813736599","OXY_06","53.499","min","227.710","μmol/L","Humid","21.052","deg","65624","µV","24.136","°C","1017.000","hPa","34.9","pmil","0","55.710","deg","20.000","°C","100.000","%a.s.","22.780","deg","20.000","°C","969.000","hPa","0.82","-0.015","0.00036","-0.00014","0","10","Humid","58.27","1","2500.00","297324.80","SADF0001000082","ABF0.1.0.10","4.0.0.2393","PSt7-10","250224-007","7/27/2025 6:28:56 PM","0000-00","0","no battery","V","","µV","","µV"
"03/05/2026","14:09:31","2","default","813736599","OXY_06","53.533","min","227.550","μmol/L","Humid","21.056","deg","65615","µV","24.148","°C","1017.000","hPa","34.9","pmil","0","55.710","deg","20.000","°C","100.000","%a.s.","22.780","deg","20.000","°C","969.000","hPa","0.82","-0.015","0.00036","-0.00014","0","10","Humid","58.27","1","2500.00","297324.16","SADF0001000082","ABF0.1.0.10","4.0.0.2393","PSt7-10","250224-007","7/27/2025 6:28:56 PM","0000-00","0","no battery","V","","µV","","µV"
"03/05/2026","14:09:33","2","default","813736599","OXY_06","53.567","min","227.730","μmol/L","Humid","21.047","deg","65608","µV","24.148","°C","1017.000","hPa","34.9","pmil","0","55.710","deg","20.000","°C","100.000","%a.s.","22.780","deg","20.000","°C","969.000","hPa","0.82","-0.015","0.00036","-0.00014","0","10","Humid","58.27","1","2500.00","297318.87","SADF0001000082","ABF0.1.0.10","4.0.0.2393","PSt7-10","250224-007","7/27/2025 6:28:56 PM","0000-00","0","no battery","V","","µV","","µV"
"03/05/2026","14:09:35","2","default","813736599","OXY_06","53.600","min","227.730","μmol/L","Humid","21.045","deg","65589","µV","24.154","°C","1017.000","hPa","34.9","pmil","0","55.710","deg","20.000","°C","100.000","%a.s.","22.780","deg","20.000","°C","969.000","hPa","0.82","-0.015","0.00036","-0.00014","0","10","Humid","58.27","1","2500.00","297318.56","SADF0001000082","ABF0.1.0.10","4.0.0.2393","PSt7-10","250224-007","7/27/2025 6:28:56 PM","0000-00","0","no battery","V","","µV","","µV"
"03/05/2026","14:09:37","2","default","813736599","OXY_06","53.633","min","227.950","μmol/L","Humid","21.040","deg","65577","µV","24.136","°C","1017.000","hPa","34.9","pmil","0","55.710","deg","20.000","°C","100.000","%a.s.","22.780","deg","20.000","°C","969.000","hPa","0.82","-0.015","0.00036","-0.00014","0","10","Humid","58.27","1","2500.00","297317.68","SADF0001000082","ABF0.1.0.10","4.0.0.2393","PSt7-10","250224-007","7/27/2025 6:28:56 PM","0000-00","0","no battery","V","","µV","","µV"
"03/05/2026","14:09:39","2","default","813736599","OXY_06","53.666","min","227.849","μmol/L","Humid","21.041","deg","65570","µV","24.148","°C","1017.000","hPa","34.9","pmil","0","55.710","deg","20.000","°C","100.000","%a.s.","22.780","deg","20.000","°C","969.000","hPa","0.82","-0.015","0.00036","-0.00014","0","10","Humid","58.27","1","2500.00","297319.89","SADF0001000082","ABF0.1.0.10","4.0.0.2393","PSt7-10","250224-007","7/27/2025 6:28:56 PM","0000-00","0","no battery","V","","µV","","µV"
"03/05/2026","14:09:41","2","default","813736599","OXY_06","53.700","min","227.949","μmol/L","Humid","21.038","deg","65554","µV","24.142","°C","1017.000","hPa","34.9","pmil","0","55.710","deg","20.000","°C","100.000","%a.s.","22.780","deg","20.000","°C","969.000","hPa","0.82","-0.015","0.00036","-0.00014","0","10","Humid","58.27","1","2500.00","297310.09","SADF0001000082","ABF0.1.0.10","4.0.0.2393","PSt7-10","250224-007","7/27/2025 6:28:56 PM","0000-00","0","no battery","V","","µV","","µV"
"03/05/2026","14:09:43","2","default","813736599","OXY_06","53.733","min","228.150","μmol/L","Humid","21.034","deg","65543","µV","24.123","°C","1017.000","hPa","34.9","pmil","0","55.710","deg","20.000","°C","100.000","%a.s.","22.780","deg","20.000","°C","969.000","hPa","0.82","-0.015","0.00036","-0.00014","0","10","Humid","58.27","1","2500.00","297296.27","SADF0001000082","ABF0.1.0.10","4.0.0.2393","PSt7-10","250224-007","7/27/2025 6:28:56 PM","0000-00","0","no battery","V","","µV","","µV"
"03/05/2026","14:09:45","2","default","813736599","OXY_06","53.767","min","228.049","μmol/L","Humid","21.031","deg","65530","µV","24.148","°C","1017.000","hPa","34.9","pmil","0","55.710","deg","20.000","°C","100.000","%a.s.","22.780","deg","20.000","°C","969.000","hPa","0.82","-0.015","0.00036","-0.00014","0","10","Humid","58.27","1","2500.00","297305.42","SADF0001000082","ABF0.1.0.10","4.0.0.2393","PSt7-10","250224-007","7/27/2025 6:28:56 PM","0000-00","0","no battery","V","","µV","","µV"
"03/05/2026","14:09:47","2","default","813736599","OXY_06","53.800","min","228.269","μmol/L","Humid","21.020","deg","65499","µV","24.148","°C","1017.000","hPa","34.9","pmil","0","55.710","deg","20.000","°C","100.000","%a.s.","22.780","deg","20.000","°C","969.000","hPa","0.82","-0.015","0.00036","-0.00014","0","10","Humid","58.27","1","2500.00","297312.77","SADF0001000082","ABF0.1.0.10","4.0.0.2393","PSt7-10","250224-007","7/27/2025 6:28:56 PM","0000-00","0","no battery","V","","µV","","µV"
"03/05/2026","14:09:49","2","default","813736599","OXY_06","53.833","min","228.409","μmol/L","Humid","21.017","deg","65480","µV","24.136","°C","1017.000","hPa","34.9","pmil","0","55.710","deg","20.000","°C","100.000","%a.s.","22.780","deg","20.000","°C","969.000","hPa","0.82","-0.015","0.00036","-0.00014","0","10","Humid","58.27","1","2500.00","297307.48","SADF0001000082","ABF0.1.0.10","4.0.0.2393","PSt7-10","250224-007","7/27/2025 6:28:56 PM","0000-00","0","no battery","V","","µV","","µV"
"03/05/2026","14:09:51","2","default","813736599","OXY_06","53.866","min","228.610","μmol/L","Humid","21.013","deg","65471","µV","24.117","°C","1017.000","hPa","34.9","pmil","0","55.710","deg","20.000","°C","100.000","%a.s.","22.780","deg","20.000","°C","969.000","hPa","0.82","-0.015","0.00036","-0.00014","0","10","Humid","58.27","1","2500.00","297315.91","SADF0001000082","ABF0.1.0.10","4.0.0.2393","PSt7-10","250224-007","7/27/2025 6:28:56 PM","0000-00","0","no battery","V","","µV","","µV"
"03/05/2026","14:09:53","2","default","813736599","OXY_06","53.900","min","228.609","μmol/L","Humid","21.003","deg","65454","µV","24.148","°C","1017.000","hPa","34.9","pmil","0","55.710","deg","20.000","°C","100.000","%a.s.","22.780","deg","20.000","°C","969.000","hPa","0.82","-0.015","0.00036","-0.00014","0","10","Humid","58.27","1","2500.00","297323.78","SADF0001000082","ABF0.1.0.10","4.0.0.2393","PSt7-10","250224-007","7/27/2025 6:28:56 PM","0000-00","0","no battery","V","","µV","","µV"
"03/05/2026","14:09:55","2","default","813736599","OXY_06","53.934","min","228.871","μmol/L","Humid","20.998","deg","65432","µV","24.123","°C","1017.000","hPa","34.9","pmil","0","55.710","deg","20.000","°C","100.000","%a.s.","22.780","deg","20.000","°C","969.000","hPa","0.82","-0.015","0.00036","-0.00014","0","10","Humid","58.27","1","2500.00","297313.63","SADF0001000082","ABF0.1.0.10","4.0.0.2393","PSt7-10","250224-007","7/27/2025 6:28:56 PM","0000-00","0","no battery","V","","µV","","µV"
"03/05/2026","14:09:57","2","default","813736599","OXY_06","53.966","min","228.830","μmol/L","Humid","20.996","deg","65407","µV","24.136","°C","1017.000","hPa","34.9","pmil","0","55.710","deg","20.000","°C","100.000","%a.s.","22.780","deg","20.000","°C","969.000","hPa","0.82","-0.015","0.00036","-0.00014","0","10","Humid","58.27","1","2500.00","297320.68","SADF0001000082","ABF0.1.0.10","4.0.0.2393","PSt7-10","250224-007","7/27/2025 6:28:56 PM","0000-00","0","no battery","V","","µV","","µV"
"03/05/2026","14:09:59","2","default","813736599","OXY_06","54.000","min","229.011","μmol/L","Humid","20.989","deg","65381","µV","24.129","°C","1017.000","hPa","34.9","pmil","0","55.710","deg","20.000","°C","100.000","%a.s.","22.780","deg","20.000","°C","969.000","hPa","0.82","-0.015","0.00036","-0.00014","0","10","Humid","58.27","1","2500.00","297318.12","SADF0001000082","ABF0.1.0.10","4.0.0.2393","PSt7-10","250224-007","7/27/2025 6:28:56 PM","0000-00","0","no battery","V","","µV","","µV"
"03/05/2026","14:10:01","2","default","813736599","OXY_06","54.033","min","229.111","μmol/L","Humid","20.982","deg","65365","µV","24.136","°C","1017.000","hPa","34.9","pmil","0","55.710","deg","20.000","°C","100.000","%a.s.","22.780","deg","20.000","°C","969.000","hPa","0.82","-0.015","0.00036","-0.00014","0","10","Humid","58.27","1","2500.00","297311.54","SADF0001000082","ABF0.1.0.10","4.0.0.2393","PSt7-10","250224-007","7/27/2025 6:28:56 PM","0000-00","0","no battery","V","","µV","","µV"
"03/05/2026","14:10:03","2","default","813736599","OXY_06","54.067","min","229.131","μmol/L","Humid","20.981","deg","65354","µV","24.136","°C","1017.000","hPa","34.9","pmil","0","55.710","deg","20.000","°C","100.000","%a.s.","22.780","deg","20.000","°C","969.000","hPa","0.82","-0.015","0.00036","-0.00014","0","10","Humid","58.27","1","2500.00","297312.28","SADF0001000082","ABF0.1.0.10","4.0.0.2393","PSt7-10","250224-007","7/27/2025 6:28:56 PM","0000-00","0","no battery","V","","µV","","µV"
"03/05/2026","14:10:05","2","default","813736599","OXY_06","54.100","min","229.171","μmol/L","Humid","20.975","deg","65319","µV","24.148","°C","1017.000","hPa","34.9","pmil","0","55.710","deg","20.000","°C","100.000","%a.s.","22.780","deg","20.000","°C","969.000","hPa","0.82","-0.015","0.00036","-0.00014","0","10","Humid","58.27","1","2500.00","297290.94","SADF0001000082","ABF0.1.0.10","4.0.0.2393","PSt7-10","250224-007","7/27/2025 6:28:56 PM","0000-00","0","no battery","V","","µV","","µV"
"03/05/2026","14:10:07","2","default","813736599","OXY_06","54.133","min","229.413","μmol/L","Humid","20.967","deg","65314","µV","24.136","°C","1017.000","hPa","34.9","pmil","0","55.710","deg","20.000","°C","100.000","%a.s.","22.780","deg","20.000","°C","969.000","hPa","0.82","-0.015","0.00036","-0.00014","0","10","Humid","58.27","1","2500.00","297300.51","SADF0001000082","ABF0.1.0.10","4.0.0.2393","PSt7-10","250224-007","7/27/2025 6:28:56 PM","0000-00","0","no battery","V","","µV","","µV"
"03/05/2026","14:10:09","2","default","813736599","OXY_06","54.166","min","229.271","μmol/L","Humid","20.966","deg","65303","µV","24.160","°C","1017.000","hPa","34.9","pmil","0","55.710","deg","20.000","°C","100.000","%a.s.","22.780","deg","20.000","°C","969.000","hPa","0.82","-0.015","0.00036","-0.00014","0","10","Humid","58.27","1","2500.00","297308.81","SADF0001000082","ABF0.1.0.10","4.0.0.2393","PSt7-10","250224-007","7/27/2025 6:28:56 PM","0000-00","0","no battery","V","","µV","","µV"
"03/05/2026","14:10:11","2","default","813736599","OXY_06","54.200","min","229.272","μmol/L","Humid","20.972","deg","65289","µV","24.142","°C","1017.000","hPa","34.9","pmil","0","55.710","deg","20.000","°C","100.000","%a.s.","22.780","deg","20.000","°C","969.000","hPa","0.82","-0.015","0.00036","-0.00014","0","10","Humid","58.27","1","2500.00","297300.43","SADF0001000082","ABF0.1.0.10","4.0.0.2393","PSt7-10","250224-007","7/27/2025 6:28:56 PM","0000-00","0","no battery","V","","µV","","µV"
"03/05/2026","14:10:13","2","default","813736599","OXY_06","54.234","min","229.534","μmol/L","Humid","20.961","deg","65275","µV","24.136","°C","1017.000","hPa","34.9","pmil","0","55.710","deg","20.000","°C","100.000","%a.s.","22.780","deg","20.000","°C","969.000","hPa","0.82","-0.015","0.00036","-0.00014","0","10","Humid","58.27","1","2500.00","297301.59","SADF0001000082","ABF0.1.0.10","4.0.0.2393","PSt7-10","250224-007","7/27/2025 6:28:56 PM","0000-00","0","no battery","V","","µV","","µV"
"03/05/2026","14:10:15","2","default","813736599","OXY_06","54.266","min","229.574","μmol/L","Humid","20.957","deg","65271","µV","24.142","°C","1017.000","hPa","34.9","pmil","0","55.710","deg","20.000","°C","100.000","%a.s.","22.780","deg","20.000","°C","969.000","hPa","0.82","-0.015","0.00036","-0.00014","0","10","Humid","58.27","1","2500.00","297309.14","SADF0001000082","ABF0.1.0.10","4.0.0.2393","PSt7-10","250224-007","7/27/2025 6:28:56 PM","0000-00","0","no battery","V","","µV","","µV"
"03/05/2026","14:10:17","2","default","813736599","OXY_06","54.300","min","229.614","μmol/L","Humid","20.957","deg","65257","µV","24.136","°C","1017.000","hPa","34.9","pmil","0","55.710","deg","20.000","°C","100.000","%a.s.","22.780","deg","20.000","°C","969.000","hPa","0.82","-0.015","0.00036","-0.00014","0","10","Humid","58.27","1","2500.00","297306.10","SADF0001000082","ABF0.1.0.10","4.0.0.2393","PSt7-10","250224-007","7/27/2025 6:28:56 PM","0000-00","0","no battery","V","","µV","","µV"
"03/05/2026","14:10:19","2","default","813736599","OXY_06","54.333","min","229.694","μmol/L","Humid","20.949","deg","65248","µV","24.148","°C","1017.000","hPa","34.9","pmil","0","55.710","deg","20.000","°C","100.000","%a.s.","22.780","deg","20.000","°C","969.000","hPa","0.82","-0.015","0.00036","-0.00014","0","10","Humid","58.27","1","2500.00","297300.91","SADF0001000082","ABF0.1.0.10","4.0.0.2393","PSt7-10","250224-007","7/27/2025 6:28:56 PM","0000-00","0","no battery","V","","µV","","µV"
"03/05/2026","14:10:21","2","default","813736599","OXY_06","54.367","min","229.755","μmol/L","Humid","20.952","deg","65235","µV","24.129","°C","1017.000","hPa","34.9","pmil","0","55.710","deg","20.000","°C","100.000","%a.s.","22.780","deg","20.000","°C","969.000","hPa","0.82","-0.015","0.00036","-0.00014","0","10","Humid","58.27","1","2500.00","297297.73","SADF0001000082","ABF0.1.0.10","4.0.0.2393","PSt7-10","250224-007","7/27/2025 6:28:56 PM","0000-00","0","no battery","V","","µV","","µV"
"03/05/2026","14:10:23","2","default","813736599","OXY_06","54.400","min","229.795","μmol/L","Humid","20.946","deg","65230","µV","24.142","°C","1017.000","hPa","34.9","pmil","0","55.710","deg","20.000","°C","100.000","%a.s.","22.780","deg","20.000","°C","969.000","hPa","0.82","-0.015","0.00036","-0.00014","0","10","Humid","58.27","1","2500.00","297295.49","SADF0001000082","ABF0.1.0.10","4.0.0.2393","PSt7-10","250224-007","7/27/2025 6:28:56 PM","0000-00","0","no battery","V","","µV","","µV"
"03/05/2026","14:10:25","2","default","813736599","OXY_06","54.433","min","229.755","μmol/L","Humid","20.944","deg","65215","µV","24.154","°C","1017.000","hPa","34.9","pmil","0","55.710","deg","20.000","°C","100.000","%a.s.","22.780","deg","20.000","°C","969.000","hPa","0.82","-0.015","0.00036","-0.00014","0","10","Humid","58.27","1","2500.00","297295.41","SADF0001000082","ABF0.1.0.10","4.0.0.2393","PSt7-10","250224-007","7/27/2025 6:28:56 PM","0000-00","0","no battery","V","","µV","","µV"
"03/05/2026","14:10:27","2","default","813736599","OXY_06","54.467","min","229.937","μmol/L","Humid","20.939","deg","65207","µV","24.142","°C","1017.000","hPa","34.9","pmil","0","55.710","deg","20.000","°C","100.000","%a.s.","22.780","deg","20.000","°C","969.000","hPa","0.82","-0.015","0.00036","-0.00014","0","10","Humid","58.27","1","2500.00","297299.96","SADF0001000082","ABF0.1.0.10","4.0.0.2393","PSt7-10","250224-007","7/27/2025 6:28:56 PM","0000-00","0","no battery","V","","µV","","µV"
"03/05/2026","14:10:29","2","default","813736599","OXY_06","54.500","min","230.038","μmol/L","Humid","20.934","deg","65190","µV","24.142","°C","1017.000","hPa","34.9","pmil","0","55.710","deg","20.000","°C","100.000","%a.s.","22.780","deg","20.000","°C","969.000","hPa","0.82","-0.015","0.00036","-0.00014","0","10","Humid","58.27","1","2500.00","297294.29","SADF0001000082","ABF0.1.0.10","4.0.0.2393","PSt7-10","250224-007","7/27/2025 6:28:56 PM","0000-00","0","no battery","V","","µV","","µV"
"03/05/2026","14:10:31","2","default","813736599","OXY_06","54.533","min","229.956","μmol/L","Humid","20.932","deg","65177","µV","24.160","°C","1017.000","hPa","34.9","pmil","0","55.710","deg","20.000","°C","100.000","%a.s.","22.780","deg","20.000","°C","969.000","hPa","0.82","-0.015","0.00036","-0.00014","0","10","Humid","58.27","1","2500.00","297298.96","SADF0001000082","ABF0.1.0.10","4.0.0.2393","PSt7-10","250224-007","7/27/2025 6:28:56 PM","0000-00","0","no battery","V","","µV","","µV"
"03/05/2026","14:10:33","2","default","813736599","OXY_06","54.566","min","230.098","μmol/L","Humid","20.933","deg","65171","µV","24.136","°C","1017.000","hPa","34.9","pmil","0","55.710","deg","20.000","°C","100.000","%a.s.","22.780","deg","20.000","°C","969.000","hPa","0.82","-0.015","0.00036","-0.00014","0","10","Humid","58.27","1","2500.00","297300.74","SADF0001000082","ABF0.1.0.10","4.0.0.2393","PSt7-10","250224-007","7/27/2025 6:28:56 PM","0000-00","0","no battery","V","","µV","","µV"
"03/05/2026","14:10:35","2","default","813736599","OXY_06","54.600","min","230.098","μmol/L","Humid","20.933","deg","65158","µV","24.136","°C","1017.000","hPa","34.9","pmil","0","55.710","deg","20.000","°C","100.000","%a.s.","22.780","deg","20.000","°C","969.000","hPa","0.82","-0.015","0.00036","-0.00014","0","10","Humid","58.27","1","2500.00","297293.96","SADF0001000082","ABF0.1.0.10","4.0.0.2393","PSt7-10","250224-007","7/27/2025 6:28:56 PM","0000-00","0","no battery","V","","µV","","µV"
"03/05/2026","14:10:37","2","default","813736599","OXY_06","54.634","min","230.260","μmol/L","Humid","20.921","deg","65135","µV","24.148","°C","1017.000","hPa","34.9","pmil","0","55.710","deg","20.000","°C","100.000","%a.s.","22.780","deg","20.000","°C","969.000","hPa","0.82","-0.015","0.00036","-0.00014","0","10","Humid","58.27","1","2500.00","297296.41","SADF0001000082","ABF0.1.0.10","4.0.0.2393","PSt7-10","250224-007","7/27/2025 6:28:56 PM","0000-00","0","no battery","V","","µV","","µV"
"03/05/2026","14:10:39","2","default","813736599","OXY_06","54.666","min","230.381","μmol/L","Humid","20.917","deg","65124","µV","24.142","°C","1017.000","hPa","34.9","pmil","0","55.710","deg","20.000","°C","100.000","%a.s.","22.780","deg","20.000","°C","969.000","hPa","0.82","-0.015","0.00036","-0.00014","0","10","Humid","58.27","1","2500.00","297291.15","SADF0001000082","ABF0.1.0.10","4.0.0.2393","PSt7-10","250224-007","7/27/2025 6:28:56 PM","0000-00","0","no battery","V","","µV","","µV"
"03/05/2026","14:10:41","2","default","813736599","OXY_06","54.700","min","230.361","μmol/L","Humid","20.916","deg","65097","µV","24.148","°C","1017.000","hPa","34.9","pmil","0","55.710","deg","20.000","°C","100.000","%a.s.","22.780","deg","20.000","°C","969.000","hPa","0.82","-0.015","0.00036","-0.00014","0","10","Humid","58.27","1","2500.00","297298.79","SADF0001000082","ABF0.1.0.10","4.0.0.2393","PSt7-10","250224-007","7/27/2025 6:28:56 PM","0000-00","0","no battery","V","","µV","","µV"
"03/05/2026","14:10:43","2","default","813736599","OXY_06","54.733","min","230.563","μmol/L","Humid","20.910","deg","65080","µV","24.136","°C","1017.000","hPa","34.9","pmil","0","55.710","deg","20.000","°C","100.000","%a.s.","22.780","deg","20.000","°C","969.000","hPa","0.82","-0.015","0.00036","-0.00014","0","10","Humid","58.27","1","2500.00","297296.31","SADF0001000082","ABF0.1.0.10","4.0.0.2393","PSt7-10","250224-007","7/27/2025 6:28:56 PM","0000-00","0","no battery","V","","µV","","µV"
"03/05/2026","14:10:45","2","default","813736599","OXY_06","54.767","min","230.543","μmol/L","Humid","20.905","deg","65068","µV","24.154","°C","1017.000","hPa","34.9","pmil","0","55.710","deg","20.000","°C","100.000","%a.s.","22.780","deg","20.000","°C","969.000","hPa","0.82","-0.015","0.00036","-0.00014","0","10","Humid","58.27","1","2500.00","297293.61","SADF0001000082","ABF0.1.0.10","4.0.0.2393","PSt7-10","250224-007","7/27/2025 6:28:56 PM","0000-00","0","no battery","V","","µV","","µV"
"03/05/2026","14:10:47","2","default","813736599","OXY_06","54.800","min","230.766","μmol/L","Humid","20.898","deg","65054","µV","24.142","°C","1017.000","hPa","34.9","pmil","0","55.710","deg","20.000","°C","100.000","%a.s.","22.780","deg","20.000","°C","969.000","hPa","0.82","-0.015","0.00036","-0.00014","0","10","Humid","58.27","1","2500.00","297305.22","SADF0001000082","ABF0.1.0.10","4.0.0.2393","PSt7-10","250224-007","7/27/2025 6:28:56 PM","0000-00","0","no battery","V","","µV","","µV"
"03/05/2026","14:10:49","2","default","813736599","OXY_06","54.834","min","230.867","μmol/L","Humid","20.893","deg","65040","µV","24.142","°C","1017.000","hPa","34.9","pmil","0","55.710","deg","20.000","°C","100.000","%a.s.","22.780","deg","20.000","°C","969.000","hPa","0.82","-0.015","0.00036","-0.00014","0","10","Humid","58.27","1","2500.00","297290.69","SADF0001000082","ABF0.1.0.10","4.0.0.2393","PSt7-10","250224-007","7/27/2025 6:28:56 PM","0000-00","0","no battery","V","","µV","","µV"
"03/05/2026","14:10:51","2","default","813736599","OXY_06","54.866","min","230.867","μmol/L","Humid","20.893","deg","65036","µV","24.142","°C","1017.000","hPa","34.9","pmil","0","55.710","deg","20.000","°C","100.000","%a.s.","22.780","deg","20.000","°C","969.000","hPa","0.82","-0.015","0.00036","-0.00014","0","10","Humid","58.27","1","2500.00","297306.29","SADF0001000082","ABF0.1.0.10","4.0.0.2393","PSt7-10","250224-007","7/27/2025 6:28:56 PM","0000-00","0","no battery","V","","µV","","µV"
"03/05/2026","14:10:53","2","default","813736599","OXY_06","54.900","min","230.746","μmol/L","Humid","20.895","deg","65028","µV","24.154","°C","1017.000","hPa","34.9","pmil","0","55.710","deg","20.000","°C","100.000","%a.s.","22.780","deg","20.000","°C","969.000","hPa","0.82","-0.015","0.00036","-0.00014","0","10","Humid","58.27","1","2500.00","297304.04","SADF0001000082","ABF0.1.0.10","4.0.0.2393","PSt7-10","250224-007","7/27/2025 6:28:56 PM","0000-00","0","no battery","V","","µV","","µV"
"03/05/2026","14:10:55","2","default","813736599","OXY_06","54.933","min","230.928","μmol/L","Humid","20.888","deg","65019","µV","24.148","°C","1017.000","hPa","34.9","pmil","0","55.710","deg","20.000","°C","100.000","%a.s.","22.780","deg","20.000","°C","969.000","hPa","0.82","-0.015","0.00036","-0.00014","0","10","Humid","58.27","1","2500.00","297296.25","SADF0001000082","ABF0.1.0.10","4.0.0.2393","PSt7-10","250224-007","7/27/2025 6:28:56 PM","0000-00","0","no battery","V","","µV","","µV"
"03/05/2026","14:10:57","2","default","813736599","OXY_06","54.967","min","231.131","μmol/L","Humid","20.880","deg","65001","µV","24.142","°C","1017.000","hPa","34.9","pmil","0","55.710","deg","20.000","°C","100.000","%a.s.","22.780","deg","20.000","°C","969.000","hPa","0.82","-0.015","0.00036","-0.00014","0","10","Humid","58.27","1","2500.00","297299.58","SADF0001000082","ABF0.1.0.10","4.0.0.2393","PSt7-10","250224-007","7/27/2025 6:28:56 PM","0000-00","0","no battery","V","","µV","","µV"
"03/05/2026","14:10:59","2","default","813736599","OXY_06","55.000","min","231.050","μmol/L","Humid","20.884","deg","64991","µV","24.142","°C","1017.000","hPa","34.9","pmil","0","55.710","deg","20.000","°C","100.000","%a.s.","22.780","deg","20.000","°C","969.000","hPa","0.82","-0.015","0.00036","-0.00014","0","10","Humid","58.27","1","2500.00","297289.56","SADF0001000082","ABF0.1.0.10","4.0.0.2393","PSt7-10","250224-007","7/27/2025 6:28:56 PM","0000-00","0","no battery","V","","µV","","µV"
"03/05/2026","14:11:01","2","default","813736599","OXY_06","55.033","min","231.090","μmol/L","Humid","20.876","deg","64981","µV","24.160","°C","1017.000","hPa","34.9","pmil","0","55.710","deg","20.000","°C","100.000","%a.s.","22.780","deg","20.000","°C","969.000","hPa","0.82","-0.015","0.00036","-0.00014","0","10","Humid","58.27","1","2500.00","297295.28","SADF0001000082","ABF0.1.0.10","4.0.0.2393","PSt7-10","250224-007","7/27/2025 6:28:56 PM","0000-00","0","no battery","V","","µV","","µV"
"03/05/2026","14:11:03","2","default","813736599","OXY_06","55.066","min","231.090","μmol/L","Humid","20.874","deg","64977","µV","24.167","°C","1017.000","hPa","34.9","pmil","0","55.710","deg","20.000","°C","100.000","%a.s.","22.780","deg","20.000","°C","969.000","hPa","0.82","-0.015","0.00036","-0.00014","0","10","Humid","58.27","1","2500.00","297295.30","SADF0001000082","ABF0.1.0.10","4.0.0.2393","PSt7-10","250224-007","7/27/2025 6:28:56 PM","0000-00","0","no battery","V","","µV","","µV"
"03/05/2026","14:11:05","2","default","813736599","OXY_06","55.100","min","231.253","μmol/L","Humid","20.870","deg","64955","µV","24.154","°C","1017.000","hPa","34.9","pmil","0","55.710","deg","20.000","°C","100.000","%a.s.","22.780","deg","20.000","°C","969.000","hPa","0.82","-0.015","0.00036","-0.00014","0","10","Humid","58.27","1","2500.00","297294.88","SADF0001000082","ABF0.1.0.10","4.0.0.2393","PSt7-10","250224-007","7/27/2025 6:28:56 PM","0000-00","0","no battery","V","","µV","","µV"
"03/05/2026","14:11:07","2","default","813736599","OXY_06","55.133","min","231.355","μmol/L","Humid","20.869","deg","64951","µV","24.142","°C","1017.000","hPa","34.9","pmil","0","55.710","deg","20.000","°C","100.000","%a.s.","22.780","deg","20.000","°C","969.000","hPa","0.82","-0.015","0.00036","-0.00014","0","10","Humid","58.27","1","2500.00","297296.62","SADF0001000082","ABF0.1.0.10","4.0.0.2393","PSt7-10","250224-007","7/27/2025 6:28:56 PM","0000-00","0","no battery","V","","µV","","µV"
"03/05/2026","14:11:09","2","default","813736599","OXY_06","55.166","min","231.518","μmol/L","Humid","20.867","deg","64942","µV","24.123","°C","1017.000","hPa","34.9","pmil","0","55.710","deg","20.000","°C","100.000","%a.s.","22.780","deg","20.000","°C","969.000","hPa","0.82","-0.015","0.00036","-0.00014","0","10","Humid","58.27","1","2500.00","297290.63","SADF0001000082","ABF0.1.0.10","4.0.0.2393","PSt7-10","250224-007","7/27/2025 6:28:56 PM","0000-00","0","no battery","V","","µV","","µV"
"03/05/2026","14:11:11","2","default","813736599","OXY_06","55.200","min","231.355","μmol/L","Humid","20.865","deg","64927","µV","24.154","°C","1017.000","hPa","34.9","pmil","0","55.710","deg","20.000","°C","100.000","%a.s.","22.780","deg","20.000","°C","969.000","hPa","0.82","-0.015","0.00036","-0.00014","0","10","Humid","58.27","1","2500.00","297292.94","SADF0001000082","ABF0.1.0.10","4.0.0.2393","PSt7-10","250224-007","7/27/2025 6:28:56 PM","0000-00","0","no battery","V","","µV","","µV"
"03/05/2026","14:11:13","2","default","813736599","OXY_06","55.233","min","231.253","μmol/L","Humid","20.866","deg","64911","µV","24.167","°C","1017.000","hPa","34.9","pmil","0","55.710","deg","20.000","°C","100.000","%a.s.","22.780","deg","20.000","°C","969.000","hPa","0.82","-0.015","0.00036","-0.00014","0","10","Humid","58.27","1","2500.00","297282.98","SADF0001000082","ABF0.1.0.10","4.0.0.2393","PSt7-10","250224-007","7/27/2025 6:28:56 PM","0000-00","0","no battery","V","","µV","","µV"
"03/05/2026","14:11:15","2","default","813736599","OXY_06","55.267","min","231.599","μmol/L","Humid","20.863","deg","64907","µV","24.123","°C","1017.000","hPa","34.9","pmil","0","55.710","deg","20.000","°C","100.000","%a.s.","22.780","deg","20.000","°C","969.000","hPa","0.82","-0.015","0.00036","-0.00014","0","10","Humid","58.27","1","2500.00","297287.08","SADF0001000082","ABF0.1.0.10","4.0.0.2393","PSt7-10","250224-007","7/27/2025 6:28:56 PM","0000-00","0","no battery","V","","µV","","µV"
"03/05/2026","14:11:17","2","default","813736599","OXY_06","55.300","min","231.497","μmol/L","Humid","20.862","deg","64900","µV","24.142","°C","1017.000","hPa","34.9","pmil","0","55.710","deg","20.000","°C","100.000","%a.s.","22.780","deg","20.000","°C","969.000","hPa","0.82","-0.015","0.00036","-0.00014","0","10","Humid","58.27","1","2500.00","297287.70","SADF0001000082","ABF0.1.0.10","4.0.0.2393","PSt7-10","250224-007","7/27/2025 6:28:56 PM","0000-00","0","no battery","V","","µV","","µV"
"03/05/2026","14:11:19","2","default","813736599","OXY_06","55.333","min","231.660","μmol/L","Humid","20.854","deg","64886","µV","24.142","°C","1017.000","hPa","34.9","pmil","0","55.710","deg","20.000","°C","100.000","%a.s.","22.780","deg","20.000","°C","969.000","hPa","0.82","-0.015","0.00036","-0.00014","0","10","Humid","58.27","1","2500.00","297292.12","SADF0001000082","ABF0.1.0.10","4.0.0.2393","PSt7-10","250224-007","7/27/2025 6:28:56 PM","0000-00","0","no battery","V","","µV","","µV"
"03/05/2026","14:11:21","2","default","813736599","OXY_06","55.367","min","231.660","μmol/L","Humid","20.852","deg","64879","µV","24.148","°C","1017.000","hPa","34.9","pmil","0","55.710","deg","20.000","°C","100.000","%a.s.","22.780","deg","20.000","°C","969.000","hPa","0.82","-0.015","0.00036","-0.00014","0","10","Humid","58.27","1","2500.00","297278.65","SADF0001000082","ABF0.1.0.10","4.0.0.2393","PSt7-10","250224-007","7/27/2025 6:28:56 PM","0000-00","0","no battery","V","","µV","","µV"
"03/05/2026","14:11:23","2","default","813736599","OXY_06","55.400","min","231.762","μmol/L","Humid","20.849","deg","64871","µV","24.142","°C","1017.000","hPa","34.9","pmil","0","55.710","deg","20.000","°C","100.000","%a.s.","22.780","deg","20.000","°C","969.000","hPa","0.82","-0.015","0.00036","-0.00014","0","10","Humid","58.27","1","2500.00","297289.20","SADF0001000082","ABF0.1.0.10","4.0.0.2393","PSt7-10","250224-007","7/27/2025 6:28:56 PM","0000-00","0","no battery","V","","µV","","µV"
"03/05/2026","14:11:25","2","default","813736599","OXY_06","55.433","min","231.946","μmol/L","Humid","20.844","deg","64858","µV","24.129","°C","1017.000","hPa","34.9","pmil","0","55.710","deg","20.000","°C","100.000","%a.s.","22.780","deg","20.000","°C","969.000","hPa","0.82","-0.015","0.00036","-0.00014","0","10","Humid","58.27","1","2500.00","297290.23","SADF0001000082","ABF0.1.0.10","4.0.0.2393","PSt7-10","250224-007","7/27/2025 6:28:56 PM","0000-00","0","no battery","V","","µV","","µV"
"03/05/2026","14:11:27","2","default","813736599","OXY_06","55.466","min","231.823","μmol/L","Humid","20.844","deg","64844","µV","24.148","°C","1017.000","hPa","34.9","pmil","0","55.710","deg","20.000","°C","100.000","%a.s.","22.780","deg","20.000","°C","969.000","hPa","0.82","-0.015","0.00036","-0.00014","0","10","Humid","58.27","1","2500.00","297280.05","SADF0001000082","ABF0.1.0.10","4.0.0.2393","PSt7-10","250224-007","7/27/2025 6:28:56 PM","0000-00","0","no battery","V","","µV","","µV"
"03/05/2026","14:11:29","2","default","813736599","OXY_06","55.500","min","231.946","μmol/L","Humid","20.840","deg","64834","µV","24.142","°C","1017.000","hPa","34.9","pmil","0","55.710","deg","20.000","°C","100.000","%a.s.","22.780","deg","20.000","°C","969.000","hPa","0.82","-0.015","0.00036","-0.00014","0","10","Humid","58.27","1","2500.00","297289.88","SADF0001000082","ABF0.1.0.10","4.0.0.2393","PSt7-10","250224-007","7/27/2025 6:28:56 PM","0000-00","0","no battery","V","","µV","","µV"
"03/05/2026","14:11:31","2","default","813736599","OXY_06","55.533","min","232.109","μmol/L","Humid","20.832","deg","64820","µV","24.142","°C","1017.000","hPa","34.9","pmil","0","55.710","deg","20.000","°C","100.000","%a.s.","22.780","deg","20.000","°C","969.000","hPa","0.82","-0.015","0.00036","-0.00014","0","10","Humid","58.27","1","2500.00","297281.27","SADF0001000082","ABF0.1.0.10","4.0.0.2393","PSt7-10","250224-007","7/27/2025 6:28:56 PM","0000-00","0","no battery","V","","µV","","µV"
"03/05/2026","14:11:33","2","default","813736599","OXY_06","55.566","min","232.048","μmol/L","Humid","20.835","deg","64814","µV","24.142","°C","1017.000","hPa","34.9","pmil","0","55.710","deg","20.000","°C","100.000","%a.s.","22.780","deg","20.000","°C","969.000","hPa","0.82","-0.015","0.00036","-0.00014","0","10","Humid","58.27","1","2500.00","297283.89","SADF0001000082","ABF0.1.0.10","4.0.0.2393","PSt7-10","250224-007","7/27/2025 6:28:56 PM","0000-00","0","no battery","V","","µV","","µV"
"03/05/2026","14:11:35","2","default","813736599","OXY_06","55.600","min","231.905","μmol/L","Humid","20.836","deg","64797","µV","24.160","°C","1017.000","hPa","34.9","pmil","0","55.710","deg","20.000","°C","100.000","%a.s.","22.780","deg","20.000","°C","969.000","hPa","0.82","-0.015","0.00036","-0.00014","0","10","Humid","58.27","1","2500.00","297288.39","SADF0001000082","ABF0.1.0.10","4.0.0.2393","PSt7-10","250224-007","7/27/2025 6:28:56 PM","0000-00","0","no battery","V","","µV","","µV"
"03/05/2026","14:11:37","2","default","813736599","OXY_06","55.633","min","232.109","μmol/L","Humid","20.832","deg","64787","µV","24.142","°C","1017.000","hPa","34.9","pmil","0","55.710","deg","20.000","°C","100.000","%a.s.","22.780","deg","20.000","°C","969.000","hPa","0.82","-0.015","0.00036","-0.00014","0","10","Humid","58.27","1","2500.00","297293.07","SADF0001000082","ABF0.1.0.10","4.0.0.2393","PSt7-10","250224-007","7/27/2025 6:28:56 PM","0000-00","0","no battery","V","","µV","","µV"
"03/05/2026","14:11:39","2","default","813736599","OXY_06","55.667","min","232.150","μmol/L","Humid","20.826","deg","64783","µV","24.154","°C","1017.000","hPa","34.9","pmil","0","55.710","deg","20.000","°C","100.000","%a.s.","22.780","deg","20.000","°C","969.000","hPa","0.82","-0.015","0.00036","-0.00014","0","10","Humid","58.27","1","2500.00","297283.44","SADF0001000082","ABF0.1.0.10","4.0.0.2393","PSt7-10","250224-007","7/27/2025 6:28:56 PM","0000-00","0","no battery","V","","µV","","µV"
"03/05/2026","14:11:41","2","default","813736599","OXY_06","55.700","min","232.048","μmol/L","Humid","20.827","deg","64774","µV","24.167","°C","1017.000","hPa","34.9","pmil","0","55.710","deg","20.000","°C","100.000","%a.s.","22.780","deg","20.000","°C","969.000","hPa","0.82","-0.015","0.00036","-0.00014","0","10","Humid","58.27","1","2500.00","297288.69","SADF0001000082","ABF0.1.0.10","4.0.0.2393","PSt7-10","250224-007","7/27/2025 6:28:56 PM","0000-00","0","no battery","V","","µV","","µV"
"03/05/2026","14:11:43","2","default","813736599","OXY_06","55.733","min","232.354","μmol/L","Humid","20.822","deg","64762","µV","24.136","°C","1017.000","hPa","34.9","pmil","0","55.710","deg","20.000","°C","100.000","%a.s.","22.780","deg","20.000","°C","969.000","hPa","0.82","-0.015","0.00036","-0.00014","0","10","Humid","58.27","1","2500.00","297284.11","SADF0001000082","ABF0.1.0.10","4.0.0.2393","PSt7-10","250224-007","7/27/2025 6:28:56 PM","0000-00","0","no battery","V","","µV","","µV"
"03/05/2026","14:11:45","2","default","813736599","OXY_06","55.767","min","232.354","μmol/L","Humid","20.814","deg","64747","µV","24.160","°C","1017.000","hPa","34.9","pmil","0","55.710","deg","20.000","°C","100.000","%a.s.","22.780","deg","20.000","°C","969.000","hPa","0.82","-0.015","0.00036","-0.00014","0","10","Humid","58.27","1","2500.00","297297.41","SADF0001000082","ABF0.1.0.10","4.0.0.2393","PSt7-10","250224-007","7/27/2025 6:28:56 PM","0000-00","0","no battery","V","","µV","","µV"
"03/05/2026","14:11:47","2","default","813736599","OXY_06","55.800","min","232.456","μmol/L","Humid","20.817","deg","64735","µV","24.136","°C","1017.000","hPa","34.9","pmil","0","55.710","deg","20.000","°C","100.000","%a.s.","22.780","deg","20.000","°C","969.000","hPa","0.82","-0.015","0.00036","-0.00014","0","10","Humid","58.27","1","2500.00","297276.22","SADF0001000082","ABF0.1.0.10","4.0.0.2393","PSt7-10","250224-007","7/27/2025 6:28:56 PM","0000-00","0","no battery","V","","µV","","µV"
"03/05/2026","14:11:49","2","default","813736599","OXY_06","55.833","min","232.354","μmol/L","Humid","20.814","deg","64718","µV","24.160","°C","1017.000","hPa","34.9","pmil","0","55.710","deg","20.000","°C","100.000","%a.s.","22.780","deg","20.000","°C","969.000","hPa","0.82","-0.015","0.00036","-0.00014","0","10","Humid","58.27","1","2500.00","297273.26","SADF0001000082","ABF0.1.0.10","4.0.0.2393","PSt7-10","250224-007","7/27/2025 6:28:56 PM","0000-00","0","no battery","V","","µV","","µV"
"03/05/2026","14:11:51","2","default","813736599","OXY_06","55.866","min","232.436","μmol/L","Humid","20.812","deg","64707","µV","24.154","°C","1017.000","hPa","34.9","pmil","0","55.710","deg","20.000","°C","100.000","%a.s.","22.780","deg","20.000","°C","969.000","hPa","0.82","-0.015","0.00036","-0.00014","0","10","Humid","58.27","1","2500.00","297279.86","SADF0001000082","ABF0.1.0.10","4.0.0.2393","PSt7-10","250224-007","7/27/2025 6:28:56 PM","0000-00","0","no battery","V","","µV","","µV"
"03/05/2026","14:11:53","2","default","813736599","OXY_06","55.900","min","232.641","μmol/L","Humid","20.806","deg","64692","µV","24.142","°C","1017.000","hPa","34.9","pmil","0","55.710","deg","20.000","°C","100.000","%a.s.","22.780","deg","20.000","°C","969.000","hPa","0.82","-0.015","0.00036","-0.00014","0","10","Humid","58.27","1","2500.00","297280.16","SADF0001000082","ABF0.1.0.10","4.0.0.2393","PSt7-10","250224-007","7/27/2025 6:28:56 PM","0000-00","0","no battery","V","","µV","","µV"
"03/05/2026","14:11:55","2","default","813736599","OXY_06","55.933","min","232.764","μmol/L","Humid","20.800","deg","64685","µV","24.142","°C","1017.000","hPa","34.9","pmil","0","55.710","deg","20.000","°C","100.000","%a.s.","22.780","deg","20.000","°C","969.000","hPa","0.82","-0.015","0.00036","-0.00014","0","10","Humid","58.27","1","2500.00","297281.61","SADF0001000082","ABF0.1.0.10","4.0.0.2393","PSt7-10","250224-007","7/27/2025 6:28:56 PM","0000-00","0","no battery","V","","µV","","µV"
"03/05/2026","14:11:57","2","default","813736599","OXY_06","55.967","min","232.764","μmol/L","Humid","20.800","deg","64671","µV","24.142","°C","1017.000","hPa","34.9","pmil","0","55.710","deg","20.000","°C","100.000","%a.s.","22.780","deg","20.000","°C","969.000","hPa","0.82","-0.015","0.00036","-0.00014","0","10","Humid","58.27","1","2500.00","297275.21","SADF0001000082","ABF0.1.0.10","4.0.0.2393","PSt7-10","250224-007","7/27/2025 6:28:56 PM","0000-00","0","no battery","V","","µV","","µV"
"03/05/2026","14:11:59","2","default","813736599","OXY_06","56.000","min","232.805","μmol/L","Humid","20.794","deg","64657","µV","24.154","°C","1017.000","hPa","34.9","pmil","0","55.710","deg","20.000","°C","100.000","%a.s.","22.780","deg","20.000","°C","969.000","hPa","0.82","-0.015","0.00036","-0.00014","0","10","Humid","58.27","1","2500.00","297282.64","SADF0001000082","ABF0.1.0.10","4.0.0.2393","PSt7-10","250224-007","7/27/2025 6:28:56 PM","0000-00","0","no battery","V","","µV","","µV"
"03/05/2026","14:12:01","2","default","813736599","OXY_06","56.033","min","232.866","μmol/L","Humid","20.789","deg","64649","µV","24.160","°C","1017.000","hPa","34.9","pmil","0","55.710","deg","20.000","°C","100.000","%a.s.","22.780","deg","20.000","°C","969.000","hPa","0.82","-0.015","0.00036","-0.00014","0","10","Humid","58.27","1","2500.00","297283.85","SADF0001000082","ABF0.1.0.10","4.0.0.2393","PSt7-10","250224-007","7/27/2025 6:28:56 PM","0000-00","0","no battery","V","","µV","","µV"
"03/05/2026","14:12:03","2","default","813736599","OXY_06","56.067","min","232.887","μmol/L","Humid","20.786","deg","64641","µV","24.167","°C","1017.000","hPa","34.9","pmil","0","55.710","deg","20.000","°C","100.000","%a.s.","22.780","deg","20.000","°C","969.000","hPa","0.82","-0.015","0.00036","-0.00014","0","10","Humid","58.27","1","2500.00","297275.35","SADF0001000082","ABF0.1.0.10","4.0.0.2393","PSt7-10","250224-007","7/27/2025 6:28:56 PM","0000-00","0","no battery","V","","µV","","µV"
"03/05/2026","14:12:05","2","default","813736599","OXY_06","56.100","min","232.989","μmol/L","Humid","20.789","deg","64625","µV","24.142","°C","1017.000","hPa","34.9","pmil","0","55.710","deg","20.000","°C","100.000","%a.s.","22.780","deg","20.000","°C","969.000","hPa","0.82","-0.015","0.00036","-0.00014","0","10","Humid","58.27","1","2500.00","297265.24","SADF0001000082","ABF0.1.0.10","4.0.0.2393","PSt7-10","250224-007","7/27/2025 6:28:56 PM","0000-00","0","no battery","V","","µV","","µV"
"03/05/2026","14:12:07","2","default","813736599","OXY_06","56.133","min","233.051","μmol/L","Humid","20.782","deg","64613","µV","24.154","°C","1017.000","hPa","34.9","pmil","0","55.710","deg","20.000","°C","100.000","%a.s.","22.780","deg","20.000","°C","969.000","hPa","0.82","-0.015","0.00036","-0.00014","0","10","Humid","58.27","1","2500.00","297281.20","SADF0001000082","ABF0.1.0.10","4.0.0.2393","PSt7-10","250224-007","7/27/2025 6:28:56 PM","0000-00","0","no battery","V","","µV","","µV"
"03/05/2026","14:12:09","2","default","813736599","OXY_06","56.166","min","233.112","μmol/L","Humid","20.781","deg","64604","µV","24.148","°C","1017.000","hPa","34.9","pmil","0","55.710","deg","20.000","°C","100.000","%a.s.","22.780","deg","20.000","°C","969.000","hPa","0.82","-0.015","0.00036","-0.00014","0","10","Humid","58.27","1","2500.00","297285.76","SADF0001000082","ABF0.1.0.10","4.0.0.2393","PSt7-10","250224-007","7/27/2025 6:28:56 PM","0000-00","0","no battery","V","","µV","","µV"
"03/05/2026","14:12:11","2","default","813736599","OXY_06","56.200","min","233.133","μmol/L","Humid","20.778","deg","64599","µV","24.154","°C","1017.000","hPa","34.9","pmil","0","55.710","deg","20.000","°C","100.000","%a.s.","22.780","deg","20.000","°C","969.000","hPa","0.82","-0.015","0.00036","-0.00014","0","10","Humid","58.27","1","2500.00","297274.54","SADF0001000082","ABF0.1.0.10","4.0.0.2393","PSt7-10","250224-007","7/27/2025 6:28:56 PM","0000-00","0","no battery","V","","µV","","µV"
"03/05/2026","14:12:13","2","default","813736599","OXY_06","56.234","min","233.318","μmol/L","Humid","20.773","deg","64589","µV","24.142","°C","1017.000","hPa","34.9","pmil","0","55.710","deg","20.000","°C","100.000","%a.s.","22.780","deg","20.000","°C","969.000","hPa","0.82","-0.015","0.00036","-0.00014","0","10","Humid","58.27","1","2500.00","297271.05","SADF0001000082","ABF0.1.0.10","4.0.0.2393","PSt7-10","250224-007","7/27/2025 6:28:56 PM","0000-00","0","no battery","V","","µV","","µV"
"03/05/2026","14:12:15","2","default","813736599","OXY_06","56.266","min","233.441","μmol/L","Humid","20.767","deg","64568","µV","24.142","°C","1017.000","hPa","34.9","pmil","0","55.710","deg","20.000","°C","100.000","%a.s.","22.780","deg","20.000","°C","969.000","hPa","0.82","-0.015","0.00036","-0.00014","0","10","Humid","58.27","1","2500.00","297271.01","SADF0001000082","ABF0.1.0.10","4.0.0.2393","PSt7-10","250224-007","7/27/2025 6:28:56 PM","0000-00","0","no battery","V","","µV","","µV"
"03/05/2026","14:12:17","2","default","813736599","OXY_06","56.300","min","233.441","μmol/L","Humid","20.763","deg","64566","µV","24.154","°C","1017.000","hPa","34.9","pmil","0","55.710","deg","20.000","°C","100.000","%a.s.","22.780","deg","20.000","°C","969.000","hPa","0.82","-0.015","0.00036","-0.00014","0","10","Humid","58.27","1","2500.00","297272.89","SADF0001000082","ABF0.1.0.10","4.0.0.2393","PSt7-10","250224-007","7/27/2025 6:28:56 PM","0000-00","0","no battery","V","","µV","","µV"
"03/05/2026","14:12:19","2","default","813736599","OXY_06","56.333","min","233.523","μmol/L","Humid","20.763","deg","64549","µV","24.142","°C","1017.000","hPa","34.9","pmil","0","55.710","deg","20.000","°C","100.000","%a.s.","22.780","deg","20.000","°C","969.000","hPa","0.82","-0.015","0.00036","-0.00014","0","10","Humid","58.27","1","2500.00","297272.88","SADF0001000082","ABF0.1.0.10","4.0.0.2393","PSt7-10","250224-007","7/27/2025 6:28:56 PM","0000-00","0","no battery","V","","µV","","µV"
"03/05/2026","14:12:21","2","default","813736599","OXY_06","56.367","min","233.688","μmol/L","Humid","20.763","deg","64544","µV","24.117","°C","1017.000","hPa","34.9","pmil","0","55.710","deg","20.000","°C","100.000","%a.s.","22.780","deg","20.000","°C","969.000","hPa","0.82","-0.015","0.00036","-0.00014","0","10","Humid","58.27","1","2500.00","297274.69","SADF0001000082","ABF0.1.0.10","4.0.0.2393","PSt7-10","250224-007","7/27/2025 6:28:56 PM","0000-00","0","no battery","V","","µV","","µV"
"03/05/2026","14:12:23","2","default","813736599","OXY_06","56.400","min","233.523","μmol/L","Humid","20.763","deg","64532","µV","24.142","°C","1017.000","hPa","34.9","pmil","0","55.710","deg","20.000","°C","100.000","%a.s.","22.780","deg","20.000","°C","969.000","hPa","0.82","-0.015","0.00036","-0.00014","0","10","Humid","58.27","1","2500.00","297264.60","SADF0001000082","ABF0.1.0.10","4.0.0.2393","PSt7-10","250224-007","7/27/2025 6:28:56 PM","0000-00","0","no battery","V","","µV","","µV"
"03/05/2026","14:12:25","2","default","813736599","OXY_06","56.433","min","233.523","μmol/L","Humid","20.763","deg","64521","µV","24.142","°C","1017.000","hPa","34.9","pmil","0","55.710","deg","20.000","°C","100.000","%a.s.","22.780","deg","20.000","°C","969.000","hPa","0.82","-0.015","0.00036","-0.00014","0","10","Humid","58.27","1","2500.00","297258.16","SADF0001000082","ABF0.1.0.10","4.0.0.2393","PSt7-10","250224-007","7/27/2025 6:28:56 PM","0000-00","0","no battery","V","","µV","","µV"
"03/05/2026","14:12:27","2","default","813736599","OXY_06","56.467","min","233.626","μmol/L","Humid","20.758","deg","64506","µV","24.142","°C","1017.000","hPa","34.9","pmil","0","55.710","deg","20.000","°C","100.000","%a.s.","22.780","deg","20.000","°C","969.000","hPa","0.82","-0.015","0.00036","-0.00014","0","10","Humid","58.27","1","2500.00","297271.85","SADF0001000082","ABF0.1.0.10","4.0.0.2393","PSt7-10","250224-007","7/27/2025 6:28:56 PM","0000-00","0","no battery","V","","µV","","µV"
"03/05/2026","14:12:29","2","default","813736599","OXY_06","56.500","min","233.770","μmol/L","Humid","20.747","deg","64494","µV","24.154","°C","1017.000","hPa","34.9","pmil","0","55.710","deg","20.000","°C","100.000","%a.s.","22.780","deg","20.000","°C","969.000","hPa","0.82","-0.015","0.00036","-0.00014","0","10","Humid","58.27","1","2500.00","297262.61","SADF0001000082","ABF0.1.0.10","4.0.0.2393","PSt7-10","250224-007","7/27/2025 6:28:56 PM","0000-00","0","no battery","V","","µV","","µV"
"03/05/2026","14:12:31","2","default","813736599","OXY_06","56.533","min","233.791","μmol/L","Humid","20.748","deg","64480","µV","24.148","°C","1017.000","hPa","34.9","pmil","0","55.710","deg","20.000","°C","100.000","%a.s.","22.780","deg","20.000","°C","969.000","hPa","0.82","-0.015","0.00036","-0.00014","0","10","Humid","58.27","1","2500.00","297265.00","SADF0001000082","ABF0.1.0.10","4.0.0.2393","PSt7-10","250224-007","7/27/2025 6:28:56 PM","0000-00","0","no battery","V","","µV","","µV"
"03/05/2026","14:12:33","2","default","813736599","OXY_06","56.566","min","233.977","μmol/L","Humid","20.741","deg","64473","µV","24.142","°C","1017.000","hPa","34.9","pmil","0","55.710","deg","20.000","°C","100.000","%a.s.","22.780","deg","20.000","°C","969.000","hPa","0.82","-0.015","0.00036","-0.00014","0","10","Humid","58.27","1","2500.00","297264.74","SADF0001000082","ABF0.1.0.10","4.0.0.2393","PSt7-10","250224-007","7/27/2025 6:28:56 PM","0000-00","0","no battery","V","","µV","","µV"
"03/05/2026","14:12:35","2","default","813736599","OXY_06","56.600","min","233.874","μmol/L","Humid","20.742","deg","64453","µV","24.154","°C","1017.000","hPa","34.9","pmil","0","55.710","deg","20.000","°C","100.000","%a.s.","22.780","deg","20.000","°C","969.000","hPa","0.82","-0.015","0.00036","-0.00014","0","10","Humid","58.27","1","2500.00","297257.98","SADF0001000082","ABF0.1.0.10","4.0.0.2393","PSt7-10","250224-007","7/27/2025 6:28:56 PM","0000-00","0","no battery","V","","µV","","µV"
"03/05/2026","14:12:37","2","default","813736599","OXY_06","56.634","min","234.080","μmol/L","Humid","20.738","deg","64442","µV","24.136","°C","1017.000","hPa","34.9","pmil","0","55.710","deg","20.000","°C","100.000","%a.s.","22.780","deg","20.000","°C","969.000","hPa","0.82","-0.015","0.00036","-0.00014","0","10","Humid","58.27","1","2500.00","297270.15","SADF0001000082","ABF0.1.0.10","4.0.0.2393","PSt7-10","250224-007","7/27/2025 6:28:56 PM","0000-00","0","no battery","V","","µV","","µV"
"03/05/2026","14:12:39","2","default","813736599","OXY_06","56.666","min","233.956","μmol/L","Humid","20.738","deg","64432","µV","24.154","°C","1017.000","hPa","34.9","pmil","0","55.710","deg","20.000","°C","100.000","%a.s.","22.780","deg","20.000","°C","969.000","hPa","0.82","-0.015","0.00036","-0.00014","0","10","Humid","58.27","1","2500.00","297265.64","SADF0001000082","ABF0.1.0.10","4.0.0.2393","PSt7-10","250224-007","7/27/2025 6:28:56 PM","0000-00","0","no battery","V","","µV","","µV"
"03/05/2026","14:12:41","2","default","813736599","OXY_06","56.700","min","234.328","μmol/L","Humid","20.724","deg","64413","µV","24.142","°C","1017.000","hPa","34.9","pmil","0","55.710","deg","20.000","°C","100.000","%a.s.","22.780","deg","20.000","°C","969.000","hPa","0.82","-0.015","0.00036","-0.00014","0","10","Humid","58.27","1","2500.00","297265.37","SADF0001000082","ABF0.1.0.10","4.0.0.2393","PSt7-10","250224-007","7/27/2025 6:28:56 PM","0000-00","0","no battery","V","","µV","","µV"
"03/05/2026","14:12:43","2","default","813736599","OXY_06","56.733","min","234.493","μmol/L","Humid","20.724","deg","64399","µV","24.117","°C","1017.000","hPa","34.9","pmil","0","55.710","deg","20.000","°C","100.000","%a.s.","22.780","deg","20.000","°C","969.000","hPa","0.82","-0.015","0.00036","-0.00014","0","10","Humid","58.27","1","2500.00","297263.99","SADF0001000082","ABF0.1.0.10","4.0.0.2393","PSt7-10","250224-007","7/27/2025 6:28:56 PM","0000-00","0","no battery","V","","µV","","µV"
"03/05/2026","14:12:45","2","default","813736599","OXY_06","56.767","min","234.204","μmol/L","Humid","20.720","deg","64372","µV","24.173","°C","1017.000","hPa","34.9","pmil","0","55.710","deg","20.000","°C","100.000","%a.s.","22.780","deg","20.000","°C","969.000","hPa","0.82","-0.015","0.00036","-0.00014","0","10","Humid","58.27","1","2500.00","297259.58","SADF0001000082","ABF0.1.0.10","4.0.0.2393","PSt7-10","250224-007","7/27/2025 6:28:56 PM","0000-00","0","no battery","V","","µV","","µV"
"03/05/2026","14:12:47","2","default","813736599","OXY_06","56.800","min","234.472","μmol/L","Humid","20.715","deg","64363","µV","24.148","°C","1017.000","hPa","34.9","pmil","0","55.710","deg","20.000","°C","100.000","%a.s.","22.780","deg","20.000","°C","969.000","hPa","0.82","-0.015","0.00036","-0.00014","0","10","Humid","58.27","1","2500.00","297271.68","SADF0001000082","ABF0.1.0.10","4.0.0.2393","PSt7-10","250224-007","7/27/2025 6:28:56 PM","0000-00","0","no battery","V","","µV","","µV"
"03/05/2026","14:12:49","2","default","813736599","OXY_06","56.833","min","234.638","μmol/L","Humid","20.707","deg","64343","µV","24.148","°C","1017.000","hPa","34.9","pmil","0","55.710","deg","20.000","°C","100.000","%a.s.","22.780","deg","20.000","°C","969.000","hPa","0.82","-0.015","0.00036","-0.00014","0","10","Humid","58.27","1","2500.00","297257.93","SADF0001000082","ABF0.1.0.10","4.0.0.2393","PSt7-10","250224-007","7/27/2025 6:28:56 PM","0000-00","0","no battery","V","","µV","","µV"
"03/05/2026","14:12:51","2","default","813736599","OXY_06","56.867","min","234.638","μmol/L","Humid","20.707","deg","64327","µV","24.148","°C","1017.000","hPa","34.9","pmil","0","55.710","deg","20.000","°C","100.000","%a.s.","22.780","deg","20.000","°C","969.000","hPa","0.82","-0.015","0.00036","-0.00014","0","10","Humid","58.27","1","2500.00","297267.85","SADF0001000082","ABF0.1.0.10","4.0.0.2393","PSt7-10","250224-007","7/27/2025 6:28:56 PM","0000-00","0","no battery","V","","µV","","µV"
"03/05/2026","14:12:53","2","default","813736599","OXY_06","56.900","min","234.804","μmol/L","Humid","20.697","deg","64312","µV","24.154","°C","1017.000","hPa","34.9","pmil","0","55.710","deg","20.000","°C","100.000","%a.s.","22.780","deg","20.000","°C","969.000","hPa","0.82","-0.015","0.00036","-0.00014","0","10","Humid","58.27","1","2500.00","297253.75","SADF0001000082","ABF0.1.0.10","4.0.0.2393","PSt7-10","250224-007","7/27/2025 6:28:56 PM","0000-00","0","no battery","V","","µV","","µV"
"03/05/2026","14:12:55","2","default","813736599","OXY_06","56.933","min","234.762","μmol/L","Humid","20.701","deg","64301","µV","24.148","°C","1017.000","hPa","34.9","pmil","0","55.710","deg","20.000","°C","100.000","%a.s.","22.780","deg","20.000","°C","969.000","hPa","0.82","-0.015","0.00036","-0.00014","0","10","Humid","58.27","1","2500.00","297250.64","SADF0001000082","ABF0.1.0.10","4.0.0.2393","PSt7-10","250224-007","7/27/2025 6:28:56 PM","0000-00","0","no battery","V","","µV","","µV"
"03/05/2026","14:12:57","2","default","813736599","OXY_06","56.966","min","234.990","μmol/L","Humid","20.692","deg","64290","µV","24.142","°C","1017.000","hPa","34.9","pmil","0","55.710","deg","20.000","°C","100.000","%a.s.","22.780","deg","20.000","°C","969.000","hPa","0.82","-0.015","0.00036","-0.00014","0","10","Humid","58.27","1","2500.00","297249.14","SADF0001000082","ABF0.1.0.10","4.0.0.2393","PSt7-10","250224-007","7/27/2025 6:28:56 PM","0000-00","0","no battery","V","","µV","","µV"
"03/05/2026","14:12:59","2","default","813736599","OXY_06","57.000","min","234.990","μmol/L","Humid","20.690","deg","64279","µV","24.148","°C","1017.000","hPa","34.9","pmil","0","55.710","deg","20.000","°C","100.000","%a.s.","22.780","deg","20.000","°C","969.000","hPa","0.82","-0.015","0.00036","-0.00014","0","10","Humid","58.27","1","2500.00","297264.53","SADF0001000082","ABF0.1.0.10","4.0.0.2393","PSt7-10","250224-007","7/27/2025 6:28:56 PM","0000-00","0","no battery","V","","µV","","µV"
"03/05/2026","14:13:01","2","default","813736599","OXY_06","57.033","min","235.032","μmol/L","Humid","20.686","deg","64267","µV","24.154","°C","1017.000","hPa","34.9","pmil","0","55.710","deg","20.000","°C","100.000","%a.s.","22.780","deg","20.000","°C","969.000","hPa","0.82","-0.015","0.00036","-0.00014","0","10","Humid","58.27","1","2500.00","297254.72","SADF0001000082","ABF0.1.0.10","4.0.0.2393","PSt7-10","250224-007","7/27/2025 6:28:56 PM","0000-00","0","no battery","V","","µV","","µV"
"03/05/2026","14:13:03","2","default","813736599","OXY_06","57.067","min","235.052","μmol/L","Humid","20.689","deg","64252","µV","24.142","°C","1017.000","hPa","34.9","pmil","0","55.710","deg","20.000","°C","100.000","%a.s.","22.780","deg","20.000","°C","969.000","hPa","0.82","-0.015","0.00036","-0.00014","0","10","Humid","58.27","1","2500.00","297260.25","SADF0001000082","ABF0.1.0.10","4.0.0.2393","PSt7-10","250224-007","7/27/2025 6:28:56 PM","0000-00","0","no battery","V","","µV","","µV"
"03/05/2026","14:13:05","2","default","813736599","OXY_06","57.100","min","235.156","μmol/L","Humid","20.682","deg","64238","µV","24.148","°C","1017.000","hPa","34.9","pmil","0","55.710","deg","20.000","°C","100.000","%a.s.","22.780","deg","20.000","°C","969.000","hPa","0.82","-0.015","0.00036","-0.00014","0","10","Humid","58.27","1","2500.00","297259.46","SADF0001000082","ABF0.1.0.10","4.0.0.2393","PSt7-10","250224-007","7/27/2025 6:28:56 PM","0000-00","0","no battery","V","","µV","","µV"
"03/05/2026","14:13:07","2","default","813736599","OXY_06","57.133","min","235.301","μmol/L","Humid","20.675","deg","64228","µV","24.148","°C","1017.000","hPa","34.9","pmil","0","55.710","deg","20.000","°C","100.000","%a.s.","22.780","deg","20.000","°C","969.000","hPa","0.82","-0.015","0.00036","-0.00014","0","10","Humid","58.27","1","2500.00","297248.19","SADF0001000082","ABF0.1.0.10","4.0.0.2393","PSt7-10","250224-007","7/27/2025 6:28:56 PM","0000-00","0","no battery","V","","µV","","µV"
"03/05/2026","14:13:09","2","default","813736599","OXY_06","57.167","min","235.384","μmol/L","Humid","20.677","deg","64221","µV","24.129","°C","1017.000","hPa","34.9","pmil","0","55.710","deg","20.000","°C","100.000","%a.s.","22.780","deg","20.000","°C","969.000","hPa","0.82","-0.015","0.00036","-0.00014","0","10","Humid","58.27","1","2500.00","297243.63","SADF0001000082","ABF0.1.0.10","4.0.0.2393","PSt7-10","250224-007","7/27/2025 6:28:56 PM","0000-00","0","no battery","V","","µV","","µV"
"03/05/2026","14:13:11","2","default","813736599","OXY_06","57.199","min","235.384","μmol/L","Humid","20.673","deg","64210","µV","24.142","°C","1017.000","hPa","34.9","pmil","0","55.710","deg","20.000","°C","100.000","%a.s.","22.780","deg","20.000","°C","969.000","hPa","0.82","-0.015","0.00036","-0.00014","0","10","Humid","58.27","1","2500.00","297247.60","SADF0001000082","ABF0.1.0.10","4.0.0.2393","PSt7-10","250224-007","7/27/2025 6:28:56 PM","0000-00","0","no battery","V","","µV","","µV"
"03/05/2026","14:13:13","2","default","813736599","OXY_06","57.233","min","235.426","μmol/L","Humid","20.671","deg","64202","µV","24.142","°C","1017.000","hPa","34.9","pmil","0","55.710","deg","20.000","°C","100.000","%a.s.","22.780","deg","20.000","°C","969.000","hPa","0.82","-0.015","0.00036","-0.00014","0","10","Humid","58.27","1","2500.00","297254.27","SADF0001000082","ABF0.1.0.10","4.0.0.2393","PSt7-10","250224-007","7/27/2025 6:28:56 PM","0000-00","0","no battery","V","","µV","","µV"
"03/05/2026","14:13:15","2","default","813736599","OXY_06","57.267","min","235.364","μmol/L","Humid","20.670","deg","64191","µV","24.154","°C","1017.000","hPa","34.9","pmil","0","55.710","deg","20.000","°C","100.000","%a.s.","22.780","deg","20.000","°C","969.000","hPa","0.82","-0.015","0.00036","-0.00014","0","10","Humid","58.27","1","2500.00","297248.60","SADF0001000082","ABF0.1.0.10","4.0.0.2393","PSt7-10","250224-007","7/27/2025 6:28:56 PM","0000-00","0","no battery","V","","µV","","µV"
"03/05/2026","14:13:17","2","default","813736599","OXY_06","57.300","min","235.468","μmol/L","Humid","20.671","deg","64180","µV","24.136","°C","1017.000","hPa","34.9","pmil","0","55.710","deg","20.000","°C","100.000","%a.s.","22.780","deg","20.000","°C","969.000","hPa","0.82","-0.015","0.00036","-0.00014","0","10","Humid","58.27","1","2500.00","297245.75","SADF0001000082","ABF0.1.0.10","4.0.0.2393","PSt7-10","250224-007","7/27/2025 6:28:56 PM","0000-00","0","no battery","V","","µV","","µV"
"03/05/2026","14:13:19","2","default","813736599","OXY_06","57.333","min","235.468","μmol/L","Humid","20.665","deg","64173","µV","24.154","°C","1017.000","hPa","34.9","pmil","0","55.710","deg","20.000","°C","100.000","%a.s.","22.780","deg","20.000","°C","969.000","hPa","0.82","-0.015","0.00036","-0.00014","0","10","Humid","58.27","1","2500.00","297254.22","SADF0001000082","ABF0.1.0.10","4.0.0.2393","PSt7-10","250224-007","7/27/2025 6:28:56 PM","0000-00","0","no battery","V","","µV","","µV"
"03/05/2026","14:13:21","2","default","813736599","OXY_06","57.366","min","235.634","μmol/L","Humid","20.659","deg","64163","µV","24.148","°C","1017.000","hPa","34.9","pmil","0","55.710","deg","20.000","°C","100.000","%a.s.","22.780","deg","20.000","°C","969.000","hPa","0.82","-0.015","0.00036","-0.00014","0","10","Humid","58.27","1","2500.00","297242.92","SADF0001000082","ABF0.1.0.10","4.0.0.2393","PSt7-10","250224-007","7/27/2025 6:28:56 PM","0000-00","0","no battery","V","","µV","","µV"
"03/05/2026","14:13:23","2","default","813736599","OXY_06","57.400","min","235.655","μmol/L","Humid","20.658","deg","64146","µV","24.148","°C","1017.000","hPa","34.9","pmil","0","55.710","deg","20.000","°C","100.000","%a.s.","22.780","deg","20.000","°C","969.000","hPa","0.82","-0.015","0.00036","-0.00014","0","10","Humid","58.27","1","2500.00","297246.77","SADF0001000082","ABF0.1.0.10","4.0.0.2393","PSt7-10","250224-007","7/27/2025 6:28:56 PM","0000-00","0","no battery","V","","µV","","µV"
"03/05/2026","14:13:25","2","default","813736599","OXY_06","57.433","min","235.800","μmol/L","Humid","20.657","deg","64135","µV","24.129","°C","1017.000","hPa","34.9","pmil","0","55.710","deg","20.000","°C","100.000","%a.s.","22.780","deg","20.000","°C","969.000","hPa","0.82","-0.015","0.00036","-0.00014","0","10","Humid","58.27","1","2500.00","297244.57","SADF0001000082","ABF0.1.0.10","4.0.0.2393","PSt7-10","250224-007","7/27/2025 6:28:56 PM","0000-00","0","no battery","V","","µV","","µV"
"03/05/2026","14:13:27","2","default","813736599","OXY_06","57.466","min","235.738","μmol/L","Humid","20.654","deg","64130","µV","24.148","°C","1017.000","hPa","34.9","pmil","0","55.710","deg","20.000","°C","100.000","%a.s.","22.780","deg","20.000","°C","969.000","hPa","0.82","-0.015","0.00036","-0.00014","0","10","Humid","58.27","1","2500.00","297254.08","SADF0001000082","ABF0.1.0.10","4.0.0.2393","PSt7-10","250224-007","7/27/2025 6:28:56 PM","0000-00","0","no battery","V","","µV","","µV"
"03/05/2026","14:13:29","2","default","813736599","OXY_06","57.500","min","235.780","μmol/L","Humid","20.652","deg","64114","µV","24.148","°C","1017.000","hPa","34.9","pmil","0","55.710","deg","20.000","°C","100.000","%a.s.","22.780","deg","20.000","°C","969.000","hPa","0.82","-0.015","0.00036","-0.00014","0","10","Humid","58.27","1","2500.00","297248.61","SADF0001000082","ABF0.1.0.10","4.0.0.2393","PSt7-10","250224-007","7/27/2025 6:28:56 PM","0000-00","0","no battery","V","","µV","","µV"
"03/05/2026","14:13:31","2","default","813736599","OXY_06","57.533","min","235.988","μmol/L","Humid","20.644","deg","64104","µV","24.142","°C","1017.000","hPa","34.9","pmil","0","55.710","deg","20.000","°C","100.000","%a.s.","22.780","deg","20.000","°C","969.000","hPa","0.82","-0.015","0.00036","-0.00014","0","10","Humid","58.27","1","2500.00","297257.06","SADF0001000082","ABF0.1.0.10","4.0.0.2393","PSt7-10","250224-007","7/27/2025 6:28:56 PM","0000-00","0","no battery","V","","µV","","µV"
"03/05/2026","14:13:33","2","default","813736599","OXY_06","57.566","min","236.280","μmol/L","Humid","20.638","deg","64083","µV","24.117","°C","1017.000","hPa","34.9","pmil","0","55.710","deg","20.000","°C","100.000","%a.s.","22.780","deg","20.000","°C","969.000","hPa","0.82","-0.015","0.00036","-0.00014","0","10","Humid","58.27","1","2500.00","297245.12","SADF0001000082","ABF0.1.0.10","4.0.0.2393","PSt7-10","250224-007","7/27/2025 6:28:56 PM","0000-00","0","no battery","V","","µV","","µV"
"03/05/2026","14:13:35","2","default","813736599","OXY_06","57.600","min","236.092","μmol/L","Humid","20.639","deg","64078","µV","24.142","°C","1017.000","hPa","34.9","pmil","0","55.710","deg","20.000","°C","100.000","%a.s.","22.780","deg","20.000","°C","969.000","hPa","0.82","-0.015","0.00036","-0.00014","0","10","Humid","58.27","1","2500.00","297244.14","SADF0001000082","ABF0.1.0.10","4.0.0.2393","PSt7-10","250224-007","7/27/2025 6:28:56 PM","0000-00","0","no battery","V","","µV","","µV"
"03/05/2026","14:13:37","2","default","813736599","OXY_06","57.633","min","236.155","μmol/L","Humid","20.636","deg","64063","µV","24.142","°C","1017.000","hPa","34.9","pmil","0","55.710","deg","20.000","°C","100.000","%a.s.","22.780","deg","20.000","°C","969.000","hPa","0.82","-0.015","0.00036","-0.00014","0","10","Humid","58.27","1","2500.00","297240.60","SADF0001000082","ABF0.1.0.10","4.0.0.2393","PSt7-10","250224-007","7/27/2025 6:28:56 PM","0000-00","0","no battery","V","","µV","","µV"
"03/05/2026","14:13:39","2","default","813736599","OXY_06","57.667","min","236.259","μmol/L","Humid","20.633","deg","64047","µV","24.136","°C","1017.000","hPa","34.9","pmil","0","55.710","deg","20.000","°C","100.000","%a.s.","22.780","deg","20.000","°C","969.000","hPa","0.82","-0.015","0.00036","-0.00014","0","10","Humid","58.27","1","2500.00","297244.72","SADF0001000082","ABF0.1.0.10","4.0.0.2393","PSt7-10","250224-007","7/27/2025 6:28:56 PM","0000-00","0","no battery","V","","µV","","µV"
"03/05/2026","14:13:41","2","default","813736599","OXY_06","57.700","min","236.405","μmol/L","Humid","20.626","deg","64042","µV","24.136","°C","1017.000","hPa","34.9","pmil","0","55.710","deg","20.000","°C","100.000","%a.s.","22.780","deg","20.000","°C","969.000","hPa","0.82","-0.015","0.00036","-0.00014","0","10","Humid","58.27","1","2500.00","297247.08","SADF0001000082","ABF0.1.0.10","4.0.0.2393","PSt7-10","250224-007","7/27/2025 6:28:56 PM","0000-00","0","no battery","V","","µV","","µV"
"03/05/2026","14:13:43","2","default","813736599","OXY_06","57.733","min","236.323","μmol/L","Humid","20.622","deg","64024","µV","24.160","°C","1017.000","hPa","34.9","pmil","0","55.710","deg","20.000","°C","100.000","%a.s.","22.780","deg","20.000","°C","969.000","hPa","0.82","-0.015","0.00036","-0.00014","0","10","Humid","58.27","1","2500.00","297252.64","SADF0001000082","ABF0.1.0.10","4.0.0.2393","PSt7-10","250224-007","7/27/2025 6:28:56 PM","0000-00","0","no battery","V","","µV","","µV"
"03/05/2026","14:13:45","2","default","813736599","OXY_06","57.767","min","236.489","μmol/L","Humid","20.620","deg","64013","µV","24.142","°C","1017.000","hPa","34.9","pmil","0","55.710","deg","20.000","°C","100.000","%a.s.","22.780","deg","20.000","°C","969.000","hPa","0.82","-0.015","0.00036","-0.00014","0","10","Humid","58.27","1","2500.00","297253.59","SADF0001000082","ABF0.1.0.10","4.0.0.2393","PSt7-10","250224-007","7/27/2025 6:28:56 PM","0000-00","0","no battery","V","","µV","","µV"
"03/05/2026","14:13:47","2","default","813736599","OXY_06","57.800","min","236.635","μmol/L","Humid","20.617","deg","64004","µV","24.129","°C","1017.000","hPa","34.9","pmil","0","55.710","deg","20.000","°C","100.000","%a.s.","22.780","deg","20.000","°C","969.000","hPa","0.82","-0.015","0.00036","-0.00014","0","10","Humid","58.27","1","2500.00","297248.70","SADF0001000082","ABF0.1.0.10","4.0.0.2393","PSt7-10","250224-007","7/27/2025 6:28:56 PM","0000-00","0","no battery","V","","µV","","µV"
"03/05/2026","14:13:49","2","default","813736599","OXY_06","57.833","min","236.719","μmol/L","Humid","20.615","deg","63993","µV","24.123","°C","1017.000","hPa","34.9","pmil","0","55.710","deg","20.000","°C","100.000","%a.s.","22.780","deg","20.000","°C","969.000","hPa","0.82","-0.015","0.00036","-0.00014","0","10","Humid","58.27","1","2500.00","297251.24","SADF0001000082","ABF0.1.0.10","4.0.0.2393","PSt7-10","250224-007","7/27/2025 6:28:56 PM","0000-00","0","no battery","V","","µV","","µV"
"03/05/2026","14:13:51","2","default","813736599","OXY_06","57.866","min","236.573","μmol/L","Humid","20.614","deg","63990","µV","24.148","°C","1017.000","hPa","34.9","pmil","0","55.710","deg","20.000","°C","100.000","%a.s.","22.780","deg","20.000","°C","969.000","hPa","0.82","-0.015","0.00036","-0.00014","0","10","Humid","58.27","1","2500.00","297248.20","SADF0001000082","ABF0.1.0.10","4.0.0.2393","PSt7-10","250224-007","7/27/2025 6:28:56 PM","0000-00","0","no battery","V","","µV","","µV"
"03/05/2026","14:13:53","2","default","813736599","OXY_06","57.900","min","236.761","μmol/L","Humid","20.607","deg","63975","µV","24.142","°C","1017.000","hPa","34.9","pmil","0","55.710","deg","20.000","°C","100.000","%a.s.","22.780","deg","20.000","°C","969.000","hPa","0.82","-0.015","0.00036","-0.00014","0","10","Humid","58.27","1","2500.00","297242.48","SADF0001000082","ABF0.1.0.10","4.0.0.2393","PSt7-10","250224-007","7/27/2025 6:28:56 PM","0000-00","0","no battery","V","","µV","","µV"
"03/05/2026","14:13:55","2","default","813736599","OXY_06","57.934","min","236.761","μmol/L","Humid","20.609","deg","63964","µV","24.136","°C","1017.000","hPa","34.9","pmil","0","55.710","deg","20.000","°C","100.000","%a.s.","22.780","deg","20.000","°C","969.000","hPa","0.82","-0.015","0.00036","-0.00014","0","10","Humid","58.27","1","2500.00","297252.98","SADF0001000082","ABF0.1.0.10","4.0.0.2393","PSt7-10","250224-007","7/27/2025 6:28:56 PM","0000-00","0","no battery","V","","µV","","µV"
"03/05/2026","14:13:57","2","default","813736599","OXY_06","57.966","min","236.740","μmol/L","Humid","20.606","deg","63952","µV","24.148","°C","1017.000","hPa","34.9","pmil","0","55.710","deg","20.000","°C","100.000","%a.s.","22.780","deg","20.000","°C","969.000","hPa","0.82","-0.015","0.00036","-0.00014","0","10","Humid","58.27","1","2500.00","297231.12","SADF0001000082","ABF0.1.0.10","4.0.0.2393","PSt7-10","250224-007","7/27/2025 6:28:56 PM","0000-00","0","no battery","V","","µV","","µV"
"03/05/2026","14:13:59","2","default","813736599","OXY_06","58.000","min","236.782","μmol/L","Humid","20.604","deg","63937","µV","24.148","°C","1017.000","hPa","34.9","pmil","0","55.710","deg","20.000","°C","100.000","%a.s.","22.780","deg","20.000","°C","969.000","hPa","0.82","-0.015","0.00036","-0.00014","0","10","Humid","58.27","1","2500.00","297228.81","SADF0001000082","ABF0.1.0.10","4.0.0.2393","PSt7-10","250224-007","7/27/2025 6:28:56 PM","0000-00","0","no battery","V","","µV","","µV"
"03/05/2026","14:14:01","2","default","813736599","OXY_06","58.033","min","237.033","μmol/L","Humid","20.598","deg","63932","µV","24.129","°C","1017.000","hPa","34.9","pmil","0","55.710","deg","20.000","°C","100.000","%a.s.","22.780","deg","20.000","°C","969.000","hPa","0.82","-0.015","0.00036","-0.00014","0","10","Humid","58.27","1","2500.00","297257.18","SADF0001000082","ABF0.1.0.10","4.0.0.2393","PSt7-10","250224-007","7/27/2025 6:28:56 PM","0000-00","0","no battery","V","","µV","","µV"
"03/05/2026","14:14:03","2","default","813736599","OXY_06","58.067","min","236.887","μmol/L","Humid","20.599","deg","63919","µV","24.148","°C","1017.000","hPa","34.9","pmil","0","55.710","deg","20.000","°C","100.000","%a.s.","22.780","deg","20.000","°C","969.000","hPa","0.82","-0.015","0.00036","-0.00014","0","10","Humid","58.27","1","2500.00","297239.90","SADF0001000082","ABF0.1.0.10","4.0.0.2393","PSt7-10","250224-007","7/27/2025 6:28:56 PM","0000-00","0","no battery","V","","µV","","µV"
"03/05/2026","14:14:05","2","default","813736599","OXY_06","58.100","min","237.096","μmol/L","Humid","20.593","deg","63911","µV","24.136","°C","1017.000","hPa","34.9","pmil","0","55.710","deg","20.000","°C","100.000","%a.s.","22.780","deg","20.000","°C","969.000","hPa","0.82","-0.015","0.00036","-0.00014","0","10","Humid","58.27","1","2500.00","297245.24","SADF0001000082","ABF0.1.0.10","4.0.0.2393","PSt7-10","250224-007","7/27/2025 6:28:56 PM","0000-00","0","no battery","V","","µV","","µV"
"03/05/2026","14:14:07","2","default","813736599","OXY_06","58.133","min","237.034","μmol/L","Humid","20.590","deg","63908","µV","24.154","°C","1017.000","hPa","34.9","pmil","0","55.710","deg","20.000","°C","100.000","%a.s.","22.780","deg","20.000","°C","969.000","hPa","0.82","-0.015","0.00036","-0.00014","0","10","Humid","58.27","1","2500.00","297241.13","SADF0001000082","ABF0.1.0.10","4.0.0.2393","PSt7-10","250224-007","7/27/2025 6:28:56 PM","0000-00","0","no battery","V","","µV","","µV"
"03/05/2026","14:14:09","2","default","813736599","OXY_06","58.167","min","237.054","μmol/L","Humid","20.595","deg","63895","µV","24.136","°C","1017.000","hPa","34.9","pmil","0","55.710","deg","20.000","°C","100.000","%a.s.","22.780","deg","20.000","°C","969.000","hPa","0.82","-0.015","0.00036","-0.00014","0","10","Humid","58.27","1","2500.00","297227.68","SADF0001000082","ABF0.1.0.10","4.0.0.2393","PSt7-10","250224-007","7/27/2025 6:28:56 PM","0000-00","0","no battery","V","","µV","","µV"
"03/05/2026","14:14:11","2","default","813736599","OXY_06","58.200","min","237.389","μmol/L","Humid","20.585","deg","63881","µV","24.117","°C","1017.000","hPa","34.9","pmil","0","55.710","deg","20.000","°C","100.000","%a.s.","22.780","deg","20.000","°C","969.000","hPa","0.82","-0.015","0.00036","-0.00014","0","10","Humid","58.27","1","2500.00","297228.24","SADF0001000082","ABF0.1.0.10","4.0.0.2393","PSt7-10","250224-007","7/27/2025 6:28:56 PM","0000-00","0","no battery","V","","µV","","µV"
"03/05/2026","14:14:13","2","default","813736599","OXY_06","58.233","min","237.223","μmol/L","Humid","20.583","deg","63880","µV","24.148","°C","1017.000","hPa","34.9","pmil","0","55.710","deg","20.000","°C","100.000","%a.s.","22.780","deg","20.000","°C","969.000","hPa","0.82","-0.015","0.00036","-0.00014","0","10","Humid","58.27","1","2500.00","297239.84","SADF0001000082","ABF0.1.0.10","4.0.0.2393","PSt7-10","250224-007","7/27/2025 6:28:56 PM","0000-00","0","no battery","V","","µV","","µV"
"03/05/2026","14:14:15","2","default","813736599","OXY_06","58.267","min","237.223","μmol/L","Humid","20.579","deg","63863","µV","24.160","°C","1017.000","hPa","34.9","pmil","0","55.710","deg","20.000","°C","100.000","%a.s.","22.780","deg","20.000","°C","969.000","hPa","0.82","-0.015","0.00036","-0.00014","0","10","Humid","58.27","1","2500.00","297247.35","SADF0001000082","ABF0.1.0.10","4.0.0.2393","PSt7-10","250224-007","7/27/2025 6:28:56 PM","0000-00","0","no battery","V","","µV","","µV"
"03/05/2026","14:14:17","2","default","813736599","OXY_06","58.300","min","237.537","μmol/L","Humid","20.576","deg","63859","µV","24.123","°C","1017.000","hPa","34.9","pmil","0","55.710","deg","20.000","°C","100.000","%a.s.","22.780","deg","20.000","°C","969.000","hPa","0.82","-0.015","0.00036","-0.00014","0","10","Humid","58.27","1","2500.00","297247.06","SADF0001000082","ABF0.1.0.10","4.0.0.2393","PSt7-10","250224-007","7/27/2025 6:28:56 PM","0000-00","0","no battery","V","","µV","","µV"
"03/05/2026","14:14:19","2","default","813736599","OXY_06","58.333","min","237.474","μmol/L","Humid","20.575","deg","63841","µV","24.136","°C","1017.000","hPa","34.9","pmil","0","55.710","deg","20.000","°C","100.000","%a.s.","22.780","deg","20.000","°C","969.000","hPa","0.82","-0.015","0.00036","-0.00014","0","10","Humid","58.27","1","2500.00","297234.37","SADF0001000082","ABF0.1.0.10","4.0.0.2393","PSt7-10","250224-007","7/27/2025 6:28:56 PM","0000-00","0","no battery","V","","µV","","µV"
"03/05/2026","14:14:21","2","default","813736599","OXY_06","58.366","min","237.642","μmol/L","Humid","20.569","deg","63838","µV","24.129","°C","1017.000","hPa","34.9","pmil","0","55.710","deg","20.000","°C","100.000","%a.s.","22.780","deg","20.000","°C","969.000","hPa","0.82","-0.015","0.00036","-0.00014","0","10","Humid","58.27","1","2500.00","297227.80","SADF0001000082","ABF0.1.0.10","4.0.0.2393","PSt7-10","250224-007","7/27/2025 6:28:56 PM","0000-00","0","no battery","V","","µV","","µV"
"03/05/2026","14:14:23","2","default","813736599","OXY_06","58.400","min","237.643","μmol/L","Humid","20.565","deg","63826","µV","24.142","°C","1017.000","hPa","34.9","pmil","0","55.710","deg","20.000","°C","100.000","%a.s.","22.780","deg","20.000","°C","969.000","hPa","0.82","-0.015","0.00036","-0.00014","0","10","Humid","58.27","1","2500.00","297234.70","SADF0001000082","ABF0.1.0.10","4.0.0.2393","PSt7-10","250224-007","7/27/2025 6:28:56 PM","0000-00","0","no battery","V","","µV","","µV"
"03/05/2026","14:14:25","2","default","813736599","OXY_06","58.433","min","237.664","μmol/L","Humid","20.564","deg","63808","µV","24.142","°C","1017.000","hPa","34.9","pmil","0","55.710","deg","20.000","°C","100.000","%a.s.","22.780","deg","20.000","°C","969.000","hPa","0.82","-0.015","0.00036","-0.00014","0","10","Humid","58.27","1","2500.00","297229.96","SADF0001000082","ABF0.1.0.10","4.0.0.2393","PSt7-10","250224-007","7/27/2025 6:28:56 PM","0000-00","0","no battery","V","","µV","","µV"
"03/05/2026","14:14:27","2","default","813736599","OXY_06","58.467","min","237.726","μmol/L","Humid","20.565","deg","63807","µV","24.129","°C","1017.000","hPa","34.9","pmil","0","55.710","deg","20.000","°C","100.000","%a.s.","22.780","deg","20.000","°C","969.000","hPa","0.82","-0.015","0.00036","-0.00014","0","10","Humid","58.27","1","2500.00","297237.45","SADF0001000082","ABF0.1.0.10","4.0.0.2393","PSt7-10","250224-007","7/27/2025 6:28:56 PM","0000-00","0","no battery","V","","µV","","µV"
"03/05/2026","14:14:29","2","default","813736599","OXY_06","58.500","min","237.832","μmol/L","Humid","20.558","deg","63787","µV","24.136","°C","1017.000","hPa","34.9","pmil","0","55.710","deg","20.000","°C","100.000","%a.s.","22.780","deg","20.000","°C","969.000","hPa","0.82","-0.015","0.00036","-0.00014","0","10","Humid","58.27","1","2500.00","297231.54","SADF0001000082","ABF0.1.0.10","4.0.0.2393","PSt7-10","250224-007","7/27/2025 6:28:56 PM","0000-00","0","no battery","V","","µV","","µV"
"03/05/2026","14:14:31","2","default","813736599","OXY_06","58.533","min","237.769","μmol/L","Humid","20.559","deg","63780","µV","24.142","°C","1017.000","hPa","34.9","pmil","0","55.710","deg","20.000","°C","100.000","%a.s.","22.780","deg","20.000","°C","969.000","hPa","0.82","-0.015","0.00036","-0.00014","0","10","Humid","58.27","1","2500.00","297233.86","SADF0001000082","ABF0.1.0.10","4.0.0.2393","PSt7-10","250224-007","7/27/2025 6:28:56 PM","0000-00","0","no battery","V","","µV","","µV"
"03/05/2026","14:14:33","2","default","813736599","OXY_06","58.567","min","237.874","μmol/L","Humid","20.556","deg","63768","µV","24.136","°C","1017.000","hPa","34.9","pmil","0","55.710","deg","20.000","°C","100.000","%a.s.","22.780","deg","20.000","°C","969.000","hPa","0.82","-0.015","0.00036","-0.00014","0","10","Humid","58.27","1","2500.00","297225.85","SADF0001000082","ABF0.1.0.10","4.0.0.2393","PSt7-10","250224-007","7/27/2025 6:28:56 PM","0000-00","0","no battery","V","","µV","","µV"
"03/05/2026","14:14:35","2","default","813736599","OXY_06","58.600","min","238.063","μmol/L","Humid","20.551","deg","63754","µV","24.123","°C","1017.000","hPa","34.9","pmil","0","55.710","deg","20.000","°C","100.000","%a.s.","22.780","deg","20.000","°C","969.000","hPa","0.82","-0.015","0.00036","-0.00014","0","10","Humid","58.27","1","2500.00","297237.37","SADF0001000082","ABF0.1.0.10","4.0.0.2393","PSt7-10","250224-007","7/27/2025 6:28:56 PM","0000-00","0","no battery","V","","µV","","µV"
"03/05/2026","14:14:37","2","default","813736599","OXY_06","58.633","min","237.958","μmol/L","Humid","20.552","deg","63741","µV","24.136","°C","1017.000","hPa","34.9","pmil","0","55.710","deg","20.000","°C","100.000","%a.s.","22.780","deg","20.000","°C","969.000","hPa","0.82","-0.015","0.00036","-0.00014","0","10","Humid","58.27","1","2500.00","297206.74","SADF0001000082","ABF0.1.0.10","4.0.0.2393","PSt7-10","250224-007","7/27/2025 6:28:56 PM","0000-00","0","no battery","V","","µV","","µV"
"03/05/2026","14:14:39","2","default","813736599","OXY_06","58.667","min","238.358","μmol/L","Humid","20.539","deg","63726","µV","24.117","°C","1017.000","hPa","34.9","pmil","0","55.710","deg","20.000","°C","100.000","%a.s.","22.780","deg","20.000","°C","969.000","hPa","0.82","-0.015","0.00036","-0.00014","0","10","Humid","58.27","1","2500.00","297225.64","SADF0001000082","ABF0.1.0.10","4.0.0.2393","PSt7-10","250224-007","7/27/2025 6:28:56 PM","0000-00","0","no battery","V","","µV","","µV"
"03/05/2026","14:14:41","2","default","813736599","OXY_06","58.700","min","238.253","μmol/L","Humid","20.540","deg","63707","µV","24.129","°C","1017.000","hPa","34.9","pmil","0","55.710","deg","20.000","°C","100.000","%a.s.","22.780","deg","20.000","°C","969.000","hPa","0.82","-0.015","0.00036","-0.00014","0","10","Humid","58.27","1","2500.00","297225.55","SADF0001000082","ABF0.1.0.10","4.0.0.2393","PSt7-10","250224-007","7/27/2025 6:28:56 PM","0000-00","0","no battery","V","","µV","","µV"
"03/05/2026","14:14:43","2","default","813736599","OXY_06","58.733","min","238.211","μmol/L","Humid","20.540","deg","63696","µV","24.136","°C","1017.000","hPa","34.9","pmil","0","55.710","deg","20.000","°C","100.000","%a.s.","22.780","deg","20.000","°C","969.000","hPa","0.82","-0.015","0.00036","-0.00014","0","10","Humid","58.27","1","2500.00","297230.89","SADF0001000082","ABF0.1.0.10","4.0.0.2393","PSt7-10","250224-007","7/27/2025 6:28:56 PM","0000-00","0","no battery","V","","µV","","µV"
"03/05/2026","14:14:45","2","default","813736599","OXY_06","58.766","min","238.338","μmol/L","Humid","20.532","deg","63693","µV","24.142","°C","1017.000","hPa","34.9","pmil","0","55.710","deg","20.000","°C","100.000","%a.s.","22.780","deg","20.000","°C","969.000","hPa","0.82","-0.015","0.00036","-0.00014","0","10","Humid","58.27","1","2500.00","297233.51","SADF0001000082","ABF0.1.0.10","4.0.0.2393","PSt7-10","250224-007","7/27/2025 6:28:56 PM","0000-00","0","no battery","V","","µV","","µV"
"03/05/2026","14:14:47","2","default","813736599","OXY_06","58.800","min","238.402","μmol/L","Humid","20.527","deg","63676","µV","24.148","°C","1017.000","hPa","34.9","pmil","0","55.710","deg","20.000","°C","100.000","%a.s.","22.780","deg","20.000","°C","969.000","hPa","0.82","-0.015","0.00036","-0.00014","0","10","Humid","58.27","1","2500.00","297223.13","SADF0001000082","ABF0.1.0.10","4.0.0.2393","PSt7-10","250224-007","7/27/2025 6:28:56 PM","0000-00","0","no battery","V","","µV","","µV"
"03/05/2026","14:14:49","2","default","813736599","OXY_06","58.833","min","238.591","μmol/L","Humid","20.522","deg","63661","µV","24.136","°C","1017.000","hPa","34.9","pmil","0","55.710","deg","20.000","°C","100.000","%a.s.","22.780","deg","20.000","°C","969.000","hPa","0.82","-0.015","0.00036","-0.00014","0","10","Humid","58.27","1","2500.00","297233.20","SADF0001000082","ABF0.1.0.10","4.0.0.2393","PSt7-10","250224-007","7/27/2025 6:28:56 PM","0000-00","0","no battery","V","","µV","","µV"
"03/05/2026","14:14:51","2","default","813736599","OXY_06","58.866","min","238.549","μmol/L","Humid","20.522","deg","63648","µV","24.142","°C","1017.000","hPa","34.9","pmil","0","55.710","deg","20.000","°C","100.000","%a.s.","22.780","deg","20.000","°C","969.000","hPa","0.82","-0.015","0.00036","-0.00014","0","10","Humid","58.27","1","2500.00","297224.11","SADF0001000082","ABF0.1.0.10","4.0.0.2393","PSt7-10","250224-007","7/27/2025 6:28:56 PM","0000-00","0","no battery","V","","µV","","µV"
"03/05/2026","14:14:53","2","default","813736599","OXY_06","58.900","min","238.445","μmol/L","Humid","20.519","deg","63634","µV","24.167","°C","1017.000","hPa","34.9","pmil","0","55.710","deg","20.000","°C","100.000","%a.s.","22.780","deg","20.000","°C","969.000","hPa","0.82","-0.015","0.00036","-0.00014","0","10","Humid","58.27","1","2500.00","297238.82","SADF0001000082","ABF0.1.0.10","4.0.0.2393","PSt7-10","250224-007","7/27/2025 6:28:56 PM","0000-00","0","no battery","V","","µV","","µV"
"03/05/2026","14:14:55","2","default","813736599","OXY_06","58.934","min","238.634","μmol/L","Humid","20.516","deg","63628","µV","24.148","°C","1017.000","hPa","34.9","pmil","0","55.710","deg","20.000","°C","100.000","%a.s.","22.780","deg","20.000","°C","969.000","hPa","0.82","-0.015","0.00036","-0.00014","0","10","Humid","58.27","1","2500.00","297228.64","SADF0001000082","ABF0.1.0.10","4.0.0.2393","PSt7-10","250224-007","7/27/2025 6:28:56 PM","0000-00","0","no battery","V","","µV","","µV"
"03/05/2026","14:14:57","2","default","813736599","OXY_06","58.966","min","238.719","μmol/L","Humid","20.510","deg","63612","µV","24.154","°C","1017.000","hPa","34.9","pmil","0","55.710","deg","20.000","°C","100.000","%a.s.","22.780","deg","20.000","°C","969.000","hPa","0.82","-0.015","0.00036","-0.00014","0","10","Humid","58.27","1","2500.00","297225.76","SADF0001000082","ABF0.1.0.10","4.0.0.2393","PSt7-10","250224-007","7/27/2025 6:28:56 PM","0000-00","0","no battery","V","","µV","","µV"
"03/05/2026","14:14:59","2","default","813736599","OXY_06","59.000","min","238.782","μmol/L","Humid","20.511","deg","63601","µV","24.142","°C","1017.000","hPa","34.9","pmil","0","55.710","deg","20.000","°C","100.000","%a.s.","22.780","deg","20.000","°C","969.000","hPa","0.82","-0.015","0.00036","-0.00014","0","10","Humid","58.27","1","2500.00","297235.83","SADF0001000082","ABF0.1.0.10","4.0.0.2393","PSt7-10","250224-007","7/27/2025 6:28:56 PM","0000-00","0","no battery","V","","µV","","µV"
"03/05/2026","14:15:01","2","default","813736599","OXY_06","59.033","min","238.930","μmol/L","Humid","20.504","deg","63590","µV","24.142","°C","1017.000","hPa","34.9","pmil","0","55.710","deg","20.000","°C","100.000","%a.s.","22.780","deg","20.000","°C","969.000","hPa","0.82","-0.015","0.00036","-0.00014","0","10","Humid","58.27","1","2500.00","297231.54","SADF0001000082","ABF0.1.0.10","4.0.0.2393","PSt7-10","250224-007","7/27/2025 6:28:56 PM","0000-00","0","no battery","V","","µV","","µV"
"03/05/2026","14:15:03","2","default","813736599","OXY_06","59.067","min","238.804","μmol/L","Humid","20.506","deg","63581","µV","24.154","°C","1017.000","hPa","34.9","pmil","0","55.710","deg","20.000","°C","100.000","%a.s.","22.780","deg","20.000","°C","969.000","hPa","0.82","-0.015","0.00036","-0.00014","0","10","Humid","58.27","1","2500.00","297226.68","SADF0001000082","ABF0.1.0.10","4.0.0.2393","PSt7-10","250224-007","7/27/2025 6:28:56 PM","0000-00","0","no battery","V","","µV","","µV"
"03/05/2026","14:15:05","2","default","813736599","OXY_06","59.100","min","238.888","μmol/L","Humid","20.502","deg","63569","µV","24.154","°C","1017.000","hPa","34.9","pmil","0","55.710","deg","20.000","°C","100.000","%a.s.","22.780","deg","20.000","°C","969.000","hPa","0.82","-0.015","0.00036","-0.00014","0","10","Humid","58.27","1","2500.00","297230.26","SADF0001000082","ABF0.1.0.10","4.0.0.2393","PSt7-10","250224-007","7/27/2025 6:28:56 PM","0000-00","0","no battery","V","","µV","","µV"
"03/05/2026","14:15:07","2","default","813736599","OXY_06","59.133","min","239.078","μmol/L","Humid","20.499","deg","63562","µV","24.136","°C","1017.000","hPa","34.9","pmil","0","55.710","deg","20.000","°C","100.000","%a.s.","22.780","deg","20.000","°C","969.000","hPa","0.82","-0.015","0.00036","-0.00014","0","10","Humid","58.27","1","2500.00","297218.75","SADF0001000082","ABF0.1.0.10","4.0.0.2393","PSt7-10","250224-007","7/27/2025 6:28:56 PM","0000-00","0","no battery","V","","µV","","µV"
"03/05/2026","14:15:09","2","default","813736599","OXY_06","59.167","min","239.183","μmol/L","Humid","20.498","deg","63546","µV","24.123","°C","1017.000","hPa","34.9","pmil","0","55.710","deg","20.000","°C","100.000","%a.s.","22.780","deg","20.000","°C","969.000","hPa","0.82","-0.015","0.00036","-0.00014","0","10","Humid","58.27","1","2500.00","297224.84","SADF0001000082","ABF0.1.0.10","4.0.0.2393","PSt7-10","250224-007","7/27/2025 6:28:56 PM","0000-00","0","no battery","V","","µV","","µV"
"03/05/2026","14:15:11","2","default","813736599","OXY_06","59.200","min","239.205","μmol/L","Humid","20.495","deg","63541","µV","24.129","°C","1017.000","hPa","34.9","pmil","0","55.710","deg","20.000","°C","100.000","%a.s.","22.780","deg","20.000","°C","969.000","hPa","0.82","-0.015","0.00036","-0.00014","0","10","Humid","58.27","1","2500.00","297218.00","SADF0001000082","ABF0.1.0.10","4.0.0.2393","PSt7-10","250224-007","7/27/2025 6:28:56 PM","0000-00","0","no battery","V","","µV","","µV"
"03/05/2026","14:15:13","2","default","813736599","OXY_06","59.233","min","239.184","μmol/L","Humid","20.492","deg","63531","µV","24.142","°C","1017.000","hPa","34.9","pmil","0","55.710","deg","20.000","°C","100.000","%a.s.","22.780","deg","20.000","°C","969.000","hPa","0.82","-0.015","0.00036","-0.00014","0","10","Humid","58.27","1","2500.00","297221.81","SADF0001000082","ABF0.1.0.10","4.0.0.2393","PSt7-10","250224-007","7/27/2025 6:28:56 PM","0000-00","0","no battery","V","","µV","","µV"
"03/05/2026","14:15:15","2","default","813736599","OXY_06","59.267","min","239.354","μmol/L","Humid","20.484","deg","63506","µV","24.142","°C","1017.000","hPa","34.9","pmil","0","55.710","deg","20.000","°C","100.000","%a.s.","22.780","deg","20.000","°C","969.000","hPa","0.82","-0.015","0.00036","-0.00014","0","10","Humid","58.27","1","2500.00","297214.62","SADF0001000082","ABF0.1.0.10","4.0.0.2393","PSt7-10","250224-007","7/27/2025 6:28:56 PM","0000-00","0","no battery","V","","µV","","µV"
"03/05/2026","14:15:17","2","default","813736599","OXY_06","59.300","min","239.355","μmol/L","Humid","20.480","deg","63503","µV","24.154","°C","1017.000","hPa","34.9","pmil","0","55.710","deg","20.000","°C","100.000","%a.s.","22.780","deg","20.000","°C","969.000","hPa","0.82","-0.015","0.00036","-0.00014","0","10","Humid","58.27","1","2500.00","297214.82","SADF0001000082","ABF0.1.0.10","4.0.0.2393","PSt7-10","250224-007","7/27/2025 6:28:56 PM","0000-00","0","no battery","V","","µV","","µV"
"03/05/2026","14:15:19","2","default","813736599","OXY_06","59.333","min","239.397","μmol/L","Humid","20.480","deg","63488","µV","24.148","°C","1017.000","hPa","34.9","pmil","0","55.710","deg","20.000","°C","100.000","%a.s.","22.780","deg","20.000","°C","969.000","hPa","0.82","-0.015","0.00036","-0.00014","0","10","Humid","58.27","1","2500.00","297219.68","SADF0001000082","ABF0.1.0.10","4.0.0.2393","PSt7-10","250224-007","7/27/2025 6:28:56 PM","0000-00","0","no battery","V","","µV","","µV"
"03/05/2026","14:15:21","2","default","813736599","OXY_06","59.366","min","239.376","μmol/L","Humid","20.481","deg","63479","µV","24.148","°C","1017.000","hPa","34.9","pmil","0","55.710","deg","20.000","°C","100.000","%a.s.","22.780","deg","20.000","°C","969.000","hPa","0.82","-0.015","0.00036","-0.00014","0","10","Humid","58.27","1","2500.00","297216.04","SADF0001000082","ABF0.1.0.10","4.0.0.2393","PSt7-10","250224-007","7/27/2025 6:28:56 PM","0000-00","0","no battery","V","","µV","","µV"
"03/05/2026","14:15:23","2","default","813736599","OXY_06","59.400","min","239.630","μmol/L","Humid","20.473","deg","63470","µV","24.136","°C","1017.000","hPa","34.9","pmil","0","55.710","deg","20.000","°C","100.000","%a.s.","22.780","deg","20.000","°C","969.000","hPa","0.82","-0.015","0.00036","-0.00014","0","10","Humid","58.27","1","2500.00","297222.78","SADF0001000082","ABF0.1.0.10","4.0.0.2393","PSt7-10","250224-007","7/27/2025 6:28:56 PM","0000-00","0","no battery","V","","µV","","µV"
"03/05/2026","14:15:25","2","default","813736599","OXY_06","59.433","min","239.440","μmol/L","Humid","20.476","deg","63462","µV","24.154","°C","1017.000","hPa","34.9","pmil","0","55.710","deg","20.000","°C","100.000","%a.s.","22.780","deg","20.000","°C","969.000","hPa","0.82","-0.015","0.00036","-0.00014","0","10","Humid","58.27","1","2500.00","297224.14","SADF0001000082","ABF0.1.0.10","4.0.0.2393","PSt7-10","250224-007","7/27/2025 6:28:56 PM","0000-00","0","no battery","V","","µV","","µV"
"03/05/2026","14:15:27","2","default","813736599","OXY_06","59.467","min","239.567","μmol/L","Humid","20.472","deg","63452","µV","24.148","°C","1017.000","hPa","34.9","pmil","0","55.710","deg","20.000","°C","100.000","%a.s.","22.780","deg","20.000","°C","969.000","hPa","0.82","-0.015","0.00036","-0.00014","0","10","Humid","58.27","1","2500.00","297221.43","SADF0001000082","ABF0.1.0.10","4.0.0.2393","PSt7-10","250224-007","7/27/2025 6:28:56 PM","0000-00","0","no battery","V","","µV","","µV"
"03/05/2026","14:15:29","2","default","813736599","OXY_06","59.500","min","239.716","μmol/L","Humid","20.465","deg","63441","µV","24.148","°C","1017.000","hPa","34.9","pmil","0","55.710","deg","20.000","°C","100.000","%a.s.","22.780","deg","20.000","°C","969.000","hPa","0.82","-0.015","0.00036","-0.00014","0","10","Humid","58.27","1","2500.00","297227.40","SADF0001000082","ABF0.1.0.10","4.0.0.2393","PSt7-10","250224-007","7/27/2025 6:28:56 PM","0000-00","0","no battery","V","","µV","","µV"
"03/05/2026","14:15:31","2","default","813736599","OXY_06","59.533","min","239.778","μmol/L","Humid","20.470","deg","63425","µV","24.123","°C","1017.000","hPa","34.9","pmil","0","55.710","deg","20.000","°C","100.000","%a.s.","22.780","deg","20.000","°C","969.000","hPa","0.82","-0.015","0.00036","-0.00014","0","10","Humid","58.27","1","2500.00","297218.45","SADF0001000082","ABF0.1.0.10","4.0.0.2393","PSt7-10","250224-007","7/27/2025 6:28:56 PM","0000-00","0","no battery","V","","µV","","µV"
"03/05/2026","14:15:33","2","default","813736599","OXY_06","59.566","min","239.843","μmol/L","Humid","20.461","deg","63415","µV","24.142","°C","1017.000","hPa","34.9","pmil","0","55.710","deg","20.000","°C","100.000","%a.s.","22.780","deg","20.000","°C","969.000","hPa","0.82","-0.015","0.00036","-0.00014","0","10","Humid","58.27","1","2500.00","297216.96","SADF0001000082","ABF0.1.0.10","4.0.0.2393","PSt7-10","250224-007","7/27/2025 6:28:56 PM","0000-00","0","no battery","V","","µV","","µV"
"03/05/2026","14:15:35","2","default","813736599","OXY_06","59.600","min","239.949","μmol/L","Humid","20.460","deg","63403","µV","24.129","°C","1017.000","hPa","34.9","pmil","0","55.710","deg","20.000","°C","100.000","%a.s.","22.780","deg","20.000","°C","969.000","hPa","0.82","-0.015","0.00036","-0.00014","0","10","Humid","58.27","1","2500.00","297219.91","SADF0001000082","ABF0.1.0.10","4.0.0.2393","PSt7-10","250224-007","7/27/2025 6:28:56 PM","0000-00","0","no battery","V","","µV","","µV"
"03/05/2026","14:15:37","2","default","813736599","OXY_06","59.634","min","240.013","μmol/L","Humid","20.453","deg","63384","µV","24.142","°C","1017.000","hPa","34.9","pmil","0","55.710","deg","20.000","°C","100.000","%a.s.","22.780","deg","20.000","°C","969.000","hPa","0.82","-0.015","0.00036","-0.00014","0","10","Humid","58.27","1","2500.00","297221.75","SADF0001000082","ABF0.1.0.10","4.0.0.2393","PSt7-10","250224-007","7/27/2025 6:28:56 PM","0000-00","0","no battery","V","","µV","","µV"
"03/05/2026","14:15:39","2","default","813736599","OXY_06","59.666","min","240.246","μmol/L","Humid","20.450","deg","63374","µV","24.117","°C","1017.000","hPa","34.9","pmil","0","55.710","deg","20.000","°C","100.000","%a.s.","22.780","deg","20.000","°C","969.000","hPa","0.82","-0.015","0.00036","-0.00014","0","10","Humid","58.27","1","2500.00","297221.02","SADF0001000082","ABF0.1.0.10","4.0.0.2393","PSt7-10","250224-007","7/27/2025 6:28:56 PM","0000-00","0","no battery","V","","µV","","µV"
"03/05/2026","14:15:41","2","default","813736599","OXY_06","59.700","min","240.205","μmol/L","Humid","20.446","deg","63356","µV","24.136","°C","1017.000","hPa","34.9","pmil","0","55.710","deg","20.000","°C","100.000","%a.s.","22.780","deg","20.000","°C","969.000","hPa","0.82","-0.015","0.00036","-0.00014","0","10","Humid","58.27","1","2500.00","297216.63","SADF0001000082","ABF0.1.0.10","4.0.0.2393","PSt7-10","250224-007","7/27/2025 6:28:56 PM","0000-00","0","no battery","V","","µV","","µV"
"03/05/2026","14:15:43","2","default","813736599","OXY_06","59.733","min","240.205","μmol/L","Humid","20.446","deg","63349","µV","24.136","°C","1017.000","hPa","34.9","pmil","0","55.710","deg","20.000","°C","100.000","%a.s.","22.780","deg","20.000","°C","969.000","hPa","0.82","-0.015","0.00036","-0.00014","0","10","Humid","58.27","1","2500.00","297223.59","SADF0001000082","ABF0.1.0.10","4.0.0.2393","PSt7-10","250224-007","7/27/2025 6:28:56 PM","0000-00","0","no battery","V","","µV","","µV"
"03/05/2026","14:15:45","2","default","813736599","OXY_06","59.767","min","240.248","μmol/L","Humid","20.440","deg","63335","µV","24.148","°C","1017.000","hPa","34.9","pmil","0","55.710","deg","20.000","°C","100.000","%a.s.","22.780","deg","20.000","°C","969.000","hPa","0.82","-0.015","0.00036","-0.00014","0","10","Humid","58.27","1","2500.00","297220.64","SADF0001000082","ABF0.1.0.10","4.0.0.2393","PSt7-10","250224-007","7/27/2025 6:28:56 PM","0000-00","0","no battery","V","","µV","","µV"
"03/05/2026","14:15:47","2","default","813736599","OXY_06","59.799","min","240.376","μmol/L","Humid","20.434","deg","63322","µV","24.148","°C","1017.000","hPa","34.9","pmil","0","55.710","deg","20.000","°C","100.000","%a.s.","22.780","deg","20.000","°C","969.000","hPa","0.82","-0.015","0.00036","-0.00014","0","10","Humid","58.27","1","2500.00","297222.96","SADF0001000082","ABF0.1.0.10","4.0.0.2393","PSt7-10","250224-007","7/27/2025 6:28:56 PM","0000-00","0","no battery","V","","µV","","µV"
"03/05/2026","14:15:49","2","default","813736599","OXY_06","59.833","min","240.461","μmol/L","Humid","20.430","deg","63300","µV","24.148","°C","1017.000","hPa","34.9","pmil","0","55.710","deg","20.000","°C","100.000","%a.s.","22.780","deg","20.000","°C","969.000","hPa","0.82","-0.015","0.00036","-0.00014","0","10","Humid","58.27","1","2500.00","297204.99","SADF0001000082","ABF0.1.0.10","4.0.0.2393","PSt7-10","250224-007","7/27/2025 6:28:56 PM","0000-00","0","no battery","V","","µV","","µV"
"03/05/2026","14:15:51","2","default","813736599","OXY_06","59.867","min","240.546","μmol/L","Humid","20.432","deg","63293","µV","24.129","°C","1017.000","hPa","34.9","pmil","0","55.710","deg","20.000","°C","100.000","%a.s.","22.780","deg","20.000","°C","969.000","hPa","0.82","-0.015","0.00036","-0.00014","0","10","Humid","58.27","1","2500.00","297213.95","SADF0001000082","ABF0.1.0.10","4.0.0.2393","PSt7-10","250224-007","7/27/2025 6:28:56 PM","0000-00","0","no battery","V","","µV","","µV"
"03/05/2026","14:15:53","2","default","813736599","OXY_06","59.900","min","240.568","μmol/L","Humid","20.427","deg","63283","µV","24.142","°C","1017.000","hPa","34.9","pmil","0","55.710","deg","20.000","°C","100.000","%a.s.","22.780","deg","20.000","°C","969.000","hPa","0.82","-0.015","0.00036","-0.00014","0","10","Humid","58.27","1","2500.00","297207.17","SADF0001000082","ABF0.1.0.10","4.0.0.2393","PSt7-10","250224-007","7/27/2025 6:28:56 PM","0000-00","0","no battery","V","","µV","","µV"
"03/05/2026","14:15:55","2","default","813736599","OXY_06","59.933","min","240.760","μmol/L","Humid","20.418","deg","63275","µV","24.142","°C","1017.000","hPa","34.9","pmil","0","55.710","deg","20.000","°C","100.000","%a.s.","22.780","deg","20.000","°C","969.000","hPa","0.82","-0.015","0.00036","-0.00014","0","10","Humid","58.27","1","2500.00","297210.55","SADF0001000082","ABF0.1.0.10","4.0.0.2393","PSt7-10","250224-007","7/27/2025 6:28:56 PM","0000-00","0","no battery","V","","µV","","µV"
"03/05/2026","14:15:57","2","default","813736599","OXY_06","59.966","min","240.909","μmol/L","Humid","20.417","deg","63267","µV","24.123","°C","1017.000","hPa","34.9","pmil","0","55.710","deg","20.000","°C","100.000","%a.s.","22.780","deg","20.000","°C","969.000","hPa","0.82","-0.015","0.00036","-0.00014","0","10","Humid","58.27","1","2500.00","297219.97","SADF0001000082","ABF0.1.0.10","4.0.0.2393","PSt7-10","250224-007","7/27/2025 6:28:56 PM","0000-00","0","no battery","V","","µV","","µV"
"03/05/2026","14:15:59","2","default","813736599","OXY_06","60.000","min","240.782","μmol/L","Humid","20.415","deg","63257","µV","24.148","°C","1017.000","hPa","34.9","pmil","0","55.710","deg","20.000","°C","100.000","%a.s.","22.780","deg","20.000","°C","969.000","hPa","0.82","-0.015","0.00036","-0.00014","0","10","Humid","58.27","1","2500.00","297200.06","SADF0001000082","ABF0.1.0.10","4.0.0.2393","PSt7-10","250224-007","7/27/2025 6:28:56 PM","0000-00","0","no battery","V","","µV","","µV"
"03/05/2026","14:16:01","2","default","813736599","OXY_06","60.034","min","240.846","μmol/L","Humid","20.414","deg","63244","µV","24.142","°C","1017.000","hPa","34.9","pmil","0","55.710","deg","20.000","°C","100.000","%a.s.","22.780","deg","20.000","°C","969.000","hPa","0.82","-0.015","0.00036","-0.00014","0","10","Humid","58.27","1","2500.00","297198.45","SADF0001000082","ABF0.1.0.10","4.0.0.2393","PSt7-10","250224-007","7/27/2025 6:28:56 PM","0000-00","0","no battery","V","","µV","","µV"
"03/05/2026","14:16:03","2","default","813736599","OXY_06","60.066","min","240.909","μmol/L","Humid","20.413","deg","63232","µV","24.136","°C","1017.000","hPa","34.9","pmil","0","55.710","deg","20.000","°C","100.000","%a.s.","22.780","deg","20.000","°C","969.000","hPa","0.82","-0.015","0.00036","-0.00014","0","10","Humid","58.27","1","2500.00","297211.57","SADF0001000082","ABF0.1.0.10","4.0.0.2393","PSt7-10","250224-007","7/27/2025 6:28:56 PM","0000-00","0","no battery","V","","µV","","µV"
"03/05/2026","14:16:05","2","default","813736599","OXY_06","60.100","min","240.995","μmol/L","Humid","20.409","deg","63215","µV","24.136","°C","1017.000","hPa","34.9","pmil","0","55.710","deg","20.000","°C","100.000","%a.s.","22.780","deg","20.000","°C","969.000","hPa","0.82","-0.015","0.00036","-0.00014","0","10","Humid","58.27","1","2500.00","297198.12","SADF0001000082","ABF0.1.0.10","4.0.0.2393","PSt7-10","250224-007","7/27/2025 6:28:56 PM","0000-00","0","no battery","V","","µV","","µV"
"03/05/2026","14:16:07","2","default","813736599","OXY_06","60.133","min","241.166","μmol/L","Humid","20.403","deg","63199","µV","24.129","°C","1017.000","hPa","34.9","pmil","0","55.710","deg","20.000","°C","100.000","%a.s.","22.780","deg","20.000","°C","969.000","hPa","0.82","-0.015","0.00036","-0.00014","0","10","Humid","58.27","1","2500.00","297204.73","SADF0001000082","ABF0.1.0.10","4.0.0.2393","PSt7-10","250224-007","7/27/2025 6:28:56 PM","0000-00","0","no battery","V","","µV","","µV"
"03/05/2026","14:16:09","2","default","813736599","OXY_06","60.167","min","241.145","μmol/L","Humid","20.400","deg","63197","µV","24.142","°C","1017.000","hPa","34.9","pmil","0","55.710","deg","20.000","°C","100.000","%a.s.","22.780","deg","20.000","°C","969.000","hPa","0.82","-0.015","0.00036","-0.00014","0","10","Humid","58.27","1","2500.00","297195.64","SADF0001000082","ABF0.1.0.10","4.0.0.2393","PSt7-10","250224-007","7/27/2025 6:28:56 PM","0000-00","0","no battery","V","","µV","","µV"
"03/05/2026","14:16:11","2","default","813736599","OXY_06","60.200","min","240.953","μmol/L","Humid","20.405","deg","63179","µV","24.154","°C","1017.000","hPa","34.9","pmil","0","55.710","deg","20.000","°C","100.000","%a.s.","22.780","deg","20.000","°C","969.000","hPa","0.82","-0.015","0.00036","-0.00014","0","10","Humid","58.27","1","2500.00","297193.69","SADF0001000082","ABF0.1.0.10","4.0.0.2393","PSt7-10","250224-007","7/27/2025 6:28:56 PM","0000-00","0","no battery","V","","µV","","µV"
"03/05/2026","14:16:13","2","default","813736599","OXY_06","60.233","min","241.231","μmol/L","Humid","20.396","deg","63174","µV","24.142","°C","1017.000","hPa","34.9","pmil","0","55.710","deg","20.000","°C","100.000","%a.s.","22.780","deg","20.000","°C","969.000","hPa","0.82","-0.015","0.00036","-0.00014","0","10","Humid","58.27","1","2500.00","297209.80","SADF0001000082","ABF0.1.0.10","4.0.0.2393","PSt7-10","250224-007","7/27/2025 6:28:56 PM","0000-00","0","no battery","V","","µV","","µV"
"03/05/2026","14:16:15","2","default","813736599","OXY_06","60.267","min","241.338","μmol/L","Humid","20.393","deg","63157","µV","24.136","°C","1017.000","hPa","34.9","pmil","0","55.710","deg","20.000","°C","100.000","%a.s.","22.780","deg","20.000","°C","969.000","hPa","0.82","-0.015","0.00036","-0.00014","0","10","Humid","58.27","1","2500.00","297210.91","SADF0001000082","ABF0.1.0.10","4.0.0.2393","PSt7-10","250224-007","7/27/2025 6:28:56 PM","0000-00","0","no battery","V","","µV","","µV"
"03/05/2026","14:16:17","2","default","813736599","OXY_06","60.300","min","241.274","μmol/L","Humid","20.394","deg","63160","µV","24.142","°C","1017.000","hPa","34.9","pmil","0","55.710","deg","20.000","°C","100.000","%a.s.","22.780","deg","20.000","°C","969.000","hPa","0.82","-0.015","0.00036","-0.00014","0","10","Humid","58.27","1","2500.00","297206.11","SADF0001000082","ABF0.1.0.10","4.0.0.2393","PSt7-10","250224-007","7/27/2025 6:28:56 PM","0000-00","0","no battery","V","","µV","","µV"
"03/05/2026","14:16:19","2","default","813736599","OXY_06","60.333","min","241.446","μmol/L","Humid","20.386","deg","63138","µV","24.142","°C","1017.000","hPa","34.9","pmil","0","55.710","deg","20.000","°C","100.000","%a.s.","22.780","deg","20.000","°C","969.000","hPa","0.82","-0.015","0.00036","-0.00014","0","10","Humid","58.27","1","2500.00","297205.30","SADF0001000082","ABF0.1.0.10","4.0.0.2393","PSt7-10","250224-007","7/27/2025 6:28:56 PM","0000-00","0","no battery","V","","µV","","µV"
"03/05/2026","14:16:21","2","default","813736599","OXY_06","60.366","min","241.446","μmol/L","Humid","20.384","deg","63129","µV","24.148","°C","1017.000","hPa","34.9","pmil","0","55.710","deg","20.000","°C","100.000","%a.s.","22.780","deg","20.000","°C","969.000","hPa","0.82","-0.015","0.00036","-0.00014","0","10","Humid","58.27","1","2500.00","297203.06","SADF0001000082","ABF0.1.0.10","4.0.0.2393","PSt7-10","250224-007","7/27/2025 6:28:56 PM","0000-00","0","no battery","V","","µV","","µV"
"03/05/2026","14:16:23","2","default","813736599","OXY_06","60.400","min","241.489","μmol/L","Humid","20.384","deg","63120","µV","24.142","°C","1017.000","hPa","34.9","pmil","0","55.710","deg","20.000","°C","100.000","%a.s.","22.780","deg","20.000","°C","969.000","hPa","0.82","-0.015","0.00036","-0.00014","0","10","Humid","58.27","1","2500.00","297205.13","SADF0001000082","ABF0.1.0.10","4.0.0.2393","PSt7-10","250224-007","7/27/2025 6:28:56 PM","0000-00","0","no battery","V","","µV","","µV"
"03/05/2026","14:16:25","2","default","813736599","OXY_06","60.434","min","241.682","μmol/L","Humid","20.375","deg","63106","µV","24.142","°C","1017.000","hPa","34.9","pmil","0","55.710","deg","20.000","°C","100.000","%a.s.","22.780","deg","20.000","°C","969.000","hPa","0.82","-0.015","0.00036","-0.00014","0","10","Humid","58.27","1","2500.00","297198.17","SADF0001000082","ABF0.1.0.10","4.0.0.2393","PSt7-10","250224-007","7/27/2025 6:28:56 PM","0000-00","0","no battery","V","","µV","","µV"
"03/05/2026","14:16:27","2","default","813736599","OXY_06","60.466","min","241.618","μmol/L","Humid","20.374","deg","63098","µV","24.154","°C","1017.000","hPa","34.9","pmil","0","55.710","deg","20.000","°C","100.000","%a.s.","22.780","deg","20.000","°C","969.000","hPa","0.82","-0.015","0.00036","-0.00014","0","10","Humid","58.27","1","2500.00","297198.78","SADF0001000082","ABF0.1.0.10","4.0.0.2393","PSt7-10","250224-007","7/27/2025 6:28:56 PM","0000-00","0","no battery","V","","µV","","µV"
"03/05/2026","14:16:29","2","default","813736599","OXY_06","60.500","min","241.682","μmol/L","Humid","20.373","deg","63090","µV","24.148","°C","1017.000","hPa","34.9","pmil","0","55.710","deg","20.000","°C","100.000","%a.s.","22.780","deg","20.000","°C","969.000","hPa","0.82","-0.015","0.00036","-0.00014","0","10","Humid","58.27","1","2500.00","297202.05","SADF0001000082","ABF0.1.0.10","4.0.0.2393","PSt7-10","250224-007","7/27/2025 6:28:56 PM","0000-00","0","no battery","V","","µV","","µV"
"03/05/2026","14:16:31","2","default","813736599","OXY_06","60.533","min","241.724","μmol/L","Humid","20.375","deg","63084","µV","24.136","°C","1017.000","hPa","34.9","pmil","0","55.710","deg","20.000","°C","100.000","%a.s.","22.780","deg","20.000","°C","969.000","hPa","0.82","-0.015","0.00036","-0.00014","0","10","Humid","58.27","1","2500.00","297195.10","SADF0001000082","ABF0.1.0.10","4.0.0.2393","PSt7-10","250224-007","7/27/2025 6:28:56 PM","0000-00","0","no battery","V","","µV","","µV"
"03/05/2026","14:16:33","2","default","813736599","OXY_06","60.567","min","241.789","μmol/L","Humid","20.370","deg","63070","µV","24.142","°C","1017.000","hPa","34.9","pmil","0","55.710","deg","20.000","°C","100.000","%a.s.","22.780","deg","20.000","°C","969.000","hPa","0.82","-0.015","0.00036","-0.00014","0","10","Humid","58.27","1","2500.00","297206.69","SADF0001000082","ABF0.1.0.10","4.0.0.2393","PSt7-10","250224-007","7/27/2025 6:28:56 PM","0000-00","0","no battery","V","","µV","","µV"
"03/05/2026","14:16:35","2","default","813736599","OXY_06","60.600","min","241.960","μmol/L","Humid","20.366","deg","63055","µV","24.129","°C","1017.000","hPa","34.9","pmil","0","55.710","deg","20.000","°C","100.000","%a.s.","22.780","deg","20.000","°C","969.000","hPa","0.82","-0.015","0.00036","-0.00014","0","10","Humid","58.27","1","2500.00","297206.46","SADF0001000082","ABF0.1.0.10","4.0.0.2393","PSt7-10","250224-007","7/27/2025 6:28:56 PM","0000-00","0","no battery","V","","µV","","µV"
"03/05/2026","14:16:37","2","default","813736599","OXY_06","60.633","min","241.877","μmol/L","Humid","20.360","deg","63053","µV","24.160","°C","1017.000","hPa","34.9","pmil","0","55.710","deg","20.000","°C","100.000","%a.s.","22.780","deg","20.000","°C","969.000","hPa","0.82","-0.015","0.00036","-0.00014","0","10","Humid","58.27","1","2500.00","297216.94","SADF0001000082","ABF0.1.0.10","4.0.0.2393","PSt7-10","250224-007","7/27/2025 6:28:56 PM","0000-00","0","no battery","V","","µV","","µV"
"03/05/2026","14:16:39","2","default","813736599","OXY_06","60.667","min","242.175","μmol/L","Humid","20.358","deg","63037","µV","24.123","°C","1017.000","hPa","34.9","pmil","0","55.710","deg","20.000","°C","100.000","%a.s.","22.780","deg","20.000","°C","969.000","hPa","0.82","-0.015","0.00036","-0.00014","0","10","Humid","58.27","1","2500.00","297204.96","SADF0001000082","ABF0.1.0.10","4.0.0.2393","PSt7-10","250224-007","7/27/2025 6:28:56 PM","0000-00","0","no battery","V","","µV","","µV"
"03/05/2026","14:16:41","2","default","813736599","OXY_06","60.700","min","242.134","μmol/L","Humid","20.354","deg","63026","µV","24.142","°C","1017.000","hPa","34.9","pmil","0","55.710","deg","20.000","°C","100.000","%a.s.","22.780","deg","20.000","°C","969.000","hPa","0.82","-0.015","0.00036","-0.00014","0","10","Humid","58.27","1","2500.00","297210.20","SADF0001000082","ABF0.1.0.10","4.0.0.2393","PSt7-10","250224-007","7/27/2025 6:28:56 PM","0000-00","0","no battery","V","","µV","","µV"
"03/05/2026","14:16:43","2","default","813736599","OXY_06","60.733","min","242.370","μmol/L","Humid","20.345","deg","63010","µV","24.136","°C","1017.000","hPa","34.9","pmil","0","55.710","deg","20.000","°C","100.000","%a.s.","22.780","deg","20.000","°C","969.000","hPa","0.82","-0.015","0.00036","-0.00014","0","10","Humid","58.27","1","2500.00","297207.35","SADF0001000082","ABF0.1.0.10","4.0.0.2393","PSt7-10","250224-007","7/27/2025 6:28:56 PM","0000-00","0","no battery","V","","µV","","µV"
"03/05/2026","14:16:45","2","default","813736599","OXY_06","60.766","min","242.327","μmol/L","Humid","20.347","deg","63002","µV","24.136","°C","1017.000","hPa","34.9","pmil","0","55.710","deg","20.000","°C","100.000","%a.s.","22.780","deg","20.000","°C","969.000","hPa","0.82","-0.015","0.00036","-0.00014","0","10","Humid","58.27","1","2500.00","297205.42","SADF0001000082","ABF0.1.0.10","4.0.0.2393","PSt7-10","250224-007","7/27/2025 6:28:56 PM","0000-00","0","no battery","V","","µV","","µV"
"03/05/2026","14:16:47","2","default","813736599","OXY_06","60.800","min","242.370","μmol/L","Humid","20.347","deg","62991","µV","24.129","°C","1017.000","hPa","34.9","pmil","0","55.710","deg","20.000","°C","100.000","%a.s.","22.780","deg","20.000","°C","969.000","hPa","0.82","-0.015","0.00036","-0.00014","0","10","Humid","58.27","1","2500.00","297200.29","SADF0001000082","ABF0.1.0.10","4.0.0.2393","PSt7-10","250224-007","7/27/2025 6:28:56 PM","0000-00","0","no battery","V","","µV","","µV"
"03/05/2026","14:16:49","2","default","813736599","OXY_06","60.833","min","242.521","μmol/L","Humid","20.338","deg","62980","µV","24.136","°C","1017.000","hPa","34.9","pmil","0","55.710","deg","20.000","°C","100.000","%a.s.","22.780","deg","20.000","°C","969.000","hPa","0.82","-0.015","0.00036","-0.00014","0","10","Humid","58.27","1","2500.00","297208.77","SADF0001000082","ABF0.1.0.10","4.0.0.2393","PSt7-10","250224-007","7/27/2025 6:28:56 PM","0000-00","0","no battery","V","","µV","","µV"
"03/05/2026","14:16:51","2","default","813736599","OXY_06","60.866","min","242.371","μmol/L","Humid","20.343","deg","62961","µV","24.142","°C","1017.000","hPa","34.9","pmil","0","55.710","deg","20.000","°C","100.000","%a.s.","22.780","deg","20.000","°C","969.000","hPa","0.82","-0.015","0.00036","-0.00014","0","10","Humid","58.27","1","2500.00","297190.77","SADF0001000082","ABF0.1.0.10","4.0.0.2393","PSt7-10","250224-007","7/27/2025 6:28:56 PM","0000-00","0","no battery","V","","µV","","µV"
"03/05/2026","14:16:53","2","default","813736599","OXY_06","60.900","min","242.414","μmol/L","Humid","20.339","deg","62956","µV","24.148","°C","1017.000","hPa","34.9","pmil","0","55.710","deg","20.000","°C","100.000","%a.s.","22.780","deg","20.000","°C","969.000","hPa","0.82","-0.015","0.00036","-0.00014","0","10","Humid","58.27","1","2500.00","297195.68","SADF0001000082","ABF0.1.0.10","4.0.0.2393","PSt7-10","250224-007","7/27/2025 6:28:56 PM","0000-00","0","no battery","V","","µV","","µV"
"03/05/2026","14:16:55","2","default","813736599","OXY_06","60.933","min","242.587","μmol/L","Humid","20.331","deg","62945","µV","24.148","°C","1017.000","hPa","34.9","pmil","0","55.710","deg","20.000","°C","100.000","%a.s.","22.780","deg","20.000","°C","969.000","hPa","0.82","-0.015","0.00036","-0.00014","0","10","Humid","58.27","1","2500.00","297200.99","SADF0001000082","ABF0.1.0.10","4.0.0.2393","PSt7-10","250224-007","7/27/2025 6:28:56 PM","0000-00","0","no battery","V","","µV","","µV"
"03/05/2026","14:16:57","2","default","813736599","OXY_06","60.967","min","242.844","μmol/L","Humid","20.327","deg","62930","µV","24.123","°C","1017.000","hPa","34.9","pmil","0","55.710","deg","20.000","°C","100.000","%a.s.","22.780","deg","20.000","°C","969.000","hPa","0.82","-0.015","0.00036","-0.00014","0","10","Humid","58.27","1","2500.00","297190.97","SADF0001000082","ABF0.1.0.10","4.0.0.2393","PSt7-10","250224-007","7/27/2025 6:28:56 PM","0000-00","0","no battery","V","","µV","","µV"
"03/05/2026","14:16:59","2","default","813736599","OXY_06","60.999","min","242.845","μmol/L","Humid","20.325","deg","62926","µV","24.129","°C","1017.000","hPa","34.9","pmil","0","55.710","deg","20.000","°C","100.000","%a.s.","22.780","deg","20.000","°C","969.000","hPa","0.82","-0.015","0.00036","-0.00014","0","10","Humid","58.27","1","2500.00","297198.51","SADF0001000082","ABF0.1.0.10","4.0.0.2393","PSt7-10","250224-007","7/27/2025 6:28:56 PM","0000-00","0","no battery","V","","µV","","µV"
"03/05/2026","14:17:01","2","default","813736599","OXY_06","61.033","min","242.802","μmol/L","Humid","20.325","deg","62899","µV","24.136","°C","1017.000","hPa","34.9","pmil","0","55.710","deg","20.000","°C","100.000","%a.s.","22.780","deg","20.000","°C","969.000","hPa","0.82","-0.015","0.00036","-0.00014","0","10","Humid","58.27","1","2500.00","297200.16","SADF0001000082","ABF0.1.0.10","4.0.0.2393","PSt7-10","250224-007","7/27/2025 6:28:56 PM","0000-00","0","no battery","V","","µV","","µV"
"03/05/2026","14:17:03","2","default","813736599","OXY_06","61.067","min","242.931","μmol/L","Humid","20.323","deg","62889","µV","24.123","°C","1017.000","hPa","34.9","pmil","0","55.710","deg","20.000","°C","100.000","%a.s.","22.780","deg","20.000","°C","969.000","hPa","0.82","-0.015","0.00036","-0.00014","0","10","Humid","58.27","1","2500.00","297200.30","SADF0001000082","ABF0.1.0.10","4.0.0.2393","PSt7-10","250224-007","7/27/2025 6:28:56 PM","0000-00","0","no battery","V","","µV","","µV"
"03/05/2026","14:17:05","2","default","813736599","OXY_06","61.100","min","243.146","μmol/L","Humid","20.317","deg","62875","µV","24.111","°C","1017.000","hPa","34.9","pmil","0","55.710","deg","20.000","°C","100.000","%a.s.","22.780","deg","20.000","°C","969.000","hPa","0.82","-0.015","0.00036","-0.00014","0","10","Humid","58.27","1","2500.00","297202.08","SADF0001000082","ABF0.1.0.10","4.0.0.2393","PSt7-10","250224-007","7/27/2025 6:28:56 PM","0000-00","0","no battery","V","","µV","","µV"
"03/05/2026","14:17:07","2","default","813736599","OXY_06","61.133","min","243.125","μmol/L","Humid","20.316","deg","62872","µV","24.117","°C","1017.000","hPa","34.9","pmil","0","55.710","deg","20.000","°C","100.000","%a.s.","22.780","deg","20.000","°C","969.000","hPa","0.82","-0.015","0.00036","-0.00014","0","10","Humid","58.27","1","2500.00","297204.28","SADF0001000082","ABF0.1.0.10","4.0.0.2393","PSt7-10","250224-007","7/27/2025 6:28:56 PM","0000-00","0","no battery","V","","µV","","µV"
"03/05/2026","14:17:09","2","default","813736599","OXY_06","61.167","min","243.296","μmol/L","Humid","20.314","deg","62851","µV","24.098","°C","1017.000","hPa","34.9","pmil","0","55.710","deg","20.000","°C","100.000","%a.s.","22.780","deg","20.000","°C","969.000","hPa","0.82","-0.015","0.00036","-0.00014","0","10","Humid","58.27","1","2500.00","297202.36","SADF0001000082","ABF0.1.0.10","4.0.0.2393","PSt7-10","250224-007","7/27/2025 6:28:56 PM","0000-00","0","no battery","V","","µV","","µV"
"03/05/2026","14:17:11","2","default","813736599","OXY_06","61.200","min","243.191","μmol/L","Humid","20.307","deg","62843","µV","24.136","°C","1017.000","hPa","34.9","pmil","0","55.710","deg","20.000","°C","100.000","%a.s.","22.780","deg","20.000","°C","969.000","hPa","0.82","-0.015","0.00036","-0.00014","0","10","Humid","58.27","1","2500.00","297194.21","SADF0001000082","ABF0.1.0.10","4.0.0.2393","PSt7-10","250224-007","7/27/2025 6:28:56 PM","0000-00","0","no battery","V","","µV","","µV"
"03/05/2026","14:17:13","2","default","813736599","OXY_06","61.233","min","243.191","μmol/L","Humid","20.307","deg","62828","µV","24.136","°C","1017.000","hPa","34.9","pmil","0","55.710","deg","20.000","°C","100.000","%a.s.","22.780","deg","20.000","°C","969.000","hPa","0.82","-0.015","0.00036","-0.00014","0","10","Humid","58.27","1","2500.00","297202.20","SADF0001000082","ABF0.1.0.10","4.0.0.2393","PSt7-10","250224-007","7/27/2025 6:28:56 PM","0000-00","0","no battery","V","","µV","","µV"
"03/05/2026","14:17:15","2","default","813736599","OXY_06","61.266","min","243.470","μmol/L","Humid","20.304","deg","62828","µV","24.105","°C","1017.000","hPa","34.9","pmil","0","55.710","deg","20.000","°C","100.000","%a.s.","22.780","deg","20.000","°C","969.000","hPa","0.82","-0.015","0.00036","-0.00014","0","10","Humid","58.27","1","2500.00","297185.11","SADF0001000082","ABF0.1.0.10","4.0.0.2393","PSt7-10","250224-007","7/27/2025 6:28:56 PM","0000-00","0","no battery","V","","µV","","µV"
"03/05/2026","14:17:17","2","default","813736599","OXY_06","61.300","min","243.321","μmol/L","Humid","20.301","deg","62816","µV","24.136","°C","1017.000","hPa","34.9","pmil","0","55.710","deg","20.000","°C","100.000","%a.s.","22.780","deg","20.000","°C","969.000","hPa","0.82","-0.015","0.00036","-0.00014","0","10","Humid","58.27","1","2500.00","297191.51","SADF0001000082","ABF0.1.0.10","4.0.0.2393","PSt7-10","250224-007","7/27/2025 6:28:56 PM","0000-00","0","no battery","V","","µV","","µV"
"03/05/2026","14:17:19","2","default","813736599","OXY_06","61.333","min","243.471","μmol/L","Humid","20.300","deg","62806","µV","24.117","°C","1017.000","hPa","34.9","pmil","0","55.710","deg","20.000","°C","100.000","%a.s.","22.780","deg","20.000","°C","969.000","hPa","0.82","-0.015","0.00036","-0.00014","0","10","Humid","58.27","1","2500.00","297191.49","SADF0001000082","ABF0.1.0.10","4.0.0.2393","PSt7-10","250224-007","7/27/2025 6:28:56 PM","0000-00","0","no battery","V","","µV","","µV"
"03/05/2026","14:17:21","2","default","813736599","OXY_06","61.367","min","243.537","μmol/L","Humid","20.293","deg","62788","µV","24.129","°C","1017.000","hPa","34.9","pmil","0","55.710","deg","20.000","°C","100.000","%a.s.","22.780","deg","20.000","°C","969.000","hPa","0.82","-0.015","0.00036","-0.00014","0","10","Humid","58.27","1","2500.00","297200.97","SADF0001000082","ABF0.1.0.10","4.0.0.2393","PSt7-10","250224-007","7/27/2025 6:28:56 PM","0000-00","0","no battery","V","","µV","","µV"
"03/05/2026","14:17:23","2","default","813736599","OXY_06","61.400","min","243.560","μmol/L","Humid","20.290","deg","62775","µV","24.136","°C","1017.000","hPa","34.9","pmil","0","55.710","deg","20.000","°C","100.000","%a.s.","22.780","deg","20.000","°C","969.000","hPa","0.82","-0.015","0.00036","-0.00014","0","10","Humid","58.27","1","2500.00","297185.27","SADF0001000082","ABF0.1.0.10","4.0.0.2393","PSt7-10","250224-007","7/27/2025 6:28:56 PM","0000-00","0","no battery","V","","µV","","µV"
"03/05/2026","14:17:25","2","default","813736599","OXY_06","61.433","min","243.624","μmol/L","Humid","20.289","deg","62769","µV","24.129","°C","1017.000","hPa","34.9","pmil","0","55.710","deg","20.000","°C","100.000","%a.s.","22.780","deg","20.000","°C","969.000","hPa","0.82","-0.015","0.00036","-0.00014","0","10","Humid","58.27","1","2500.00","297196.50","SADF0001000082","ABF0.1.0.10","4.0.0.2393","PSt7-10","250224-007","7/27/2025 6:28:56 PM","0000-00","0","no battery","V","","µV","","µV"
"03/05/2026","14:17:27","2","default","813736599","OXY_06","61.467","min","243.582","μmol/L","Humid","20.285","deg","62753","µV","24.148","°C","1017.000","hPa","34.9","pmil","0","55.710","deg","20.000","°C","100.000","%a.s.","22.780","deg","20.000","°C","969.000","hPa","0.82","-0.015","0.00036","-0.00014","0","10","Humid","58.27","1","2500.00","297192.78","SADF0001000082","ABF0.1.0.10","4.0.0.2393","PSt7-10","250224-007","7/27/2025 6:28:56 PM","0000-00","0","no battery","V","","µV","","µV"
"03/05/2026","14:17:29","2","default","813736599","OXY_06","61.500","min","243.797","μmol/L","Humid","20.283","deg","62746","µV","24.123","°C","1017.000","hPa","34.9","pmil","0","55.710","deg","20.000","°C","100.000","%a.s.","22.780","deg","20.000","°C","969.000","hPa","0.82","-0.015","0.00036","-0.00014","0","10","Humid","58.27","1","2500.00","297198.71","SADF0001000082","ABF0.1.0.10","4.0.0.2393","PSt7-10","250224-007","7/27/2025 6:28:56 PM","0000-00","0","no battery","V","","µV","","µV"
"03/05/2026","14:17:31","2","default","813736599","OXY_06","61.533","min","244.078","μmol/L","Humid","20.276","deg","62736","µV","24.105","°C","1017.000","hPa","34.9","pmil","0","55.710","deg","20.000","°C","100.000","%a.s.","22.780","deg","20.000","°C","969.000","hPa","0.82","-0.015","0.00036","-0.00014","0","10","Humid","58.27","1","2500.00","297191.75","SADF0001000082","ABF0.1.0.10","4.0.0.2393","PSt7-10","250224-007","7/27/2025 6:28:56 PM","0000-00","0","no battery","V","","µV","","µV"
"03/05/2026","14:17:33","2","default","813736599","OXY_06","61.566","min","244.166","μmol/L","Humid","20.270","deg","62719","µV","24.111","°C","1017.000","hPa","34.9","pmil","0","55.710","deg","20.000","°C","100.000","%a.s.","22.780","deg","20.000","°C","969.000","hPa","0.82","-0.015","0.00036","-0.00014","0","10","Humid","58.27","1","2500.00","297189.21","SADF0001000082","ABF0.1.0.10","4.0.0.2393","PSt7-10","250224-007","7/27/2025 6:28:56 PM","0000-00","0","no battery","V","","µV","","µV"
"03/05/2026","14:17:35","2","default","813736599","OXY_06","61.600","min","244.014","μmol/L","Humid","20.277","deg","62721","µV","24.111","°C","1017.000","hPa","34.9","pmil","0","55.710","deg","20.000","°C","100.000","%a.s.","22.780","deg","20.000","°C","969.000","hPa","0.82","-0.015","0.00036","-0.00014","0","10","Humid","58.27","1","2500.00","297193.88","SADF0001000082","ABF0.1.0.10","4.0.0.2393","PSt7-10","250224-007","7/27/2025 6:28:56 PM","0000-00","0","no battery","V","","µV","","µV"
"03/05/2026","14:17:37","2","default","813736599","OXY_06","61.634","min","244.189","μmol/L","Humid","20.265","deg","62703","µV","24.123","°C","1017.000","hPa","34.9","pmil","0","55.710","deg","20.000","°C","100.000","%a.s.","22.780","deg","20.000","°C","969.000","hPa","0.82","-0.015","0.00036","-0.00014","0","10","Humid","58.27","1","2500.00","297187.34","SADF0001000082","ABF0.1.0.10","4.0.0.2393","PSt7-10","250224-007","7/27/2025 6:28:56 PM","0000-00","0","no battery","V","","µV","","µV"
"03/05/2026","14:17:39","2","default","813736599","OXY_06","61.666","min","244.189","μmol/L","Humid","20.265","deg","62689","µV","24.123","°C","1017.000","hPa","34.9","pmil","0","55.710","deg","20.000","°C","100.000","%a.s.","22.780","deg","20.000","°C","969.000","hPa","0.82","-0.015","0.00036","-0.00014","0","10","Humid","58.27","1","2500.00","297183.88","SADF0001000082","ABF0.1.0.10","4.0.0.2393","PSt7-10","250224-007","7/27/2025 6:28:56 PM","0000-00","0","no battery","V","","µV","","µV"
"03/05/2026","14:17:41","2","default","813736599","OXY_06","61.700","min","244.189","μmol/L","Humid","20.263","deg","62680","µV","24.129","°C","1017.000","hPa","34.9","pmil","0","55.710","deg","20.000","°C","100.000","%a.s.","22.780","deg","20.000","°C","969.000","hPa","0.82","-0.015","0.00036","-0.00014","0","10","Humid","58.27","1","2500.00","297184.18","SADF0001000082","ABF0.1.0.10","4.0.0.2393","PSt7-10","250224-007","7/27/2025 6:28:56 PM","0000-00","0","no battery","V","","µV","","µV"
"03/05/2026","14:17:43","2","default","813736599","OXY_06","61.733","min","244.232","μmol/L","Humid","20.263","deg","62669","µV","24.123","°C","1017.000","hPa","34.9","pmil","0","55.710","deg","20.000","°C","100.000","%a.s.","22.780","deg","20.000","°C","969.000","hPa","0.82","-0.015","0.00036","-0.00014","0","10","Humid","58.27","1","2500.00","297177.39","SADF0001000082","ABF0.1.0.10","4.0.0.2393","PSt7-10","250224-007","7/27/2025 6:28:56 PM","0000-00","0","no battery","V","","µV","","µV"
"03/05/2026","14:17:45","2","default","813736599","OXY_06","61.767","min","244.407","μmol/L","Humid","20.255","deg","62657","µV","24.123","°C","1017.000","hPa","34.9","pmil","0","55.710","deg","20.000","°C","100.000","%a.s.","22.780","deg","20.000","°C","969.000","hPa","0.82","-0.015","0.00036","-0.00014","0","10","Humid","58.27","1","2500.00","297181.93","SADF0001000082","ABF0.1.0.10","4.0.0.2393","PSt7-10","250224-007","7/27/2025 6:28:56 PM","0000-00","0","no battery","V","","µV","","µV"
"03/05/2026","14:17:47","2","default","813736599","OXY_06","61.800","min","244.429","μmol/L","Humid","20.252","deg","62651","µV","24.129","°C","1017.000","hPa","34.9","pmil","0","55.710","deg","20.000","°C","100.000","%a.s.","22.780","deg","20.000","°C","969.000","hPa","0.82","-0.015","0.00036","-0.00014","0","10","Humid","58.27","1","2500.00","297175.30","SADF0001000082","ABF0.1.0.10","4.0.0.2393","PSt7-10","250224-007","7/27/2025 6:28:56 PM","0000-00","0","no battery","V","","µV","","µV"
"03/05/2026","14:17:49","2","default","813736599","OXY_06","61.833","min","244.493","μmol/L","Humid","20.253","deg","62634","µV","24.117","°C","1017.000","hPa","34.9","pmil","0","55.710","deg","20.000","°C","100.000","%a.s.","22.780","deg","20.000","°C","969.000","hPa","0.82","-0.015","0.00036","-0.00014","0","10","Humid","58.27","1","2500.00","297182.98","SADF0001000082","ABF0.1.0.10","4.0.0.2393","PSt7-10","250224-007","7/27/2025 6:28:56 PM","0000-00","0","no battery","V","","µV","","µV"
"03/05/2026","14:17:51","2","default","813736599","OXY_06","61.866","min","244.516","μmol/L","Humid","20.250","deg","62624","µV","24.123","°C","1017.000","hPa","34.9","pmil","0","55.710","deg","20.000","°C","100.000","%a.s.","22.780","deg","20.000","°C","969.000","hPa","0.82","-0.015","0.00036","-0.00014","0","10","Humid","58.27","1","2500.00","297186.57","SADF0001000082","ABF0.1.0.10","4.0.0.2393","PSt7-10","250224-007","7/27/2025 6:28:56 PM","0000-00","0","no battery","V","","µV","","µV"
"03/05/2026","14:17:53","2","default","813736599","OXY_06","61.900","min","244.648","μmol/L","Humid","20.240","deg","62609","µV","24.136","°C","1017.000","hPa","34.9","pmil","0","55.710","deg","20.000","°C","100.000","%a.s.","22.780","deg","20.000","°C","969.000","hPa","0.82","-0.015","0.00036","-0.00014","0","10","Humid","58.27","1","2500.00","297183.80","SADF0001000082","ABF0.1.0.10","4.0.0.2393","PSt7-10","250224-007","7/27/2025 6:28:56 PM","0000-00","0","no battery","V","","µV","","µV"
"03/05/2026","14:17:55","2","default","813736599","OXY_06","61.934","min","244.733","μmol/L","Humid","20.242","deg","62600","µV","24.117","°C","1017.000","hPa","34.9","pmil","0","55.710","deg","20.000","°C","100.000","%a.s.","22.780","deg","20.000","°C","969.000","hPa","0.82","-0.015","0.00036","-0.00014","0","10","Humid","58.27","1","2500.00","297176.87","SADF0001000082","ABF0.1.0.10","4.0.0.2393","PSt7-10","250224-007","7/27/2025 6:28:56 PM","0000-00","0","no battery","V","","µV","","µV"
"03/05/2026","14:17:57","2","default","813736599","OXY_06","61.966","min","244.669","μmol/L","Humid","20.239","deg","62589","µV","24.136","°C","1017.000","hPa","34.9","pmil","0","55.710","deg","20.000","°C","100.000","%a.s.","22.780","deg","20.000","°C","969.000","hPa","0.82","-0.015","0.00036","-0.00014","0","10","Humid","58.27","1","2500.00","297194.38","SADF0001000082","ABF0.1.0.10","4.0.0.2393","PSt7-10","250224-007","7/27/2025 6:28:56 PM","0000-00","0","no battery","V","","µV","","µV"
"03/05/2026","14:17:59","2","default","813736599","OXY_06","62.000","min","244.735","μmol/L","Humid","20.236","deg","62576","µV","24.136","°C","1017.000","hPa","34.9","pmil","0","55.710","deg","20.000","°C","100.000","%a.s.","22.780","deg","20.000","°C","969.000","hPa","0.82","-0.015","0.00036","-0.00014","0","10","Humid","58.27","1","2500.00","297173.70","SADF0001000082","ABF0.1.0.10","4.0.0.2393","PSt7-10","250224-007","7/27/2025 6:28:56 PM","0000-00","0","no battery","V","","µV","","µV"
"03/05/2026","14:18:01","2","default","813736599","OXY_06","62.033","min","244.779","μmol/L","Humid","20.232","deg","62564","µV","24.142","°C","1017.000","hPa","34.9","pmil","0","55.710","deg","20.000","°C","100.000","%a.s.","22.780","deg","20.000","°C","969.000","hPa","0.82","-0.015","0.00036","-0.00014","0","10","Humid","58.27","1","2500.00","297172.70","SADF0001000082","ABF0.1.0.10","4.0.0.2393","PSt7-10","250224-007","7/27/2025 6:28:56 PM","0000-00","0","no battery","V","","µV","","µV"
"03/05/2026","14:18:03","2","default","813736599","OXY_06","62.066","min","245.191","μmol/L","Humid","20.223","deg","62550","µV","24.111","°C","1017.000","hPa","34.9","pmil","0","55.710","deg","20.000","°C","100.000","%a.s.","22.780","deg","20.000","°C","969.000","hPa","0.82","-0.015","0.00036","-0.00014","0","10","Humid","58.27","1","2500.00","297171.21","SADF0001000082","ABF0.1.0.10","4.0.0.2393","PSt7-10","250224-007","7/27/2025 6:28:56 PM","0000-00","0","no battery","V","","µV","","µV"
"03/05/2026","14:18:05","2","default","813736599","OXY_06","62.100","min","245.061","μmol/L","Humid","20.227","deg","62537","µV","24.117","°C","1017.000","hPa","34.9","pmil","0","55.710","deg","20.000","°C","100.000","%a.s.","22.780","deg","20.000","°C","969.000","hPa","0.82","-0.015","0.00036","-0.00014","0","10","Humid","58.27","1","2500.00","297173.18","SADF0001000082","ABF0.1.0.10","4.0.0.2393","PSt7-10","250224-007","7/27/2025 6:28:56 PM","0000-00","0","no battery","V","","µV","","µV"
"03/05/2026","14:18:07","2","default","813736599","OXY_06","62.133","min","244.953","μmol/L","Humid","20.228","deg","62529","µV","24.129","°C","1017.000","hPa","34.9","pmil","0","55.710","deg","20.000","°C","100.000","%a.s.","22.780","deg","20.000","°C","969.000","hPa","0.82","-0.015","0.00036","-0.00014","0","10","Humid","58.27","1","2500.00","297187.55","SADF0001000082","ABF0.1.0.10","4.0.0.2393","PSt7-10","250224-007","7/27/2025 6:28:56 PM","0000-00","0","no battery","V","","µV","","µV"
"03/05/2026","14:18:09","2","default","813736599","OXY_06","62.167","min","245.236","μmol/L","Humid","20.217","deg","62520","µV","24.123","°C","1017.000","hPa","34.9","pmil","0","55.710","deg","20.000","°C","100.000","%a.s.","22.780","deg","20.000","°C","969.000","hPa","0.82","-0.015","0.00036","-0.00014","0","10","Humid","58.27","1","2500.00","297168.00","SADF0001000082","ABF0.1.0.10","4.0.0.2393","PSt7-10","250224-007","7/27/2025 6:28:56 PM","0000-00","0","no battery","V","","µV","","µV"
"03/05/2026","14:18:11","2","default","813736599","OXY_06","62.200","min","245.083","μmol/L","Humid","20.224","deg","62516","µV","24.123","°C","1017.000","hPa","34.9","pmil","0","55.710","deg","20.000","°C","100.000","%a.s.","22.780","deg","20.000","°C","969.000","hPa","0.82","-0.015","0.00036","-0.00014","0","10","Humid","58.27","1","2500.00","297175.93","SADF0001000082","ABF0.1.0.10","4.0.0.2393","PSt7-10","250224-007","7/27/2025 6:28:56 PM","0000-00","0","no battery","V","","µV","","µV"
"03/05/2026","14:18:13","2","default","813736599","OXY_06","62.233","min","245.259","μmol/L","Humid","20.214","deg","62498","µV","24.129","°C","1017.000","hPa","34.9","pmil","0","55.710","deg","20.000","°C","100.000","%a.s.","22.780","deg","20.000","°C","969.000","hPa","0.82","-0.015","0.00036","-0.00014","0","10","Humid","58.27","1","2500.00","297172.86","SADF0001000082","ABF0.1.0.10","4.0.0.2393","PSt7-10","250224-007","7/27/2025 6:28:56 PM","0000-00","0","no battery","V","","µV","","µV"
"03/05/2026","14:18:15","2","default","813736599","OXY_06","62.267","min","245.173","μmol/L","Humid","20.214","deg","62494","µV","24.142","°C","1017.000","hPa","34.9","pmil","0","55.710","deg","20.000","°C","100.000","%a.s.","22.780","deg","20.000","°C","969.000","hPa","0.82","-0.015","0.00036","-0.00014","0","10","Humid","58.27","1","2500.00","297166.88","SADF0001000082","ABF0.1.0.10","4.0.0.2393","PSt7-10","250224-007","7/27/2025 6:28:56 PM","0000-00","0","no battery","V","","µV","","µV"
"03/05/2026","14:18:17","2","default","813736599","OXY_06","62.300","min","245.434","μmol/L","Humid","20.206","deg","62479","µV","24.129","°C","1017.000","hPa","34.9","pmil","0","55.710","deg","20.000","°C","100.000","%a.s.","22.780","deg","20.000","°C","969.000","hPa","0.82","-0.015","0.00036","-0.00014","0","10","Humid","58.27","1","2500.00","297170.97","SADF0001000082","ABF0.1.0.10","4.0.0.2393","PSt7-10","250224-007","7/27/2025 6:28:56 PM","0000-00","0","no battery","V","","µV","","µV"
"03/05/2026","14:18:19","2","default","813736599","OXY_06","62.333","min","245.434","μmol/L","Humid","20.206","deg","62469","µV","24.129","°C","1017.000","hPa","34.9","pmil","0","55.710","deg","20.000","°C","100.000","%a.s.","22.780","deg","20.000","°C","969.000","hPa","0.82","-0.015","0.00036","-0.00014","0","10","Humid","58.27","1","2500.00","297181.27","SADF0001000082","ABF0.1.0.10","4.0.0.2393","PSt7-10","250224-007","7/27/2025 6:28:56 PM","0000-00","0","no battery","V","","µV","","µV"
"03/05/2026","14:18:21","2","default","813736599","OXY_06","62.366","min","245.564","μmol/L","Humid","20.206","deg","62460","µV","24.111","°C","1017.000","hPa","34.9","pmil","0","55.710","deg","20.000","°C","100.000","%a.s.","22.780","deg","20.000","°C","969.000","hPa","0.82","-0.015","0.00036","-0.00014","0","10","Humid","58.27","1","2500.00","297190.02","SADF0001000082","ABF0.1.0.10","4.0.0.2393","PSt7-10","250224-007","7/27/2025 6:28:56 PM","0000-00","0","no battery","V","","µV","","µV"
"03/05/2026","14:18:23","2","default","813736599","OXY_06","62.400","min","245.609","μmol/L","Humid","20.200","deg","62448","µV","24.123","°C","1017.000","hPa","34.9","pmil","0","55.710","deg","20.000","°C","100.000","%a.s.","22.780","deg","20.000","°C","969.000","hPa","0.82","-0.015","0.00036","-0.00014","0","10","Humid","58.27","1","2500.00","297173.01","SADF0001000082","ABF0.1.0.10","4.0.0.2393","PSt7-10","250224-007","7/27/2025 6:28:56 PM","0000-00","0","no battery","V","","µV","","µV"
"03/05/2026","14:18:25","2","default","813736599","OXY_06","62.433","min","245.827","μmol/L","Humid","20.194","deg","62438","µV","24.111","°C","1017.000","hPa","34.9","pmil","0","55.710","deg","20.000","°C","100.000","%a.s.","22.780","deg","20.000","°C","969.000","hPa","0.82","-0.015","0.00036","-0.00014","0","10","Humid","58.27","1","2500.00","297181.59","SADF0001000082","ABF0.1.0.10","4.0.0.2393","PSt7-10","250224-007","7/27/2025 6:28:56 PM","0000-00","0","no battery","V","","µV","","µV"
"03/05/2026","14:18:27","2","default","813736599","OXY_06","62.466","min","245.653","μmol/L","Humid","20.198","deg","62427","µV","24.123","°C","1017.000","hPa","34.9","pmil","0","55.710","deg","20.000","°C","100.000","%a.s.","22.780","deg","20.000","°C","969.000","hPa","0.82","-0.015","0.00036","-0.00014","0","10","Humid","58.27","1","2500.00","297183.40","SADF0001000082","ABF0.1.0.10","4.0.0.2393","PSt7-10","250224-007","7/27/2025 6:28:56 PM","0000-00","0","no battery","V","","µV","","µV"
"03/05/2026","14:18:29","2","default","813736599","OXY_06","62.500","min","245.720","μmol/L","Humid","20.191","deg","62412","µV","24.136","°C","1017.000","hPa","34.9","pmil","0","55.710","deg","20.000","°C","100.000","%a.s.","22.780","deg","20.000","°C","969.000","hPa","0.82","-0.015","0.00036","-0.00014","0","10","Humid","58.27","1","2500.00","297174.27","SADF0001000082","ABF0.1.0.10","4.0.0.2393","PSt7-10","250224-007","7/27/2025 6:28:56 PM","0000-00","0","no battery","V","","µV","","µV"
"03/05/2026","14:18:31","2","default","813736599","OXY_06","62.533","min","245.785","μmol/L","Humid","20.190","deg","62394","µV","24.129","°C","1017.000","hPa","34.9","pmil","0","55.710","deg","20.000","°C","100.000","%a.s.","22.780","deg","20.000","°C","969.000","hPa","0.82","-0.015","0.00036","-0.00014","0","10","Humid","58.27","1","2500.00","297175.89","SADF0001000082","ABF0.1.0.10","4.0.0.2393","PSt7-10","250224-007","7/27/2025 6:28:56 PM","0000-00","0","no battery","V","","µV","","µV"
"03/05/2026","14:18:33","2","default","813736599","OXY_06","62.567","min","246.114","μmol/L","Humid","20.177","deg","62389","µV","24.123","°C","1017.000","hPa","34.9","pmil","0","55.710","deg","20.000","°C","100.000","%a.s.","22.780","deg","20.000","°C","969.000","hPa","0.82","-0.015","0.00036","-0.00014","0","10","Humid","58.27","1","2500.00","297173.95","SADF0001000082","ABF0.1.0.10","4.0.0.2393","PSt7-10","250224-007","7/27/2025 6:28:56 PM","0000-00","0","no battery","V","","µV","","µV"
"03/05/2026","14:18:35","2","default","813736599","OXY_06","62.600","min","246.004","μmol/L","Humid","20.180","deg","62374","µV","24.129","°C","1017.000","hPa","34.9","pmil","0","55.710","deg","20.000","°C","100.000","%a.s.","22.780","deg","20.000","°C","969.000","hPa","0.82","-0.015","0.00036","-0.00014","0","10","Humid","58.27","1","2500.00","297165.78","SADF0001000082","ABF0.1.0.10","4.0.0.2393","PSt7-10","250224-007","7/27/2025 6:28:56 PM","0000-00","0","no battery","V","","µV","","µV"
"03/05/2026","14:18:37","2","default","813736599","OXY_06","62.633","min","246.026","μmol/L","Humid","20.181","deg","62362","µV","24.123","°C","1017.000","hPa","34.9","pmil","0","55.710","deg","20.000","°C","100.000","%a.s.","22.780","deg","20.000","°C","969.000","hPa","0.82","-0.015","0.00036","-0.00014","0","10","Humid","58.27","1","2500.00","297178.75","SADF0001000082","ABF0.1.0.10","4.0.0.2393","PSt7-10","250224-007","7/27/2025 6:28:56 PM","0000-00","0","no battery","V","","µV","","µV"
"03/05/2026","14:18:39","2","default","813736599","OXY_06","62.667","min","246.092","μmol/L","Humid","20.176","deg","62349","µV","24.129","°C","1017.000","hPa","34.9","pmil","0","55.710","deg","20.000","°C","100.000","%a.s.","22.780","deg","20.000","°C","969.000","hPa","0.82","-0.015","0.00036","-0.00014","0","10","Humid","58.27","1","2500.00","297179.05","SADF0001000082","ABF0.1.0.10","4.0.0.2393","PSt7-10","250224-007","7/27/2025 6:28:56 PM","0000-00","0","no battery","V","","µV","","µV"
"03/05/2026","14:18:41","2","default","813736599","OXY_06","62.700","min","246.115","μmol/L","Humid","20.173","deg","62333","µV","24.136","°C","1017.000","hPa","34.9","pmil","0","55.710","deg","20.000","°C","100.000","%a.s.","22.780","deg","20.000","°C","969.000","hPa","0.82","-0.015","0.00036","-0.00014","0","10","Humid","58.27","1","2500.00","297175.74","SADF0001000082","ABF0.1.0.10","4.0.0.2393","PSt7-10","250224-007","7/27/2025 6:28:56 PM","0000-00","0","no battery","V","","µV","","µV"
"03/05/2026","14:18:43","2","default","813736599","OXY_06","62.733","min","246.354","μmol/L","Humid","20.170","deg","62331","µV","24.111","°C","1017.000","hPa","34.9","pmil","0","55.710","deg","20.000","°C","100.000","%a.s.","22.780","deg","20.000","°C","969.000","hPa","0.82","-0.015","0.00036","-0.00014","0","10","Humid","58.27","1","2500.00","297186.27","SADF0001000082","ABF0.1.0.10","4.0.0.2393","PSt7-10","250224-007","7/27/2025 6:28:56 PM","0000-00","0","no battery","V","","µV","","µV"
"03/05/2026","14:18:45","2","default","813736599","OXY_06","62.766","min","246.334","μmol/L","Humid","20.167","deg","62321","µV","24.123","°C","1017.000","hPa","34.9","pmil","0","55.710","deg","20.000","°C","100.000","%a.s.","22.780","deg","20.000","°C","969.000","hPa","0.82","-0.015","0.00036","-0.00014","0","10","Humid","58.27","1","2500.00","297166.50","SADF0001000082","ABF0.1.0.10","4.0.0.2393","PSt7-10","250224-007","7/27/2025 6:28:56 PM","0000-00","0","no battery","V","","µV","","µV"
"03/05/2026","14:18:47","2","default","813736599","OXY_06","62.800","min","246.400","μmol/L","Humid","20.162","deg","62317","µV","24.129","°C","1017.000","hPa","34.9","pmil","0","55.710","deg","20.000","°C","100.000","%a.s.","22.780","deg","20.000","°C","969.000","hPa","0.82","-0.015","0.00036","-0.00014","0","10","Humid","58.27","1","2500.00","297185.46","SADF0001000082","ABF0.1.0.10","4.0.0.2393","PSt7-10","250224-007","7/27/2025 6:28:56 PM","0000-00","0","no battery","V","","µV","","µV"
"03/05/2026","14:18:49","2","default","813736599","OXY_06","62.833","min","246.358","μmol/L","Humid","20.160","deg","62303","µV","24.142","°C","1017.000","hPa","34.9","pmil","0","55.710","deg","20.000","°C","100.000","%a.s.","22.780","deg","20.000","°C","969.000","hPa","0.82","-0.015","0.00036","-0.00014","0","10","Humid","58.27","1","2500.00","297171.88","SADF0001000082","ABF0.1.0.10","4.0.0.2393","PSt7-10","250224-007","7/27/2025 6:28:56 PM","0000-00","0","no battery","V","","µV","","µV"
"03/05/2026","14:18:51","2","default","813736599","OXY_06","62.867","min","246.534","μmol/L","Humid","20.152","deg","62288","µV","24.142","°C","1017.000","hPa","34.9","pmil","0","55.710","deg","20.000","°C","100.000","%a.s.","22.780","deg","20.000","°C","969.000","hPa","0.82","-0.015","0.00036","-0.00014","0","10","Humid","58.27","1","2500.00","297170.96","SADF0001000082","ABF0.1.0.10","4.0.0.2393","PSt7-10","250224-007","7/27/2025 6:28:56 PM","0000-00","0","no battery","V","","µV","","µV"
"03/05/2026","14:18:53","2","default","813736599","OXY_06","62.900","min","246.860","μmol/L","Humid","20.149","deg","62278","µV","24.105","°C","1017.000","hPa","34.9","pmil","0","55.710","deg","20.000","°C","100.000","%a.s.","22.780","deg","20.000","°C","969.000","hPa","0.82","-0.015","0.00036","-0.00014","0","10","Humid","58.27","1","2500.00","297182.68","SADF0001000082","ABF0.1.0.10","4.0.0.2393","PSt7-10","250224-007","7/27/2025 6:28:56 PM","0000-00","0","no battery","V","","µV","","µV"
"03/05/2026","14:18:55","2","default","813736599","OXY_06","62.933","min","246.752","μmol/L","Humid","20.148","deg","62272","µV","24.123","°C","1017.000","hPa","34.9","pmil","0","55.710","deg","20.000","°C","100.000","%a.s.","22.780","deg","20.000","°C","969.000","hPa","0.82","-0.015","0.00036","-0.00014","0","10","Humid","58.27","1","2500.00","297179.39","SADF0001000082","ABF0.1.0.10","4.0.0.2393","PSt7-10","250224-007","7/27/2025 6:28:56 PM","0000-00","0","no battery","V","","µV","","µV"
"03/05/2026","14:18:57","2","default","813736599","OXY_06","62.966","min","246.663","μmol/L","Humid","20.154","deg","62261","µV","24.117","°C","1017.000","hPa","34.9","pmil","0","55.710","deg","20.000","°C","100.000","%a.s.","22.780","deg","20.000","°C","969.000","hPa","0.82","-0.015","0.00036","-0.00014","0","10","Humid","58.27","1","2500.00","297179.02","SADF0001000082","ABF0.1.0.10","4.0.0.2393","PSt7-10","250224-007","7/27/2025 6:28:56 PM","0000-00","0","no battery","V","","µV","","µV"
"03/05/2026","14:18:59","2","default","813736599","OXY_06","63.000","min","246.731","μmol/L","Humid","20.147","deg","62259","µV","24.129","°C","1017.000","hPa","34.9","pmil","0","55.710","deg","20.000","°C","100.000","%a.s.","22.780","deg","20.000","°C","969.000","hPa","0.82","-0.015","0.00036","-0.00014","0","10","Humid","58.27","1","2500.00","297176.54","SADF0001000082","ABF0.1.0.10","4.0.0.2393","PSt7-10","250224-007","7/27/2025 6:28:56 PM","0000-00","0","no battery","V","","µV","","µV"
"03/05/2026","14:19:01","2","default","813736599","OXY_06","63.033","min","246.797","μmol/L","Humid","20.144","deg","62243","µV","24.129","°C","1017.000","hPa","34.9","pmil","0","55.710","deg","20.000","°C","100.000","%a.s.","22.780","deg","20.000","°C","969.000","hPa","0.82","-0.015","0.00036","-0.00014","0","10","Humid","58.27","1","2500.00","297162.34","SADF0001000082","ABF0.1.0.10","4.0.0.2393","PSt7-10","250224-007","7/27/2025 6:28:56 PM","0000-00","0","no battery","V","","µV","","µV"
"03/05/2026","14:19:03","2","default","813736599","OXY_06","63.066","min","246.971","μmol/L","Humid","20.142","deg","62240","µV","24.111","°C","1017.000","hPa","34.9","pmil","0","55.710","deg","20.000","°C","100.000","%a.s.","22.780","deg","20.000","°C","969.000","hPa","0.82","-0.015","0.00036","-0.00014","0","10","Humid","58.27","1","2500.00","297174.19","SADF0001000082","ABF0.1.0.10","4.0.0.2393","PSt7-10","250224-007","7/27/2025 6:28:56 PM","0000-00","0","no battery","V","","µV","","µV"
"03/05/2026","14:19:05","2","default","813736599","OXY_06","63.100","min","246.885","μmol/L","Humid","20.142","deg","62232","µV","24.123","°C","1017.000","hPa","34.9","pmil","0","55.710","deg","20.000","°C","100.000","%a.s.","22.780","deg","20.000","°C","969.000","hPa","0.82","-0.015","0.00036","-0.00014","0","10","Humid","58.27","1","2500.00","297162.16","SADF0001000082","ABF0.1.0.10","4.0.0.2393","PSt7-10","250224-007","7/27/2025 6:28:56 PM","0000-00","0","no battery","V","","µV","","µV"
"03/05/2026","14:19:07","2","default","813736599","OXY_06","63.134","min","246.863","μmol/L","Humid","20.141","deg","62223","µV","24.129","°C","1017.000","hPa","34.9","pmil","0","55.710","deg","20.000","°C","100.000","%a.s.","22.780","deg","20.000","°C","969.000","hPa","0.82","-0.015","0.00036","-0.00014","0","10","Humid","58.27","1","2500.00","297175.45","SADF0001000082","ABF0.1.0.10","4.0.0.2393","PSt7-10","250224-007","7/27/2025 6:28:56 PM","0000-00","0","no battery","V","","µV","","µV"
"03/05/2026","14:19:09","2","default","813736599","OXY_06","63.166","min","247.126","μmol/L","Humid","20.135","deg","62210","µV","24.111","°C","1017.000","hPa","34.9","pmil","0","55.710","deg","20.000","°C","100.000","%a.s.","22.780","deg","20.000","°C","969.000","hPa","0.82","-0.015","0.00036","-0.00014","0","10","Humid","58.27","1","2500.00","297157.20","SADF0001000082","ABF0.1.0.10","4.0.0.2393","PSt7-10","250224-007","7/27/2025 6:28:56 PM","0000-00","0","no battery","V","","µV","","µV"
"03/05/2026","14:19:11","2","default","813736599","OXY_06","63.200","min","247.192","μmol/L","Humid","20.132","deg","62202","µV","24.111","°C","1017.000","hPa","34.9","pmil","0","55.710","deg","20.000","°C","100.000","%a.s.","22.780","deg","20.000","°C","969.000","hPa","0.82","-0.015","0.00036","-0.00014","0","10","Humid","58.27","1","2500.00","297164.32","SADF0001000082","ABF0.1.0.10","4.0.0.2393","PSt7-10","250224-007","7/27/2025 6:28:56 PM","0000-00","0","no battery","V","","µV","","µV"
"03/05/2026","14:19:13","2","default","813736599","OXY_06","63.234","min","246.930","μmol/L","Humid","20.136","deg","62192","µV","24.136","°C","1017.000","hPa","34.9","pmil","0","55.710","deg","20.000","°C","100.000","%a.s.","22.780","deg","20.000","°C","969.000","hPa","0.82","-0.015","0.00036","-0.00014","0","10","Humid","58.27","1","2500.00","297156.64","SADF0001000082","ABF0.1.0.10","4.0.0.2393","PSt7-10","250224-007","7/27/2025 6:28:56 PM","0000-00","0","no battery","V","","µV","","µV"
"03/05/2026","14:19:15","2","default","813736599","OXY_06","63.267","min","247.194","μmol/L","Humid","20.128","deg","62181","µV","24.123","°C","1017.000","hPa","34.9","pmil","0","55.710","deg","20.000","°C","100.000","%a.s.","22.780","deg","20.000","°C","969.000","hPa","0.82","-0.015","0.00036","-0.00014","0","10","Humid","58.27","1","2500.00","297148.25","SADF0001000082","ABF0.1.0.10","4.0.0.2393","PSt7-10","250224-007","7/27/2025 6:28:56 PM","0000-00","0","no battery","V","","µV","","µV"
"03/05/2026","14:19:17","2","default","813736599","OXY_06","63.300","min","247.370","μmol/L","Humid","20.122","deg","62167","µV","24.117","°C","1017.000","hPa","34.9","pmil","0","55.710","deg","20.000","°C","100.000","%a.s.","22.780","deg","20.000","°C","969.000","hPa","0.82","-0.015","0.00036","-0.00014","0","10","Humid","58.27","1","2500.00","297172.17","SADF0001000082","ABF0.1.0.10","4.0.0.2393","PSt7-10","250224-007","7/27/2025 6:28:56 PM","0000-00","0","no battery","V","","µV","","µV"
"03/05/2026","14:19:19","2","default","813736599","OXY_06","63.333","min","247.350","μmol/L","Humid","20.117","deg","62160","µV","24.136","°C","1017.000","hPa","34.9","pmil","0","55.710","deg","20.000","°C","100.000","%a.s.","22.780","deg","20.000","°C","969.000","hPa","0.82","-0.015","0.00036","-0.00014","0","10","Humid","58.27","1","2500.00","297164.18","SADF0001000082","ABF0.1.0.10","4.0.0.2393","PSt7-10","250224-007","7/27/2025 6:28:56 PM","0000-00","0","no battery","V","","µV","","µV"
"03/05/2026","14:19:21","2","default","813736599","OXY_06","63.367","min","247.392","μmol/L","Humid","20.121","deg","62146","µV","24.117","°C","1017.000","hPa","34.9","pmil","0","55.710","deg","20.000","°C","100.000","%a.s.","22.780","deg","20.000","°C","969.000","hPa","0.82","-0.015","0.00036","-0.00014","0","10","Humid","58.27","1","2500.00","297171.64","SADF0001000082","ABF0.1.0.10","4.0.0.2393","PSt7-10","250224-007","7/27/2025 6:28:56 PM","0000-00","0","no battery","V","","µV","","µV"
"03/05/2026","14:19:23","2","default","813736599","OXY_06","63.400","min","247.371","μmol/L","Humid","20.120","deg","62145","µV","24.123","°C","1017.000","hPa","34.9","pmil","0","55.710","deg","20.000","°C","100.000","%a.s.","22.780","deg","20.000","°C","969.000","hPa","0.82","-0.015","0.00036","-0.00014","0","10","Humid","58.27","1","2500.00","297182.11","SADF0001000082","ABF0.1.0.10","4.0.0.2393","PSt7-10","250224-007","7/27/2025 6:28:56 PM","0000-00","0","no battery","V","","µV","","µV"
"03/05/2026","14:19:25","2","default","813736599","OXY_06","63.433","min","247.503","μmol/L","Humid","20.116","deg","62133","µV","24.117","°C","1017.000","hPa","34.9","pmil","0","55.710","deg","20.000","°C","100.000","%a.s.","22.780","deg","20.000","°C","969.000","hPa","0.82","-0.015","0.00036","-0.00014","0","10","Humid","58.27","1","2500.00","297161.88","SADF0001000082","ABF0.1.0.10","4.0.0.2393","PSt7-10","250224-007","7/27/2025 6:28:56 PM","0000-00","0","no battery","V","","µV","","µV"
"03/05/2026","14:19:27","2","default","813736599","OXY_06","63.467","min","247.437","μmol/L","Humid","20.117","deg","62124","µV","24.123","°C","1017.000","hPa","34.9","pmil","0","55.710","deg","20.000","°C","100.000","%a.s.","22.780","deg","20.000","°C","969.000","hPa","0.82","-0.015","0.00036","-0.00014","0","10","Humid","58.27","1","2500.00","297162.95","SADF0001000082","ABF0.1.0.10","4.0.0.2393","PSt7-10","250224-007","7/27/2025 6:28:56 PM","0000-00","0","no battery","V","","µV","","µV"
"03/05/2026","14:19:29","2","default","813736599","OXY_06","63.500","min","247.723","μmol/L","Humid","20.110","deg","62119","µV","24.105","°C","1017.000","hPa","34.9","pmil","0","55.710","deg","20.000","°C","100.000","%a.s.","22.780","deg","20.000","°C","969.000","hPa","0.82","-0.015","0.00036","-0.00014","0","10","Humid","58.27","1","2500.00","297164.81","SADF0001000082","ABF0.1.0.10","4.0.0.2393","PSt7-10","250224-007","7/27/2025 6:28:56 PM","0000-00","0","no battery","V","","µV","","µV"
"03/05/2026","14:19:31","2","default","813736599","OXY_06","63.533","min","247.635","μmol/L","Humid","20.112","deg","62117","µV","24.111","°C","1017.000","hPa","34.9","pmil","0","55.710","deg","20.000","°C","100.000","%a.s.","22.780","deg","20.000","°C","969.000","hPa","0.82","-0.015","0.00036","-0.00014","0","10","Humid","58.27","1","2500.00","297183.18","SADF0001000082","ABF0.1.0.10","4.0.0.2393","PSt7-10","250224-007","7/27/2025 6:28:56 PM","0000-00","0","no battery","V","","µV","","µV"
"03/05/2026","14:19:33","2","default","813736599","OXY_06","63.566","min","247.593","μmol/L","Humid","20.108","deg","62097","µV","24.129","°C","1017.000","hPa","34.9","pmil","0","55.710","deg","20.000","°C","100.000","%a.s.","22.780","deg","20.000","°C","969.000","hPa","0.82","-0.015","0.00036","-0.00014","0","10","Humid","58.27","1","2500.00","297163.20","SADF0001000082","ABF0.1.0.10","4.0.0.2393","PSt7-10","250224-007","7/27/2025 6:28:56 PM","0000-00","0","no battery","V","","µV","","µV"
"03/05/2026","14:19:35","2","default","813736599","OXY_06","63.600","min","247.922","μmol/L","Humid","20.101","deg","62084","µV","24.105","°C","1017.000","hPa","34.9","pmil","0","55.710","deg","20.000","°C","100.000","%a.s.","22.780","deg","20.000","°C","969.000","hPa","0.82","-0.015","0.00036","-0.00014","0","10","Humid","58.27","1","2500.00","297160.85","SADF0001000082","ABF0.1.0.10","4.0.0.2393","PSt7-10","250224-007","7/27/2025 6:28:56 PM","0000-00","0","no battery","V","","µV","","µV"
"03/05/2026","14:19:37","2","default","813736599","OXY_06","63.634","min","247.922","μmol/L","Humid","20.101","deg","62075","µV","24.105","°C","1017.000","hPa","34.9","pmil","0","55.710","deg","20.000","°C","100.000","%a.s.","22.780","deg","20.000","°C","969.000","hPa","0.82","-0.015","0.00036","-0.00014","0","10","Humid","58.27","1","2500.00","297165.98","SADF0001000082","ABF0.1.0.10","4.0.0.2393","PSt7-10","250224-007","7/27/2025 6:28:56 PM","0000-00","0","no battery","V","","µV","","µV"
"03/05/2026","14:19:39","2","default","813736599","OXY_06","63.666","min","247.857","μmol/L","Humid","20.100","deg","62064","µV","24.117","°C","1017.000","hPa","34.9","pmil","0","55.710","deg","20.000","°C","100.000","%a.s.","22.780","deg","20.000","°C","969.000","hPa","0.82","-0.015","0.00036","-0.00014","0","10","Humid","58.27","1","2500.00","297159.00","SADF0001000082","ABF0.1.0.10","4.0.0.2393","PSt7-10","250224-007","7/27/2025 6:28:56 PM","0000-00","0","no battery","V","","µV","","µV"
"03/05/2026","14:19:41","2","default","813736599","OXY_06","63.700","min","248.013","μmol/L","Humid","20.093","deg","62057","µV","24.117","°C","1017.000","hPa","34.9","pmil","0","55.710","deg","20.000","°C","100.000","%a.s.","22.780","deg","20.000","°C","969.000","hPa","0.82","-0.015","0.00036","-0.00014","0","10","Humid","58.27","1","2500.00","297160.87","SADF0001000082","ABF0.1.0.10","4.0.0.2393","PSt7-10","250224-007","7/27/2025 6:28:56 PM","0000-00","0","no battery","V","","µV","","µV"
"03/05/2026","14:19:43","2","default","813736599","OXY_06","63.733","min","248.014","μmol/L","Humid","20.089","deg","62048","µV","24.129","°C","1017.000","hPa","34.9","pmil","0","55.710","deg","20.000","°C","100.000","%a.s.","22.780","deg","20.000","°C","969.000","hPa","0.82","-0.015","0.00036","-0.00014","0","10","Humid","58.27","1","2500.00","297162.24","SADF0001000082","ABF0.1.0.10","4.0.0.2393","PSt7-10","250224-007","7/27/2025 6:28:56 PM","0000-00","0","no battery","V","","µV","","µV"
"03/05/2026","14:19:45","2","default","813736599","OXY_06","63.767","min","248.079","μmol/L","Humid","20.090","deg","62049","µV","24.117","°C","1017.000","hPa","34.9","pmil","0","55.710","deg","20.000","°C","100.000","%a.s.","22.780","deg","20.000","°C","969.000","hPa","0.82","-0.015","0.00036","-0.00014","0","10","Humid","58.27","1","2500.00","297162.31","SADF0001000082","ABF0.1.0.10","4.0.0.2393","PSt7-10","250224-007","7/27/2025 6:28:56 PM","0000-00","0","no battery","V","","µV","","µV"
"03/05/2026","14:19:47","2","default","813736599","OXY_06","63.800","min","248.167","μmol/L","Humid","20.088","deg","62034","µV","24.111","°C","1017.000","hPa","34.9","pmil","0","55.710","deg","20.000","°C","100.000","%a.s.","22.780","deg","20.000","°C","969.000","hPa","0.82","-0.015","0.00036","-0.00014","0","10","Humid","58.27","1","2500.00","297169.12","SADF0001000082","ABF0.1.0.10","4.0.0.2393","PSt7-10","250224-007","7/27/2025 6:28:56 PM","0000-00","0","no battery","V","","µV","","µV"
"03/05/2026","14:19:49","2","default","813736599","OXY_06","63.833","min","248.125","μmol/L","Humid","20.084","deg","62026","µV","24.129","°C","1017.000","hPa","34.9","pmil","0","55.710","deg","20.000","°C","100.000","%a.s.","22.780","deg","20.000","°C","969.000","hPa","0.82","-0.015","0.00036","-0.00014","0","10","Humid","58.27","1","2500.00","297172.47","SADF0001000082","ABF0.1.0.10","4.0.0.2393","PSt7-10","250224-007","7/27/2025 6:28:56 PM","0000-00","0","no battery","V","","µV","","µV"
"03/05/2026","14:19:51","2","default","813736599","OXY_06","63.867","min","248.454","μmol/L","Humid","20.081","deg","62014","µV","24.092","°C","1017.000","hPa","34.9","pmil","0","55.710","deg","20.000","°C","100.000","%a.s.","22.780","deg","20.000","°C","969.000","hPa","0.82","-0.015","0.00036","-0.00014","0","10","Humid","58.27","1","2500.00","297167.91","SADF0001000082","ABF0.1.0.10","4.0.0.2393","PSt7-10","250224-007","7/27/2025 6:28:56 PM","0000-00","0","no battery","V","","µV","","µV"
"03/05/2026","14:19:53","2","default","813736599","OXY_06","63.900","min","248.388","μmol/L","Humid","20.082","deg","62003","µV","24.098","°C","1017.000","hPa","34.9","pmil","0","55.710","deg","20.000","°C","100.000","%a.s.","22.780","deg","20.000","°C","969.000","hPa","0.82","-0.015","0.00036","-0.00014","0","10","Humid","58.27","1","2500.00","297149.62","SADF0001000082","ABF0.1.0.10","4.0.0.2393","PSt7-10","250224-007","7/27/2025 6:28:56 PM","0000-00","0","no battery","V","","µV","","µV"
"03/05/2026","14:19:55","2","default","813736599","OXY_06","63.933","min","248.412","μmol/L","Humid","20.077","deg","61994","µV","24.111","°C","1017.000","hPa","34.9","pmil","0","55.710","deg","20.000","°C","100.000","%a.s.","22.780","deg","20.000","°C","969.000","hPa","0.82","-0.015","0.00036","-0.00014","0","10","Humid","58.27","1","2500.00","297155.00","SADF0001000082","ABF0.1.0.10","4.0.0.2393","PSt7-10","250224-007","7/27/2025 6:28:56 PM","0000-00","0","no battery","V","","µV","","µV"
"03/05/2026","14:19:57","2","default","813736599","OXY_06","63.966","min","248.545","μmol/L","Humid","20.073","deg","61984","µV","24.105","°C","1017.000","hPa","34.9","pmil","0","55.710","deg","20.000","°C","100.000","%a.s.","22.780","deg","20.000","°C","969.000","hPa","0.82","-0.015","0.00036","-0.00014","0","10","Humid","58.27","1","2500.00","297153.78","SADF0001000082","ABF0.1.0.10","4.0.0.2393","PSt7-10","250224-007","7/27/2025 6:28:56 PM","0000-00","0","no battery","V","","µV","","µV"
"03/05/2026","14:19:59","2","default","813736599","OXY_06","64.000","min","248.502","μmol/L","Humid","20.069","deg","61979","µV","24.123","°C","1017.000","hPa","34.9","pmil","0","55.710","deg","20.000","°C","100.000","%a.s.","22.780","deg","20.000","°C","969.000","hPa","0.82","-0.015","0.00036","-0.00014","0","10","Humid","58.27","1","2500.00","297152.36","SADF0001000082","ABF0.1.0.10","4.0.0.2393","PSt7-10","250224-007","7/27/2025 6:28:56 PM","0000-00","0","no battery","V","","µV","","µV"
"03/05/2026","14:20:01","2","default","813736599","OXY_06","64.033","min","248.568","μmol/L","Humid","20.070","deg","61966","µV","24.111","°C","1017.000","hPa","34.9","pmil","0","55.710","deg","20.000","°C","100.000","%a.s.","22.780","deg","20.000","°C","969.000","hPa","0.82","-0.015","0.00036","-0.00014","0","10","Humid","58.27","1","2500.00","297154.79","SADF0001000082","ABF0.1.0.10","4.0.0.2393","PSt7-10","250224-007","7/27/2025 6:28:56 PM","0000-00","0","no battery","V","","µV","","µV"
"03/05/2026","14:20:03","2","default","813736599","OXY_06","64.066","min","248.568","μmol/L","Humid","20.068","deg","61943","µV","24.117","°C","1017.000","hPa","34.9","pmil","0","55.710","deg","20.000","°C","100.000","%a.s.","22.780","deg","20.000","°C","969.000","hPa","0.82","-0.015","0.00036","-0.00014","0","10","Humid","58.27","1","2500.00","297162.28","SADF0001000082","ABF0.1.0.10","4.0.0.2393","PSt7-10","250224-007","7/27/2025 6:28:56 PM","0000-00","0","no battery","V","","µV","","µV"
"03/05/2026","14:20:05","2","default","813736599","OXY_06","64.100","min","248.636","μmol/L","Humid","20.063","deg","61940","µV","24.123","°C","1017.000","hPa","34.9","pmil","0","55.710","deg","20.000","°C","100.000","%a.s.","22.780","deg","20.000","°C","969.000","hPa","0.82","-0.015","0.00036","-0.00014","0","10","Humid","58.27","1","2500.00","297152.81","SADF0001000082","ABF0.1.0.10","4.0.0.2393","PSt7-10","250224-007","7/27/2025 6:28:56 PM","0000-00","0","no battery","V","","µV","","µV"
"03/05/2026","14:20:07","2","default","813736599","OXY_06","64.133","min","248.702","μmol/L","Humid","20.062","deg","61937","µV","24.117","°C","1017.000","hPa","34.9","pmil","0","55.710","deg","20.000","°C","100.000","%a.s.","22.780","deg","20.000","°C","969.000","hPa","0.82","-0.015","0.00036","-0.00014","0","10","Humid","58.27","1","2500.00","297158.93","SADF0001000082","ABF0.1.0.10","4.0.0.2393","PSt7-10","250224-007","7/27/2025 6:28:56 PM","0000-00","0","no battery","V","","µV","","µV"
"03/05/2026","14:20:09","2","default","813736599","OXY_06","64.167","min","248.924","μmol/L","Humid","20.054","deg","61921","µV","24.111","°C","1017.000","hPa","34.9","pmil","0","55.710","deg","20.000","°C","100.000","%a.s.","22.780","deg","20.000","°C","969.000","hPa","0.82","-0.015","0.00036","-0.00014","0","10","Humid","58.27","1","2500.00","297148.54","SADF0001000082","ABF0.1.0.10","4.0.0.2393","PSt7-10","250224-007","7/27/2025 6:28:56 PM","0000-00","0","no battery","V","","µV","","µV"
"03/05/2026","14:20:11","2","default","813736599","OXY_06","64.200","min","248.945","μmol/L","Humid","20.057","deg","61910","µV","24.098","°C","1017.000","hPa","34.9","pmil","0","55.710","deg","20.000","°C","100.000","%a.s.","22.780","deg","20.000","°C","969.000","hPa","0.82","-0.015","0.00036","-0.00014","0","10","Humid","58.27","1","2500.00","297158.32","SADF0001000082","ABF0.1.0.10","4.0.0.2393","PSt7-10","250224-007","7/27/2025 6:28:56 PM","0000-00","0","no battery","V","","µV","","µV"
"03/05/2026","14:20:13","2","default","813736599","OXY_06","64.233","min","249.055","μmol/L","Humid","20.054","deg","61901","µV","24.092","°C","1017.000","hPa","34.9","pmil","0","55.710","deg","20.000","°C","100.000","%a.s.","22.780","deg","20.000","°C","969.000","hPa","0.82","-0.015","0.00036","-0.00014","0","10","Humid","58.27","1","2500.00","297165.91","SADF0001000082","ABF0.1.0.10","4.0.0.2393","PSt7-10","250224-007","7/27/2025 6:28:56 PM","0000-00","0","no battery","V","","µV","","µV"
"03/05/2026","14:20:15","2","default","813736599","OXY_06","64.267","min","248.969","μmol/L","Humid","20.052","deg","61891","µV","24.111","°C","1017.000","hPa","34.9","pmil","0","55.710","deg","20.000","°C","100.000","%a.s.","22.780","deg","20.000","°C","969.000","hPa","0.82","-0.015","0.00036","-0.00014","0","10","Humid","58.27","1","2500.00","297156.17","SADF0001000082","ABF0.1.0.10","4.0.0.2393","PSt7-10","250224-007","7/27/2025 6:28:56 PM","0000-00","0","no battery","V","","µV","","µV"
"03/05/2026","14:20:17","2","default","813736599","OXY_06","64.299","min","249.102","μmol/L","Humid","20.048","deg","61884","µV","24.105","°C","1017.000","hPa","34.9","pmil","0","55.710","deg","20.000","°C","100.000","%a.s.","22.780","deg","20.000","°C","969.000","hPa","0.82","-0.015","0.00036","-0.00014","0","10","Humid","58.27","1","2500.00","297151.59","SADF0001000082","ABF0.1.0.10","4.0.0.2393","PSt7-10","250224-007","7/27/2025 6:28:56 PM","0000-00","0","no battery","V","","µV","","µV"
"03/05/2026","14:20:19","2","default","813736599","OXY_06","64.333","min","249.258","μmol/L","Humid","20.041","deg","61876","µV","24.105","°C","1017.000","hPa","34.9","pmil","0","55.710","deg","20.000","°C","100.000","%a.s.","22.780","deg","20.000","°C","969.000","hPa","0.82","-0.015","0.00036","-0.00014","0","10","Humid","58.27","1","2500.00","297163.18","SADF0001000082","ABF0.1.0.10","4.0.0.2393","PSt7-10","250224-007","7/27/2025 6:28:56 PM","0000-00","0","no battery","V","","µV","","µV"
"03/05/2026","14:20:21","2","default","813736599","OXY_06","64.367","min","249.212","μmol/L","Humid","20.045","deg","61862","µV","24.098","°C","1017.000","hPa","34.9","pmil","0","55.710","deg","20.000","°C","100.000","%a.s.","22.780","deg","20.000","°C","969.000","hPa","0.82","-0.015","0.00036","-0.00014","0","10","Humid","58.27","1","2500.00","297165.84","SADF0001000082","ABF0.1.0.10","4.0.0.2393","PSt7-10","250224-007","7/27/2025 6:28:56 PM","0000-00","0","no battery","V","","µV","","µV"
"03/05/2026","14:20:23","2","default","813736599","OXY_06","64.400","min","249.303","μmol/L","Humid","20.039","deg","61852","µV","24.105","°C","1017.000","hPa","34.9","pmil","0","55.710","deg","20.000","°C","100.000","%a.s.","22.780","deg","20.000","°C","969.000","hPa","0.82","-0.015","0.00036","-0.00014","0","10","Humid","58.27","1","2500.00","297162.90","SADF0001000082","ABF0.1.0.10","4.0.0.2393","PSt7-10","250224-007","7/27/2025 6:28:56 PM","0000-00","0","no battery","V","","µV","","µV"
"03/05/2026","14:20:25","2","default","813736599","OXY_06","64.433","min","249.414","μmol/L","Humid","20.036","deg","61850","µV","24.098","°C","1017.000","hPa","34.9","pmil","0","55.710","deg","20.000","°C","100.000","%a.s.","22.780","deg","20.000","°C","969.000","hPa","0.82","-0.015","0.00036","-0.00014","0","10","Humid","58.27","1","2500.00","297157.46","SADF0001000082","ABF0.1.0.10","4.0.0.2393","PSt7-10","250224-007","7/27/2025 6:28:56 PM","0000-00","0","no battery","V","","µV","","µV"
"03/05/2026","14:20:27","2","default","813736599","OXY_06","64.466","min","249.393","μmol/L","Humid","20.033","deg","61824","µV","24.111","°C","1017.000","hPa","34.9","pmil","0","55.710","deg","20.000","°C","100.000","%a.s.","22.780","deg","20.000","°C","969.000","hPa","0.82","-0.015","0.00036","-0.00014","0","10","Humid","58.27","1","2500.00","297156.43","SADF0001000082","ABF0.1.0.10","4.0.0.2393","PSt7-10","250224-007","7/27/2025 6:28:56 PM","0000-00","0","no battery","V","","µV","","µV"
"03/05/2026","14:20:29","2","default","813736599","OXY_06","64.500","min","249.437","μmol/L","Humid","20.033","deg","61821","µV","24.105","°C","1017.000","hPa","34.9","pmil","0","55.710","deg","20.000","°C","100.000","%a.s.","22.780","deg","20.000","°C","969.000","hPa","0.82","-0.015","0.00036","-0.00014","0","10","Humid","58.27","1","2500.00","297156.50","SADF0001000082","ABF0.1.0.10","4.0.0.2393","PSt7-10","250224-007","7/27/2025 6:28:56 PM","0000-00","0","no battery","V","","µV","","µV"
"03/05/2026","14:20:31","2","default","813736599","OXY_06","64.533","min","249.548","μmol/L","Humid","20.030","deg","61816","µV","24.098","°C","1017.000","hPa","34.9","pmil","0","55.710","deg","20.000","°C","100.000","%a.s.","22.780","deg","20.000","°C","969.000","hPa","0.82","-0.015","0.00036","-0.00014","0","10","Humid","58.27","1","2500.00","297153.31","SADF0001000082","ABF0.1.0.10","4.0.0.2393","PSt7-10","250224-007","7/27/2025 6:28:56 PM","0000-00","0","no battery","V","","µV","","µV"
"03/05/2026","14:20:33","2","default","813736599","OXY_06","64.566","min","249.617","μmol/L","Humid","20.023","deg","61798","µV","24.111","°C","1017.000","hPa","34.9","pmil","0","55.710","deg","20.000","°C","100.000","%a.s.","22.780","deg","20.000","°C","969.000","hPa","0.82","-0.015","0.00036","-0.00014","0","10","Humid","58.27","1","2500.00","297148.37","SADF0001000082","ABF0.1.0.10","4.0.0.2393","PSt7-10","250224-007","7/27/2025 6:28:56 PM","0000-00","0","no battery","V","","µV","","µV"
"03/05/2026","14:20:35","2","default","813736599","OXY_06","64.600","min","249.552","μmol/L","Humid","20.020","deg","61787","µV","24.129","°C","1017.000","hPa","34.9","pmil","0","55.710","deg","20.000","°C","100.000","%a.s.","22.780","deg","20.000","°C","969.000","hPa","0.82","-0.015","0.00036","-0.00014","0","10","Humid","58.27","1","2500.00","297156.34","SADF0001000082","ABF0.1.0.10","4.0.0.2393","PSt7-10","250224-007","7/27/2025 6:28:56 PM","0000-00","0","no battery","V","","µV","","µV"
"03/05/2026","14:20:37","2","default","813736599","OXY_06","64.633","min","249.528","μmol/L","Humid","20.025","deg","61781","µV","24.117","°C","1017.000","hPa","34.9","pmil","0","55.710","deg","20.000","°C","100.000","%a.s.","22.780","deg","20.000","°C","969.000","hPa","0.82","-0.015","0.00036","-0.00014","0","10","Humid","58.27","1","2500.00","297151.50","SADF0001000082","ABF0.1.0.10","4.0.0.2393","PSt7-10","250224-007","7/27/2025 6:28:56 PM","0000-00","0","no battery","V","","µV","","µV"
"03/05/2026","14:20:39","2","default","813736599","OXY_06","64.667","min","249.595","μmol/L","Humid","20.022","deg","61763","µV","24.117","°C","1017.000","hPa","34.9","pmil","0","55.710","deg","20.000","°C","100.000","%a.s.","22.780","deg","20.000","°C","969.000","hPa","0.82","-0.015","0.00036","-0.00014","0","10","Humid","58.27","1","2500.00","297158.80","SADF0001000082","ABF0.1.0.10","4.0.0.2393","PSt7-10","250224-007","7/27/2025 6:28:56 PM","0000-00","0","no battery","V","","µV","","µV"
"03/05/2026","14:20:41","2","default","813736599","OXY_06","64.700","min","249.927","μmol/L","Humid","20.017","deg","61758","µV","24.086","°C","1017.000","hPa","34.9","pmil","0","55.710","deg","20.000","°C","100.000","%a.s.","22.780","deg","20.000","°C","969.000","hPa","0.82","-0.015","0.00036","-0.00014","0","10","Humid","58.27","1","2500.00","297154.82","SADF0001000082","ABF0.1.0.10","4.0.0.2393","PSt7-10","250224-007","7/27/2025 6:28:56 PM","0000-00","0","no battery","V","","µV","","µV"
"03/05/2026","14:20:43","2","default","813736599","OXY_06","64.733","min","249.927","μmol/L","Humid","20.015","deg","61749","µV","24.092","°C","1017.000","hPa","34.9","pmil","0","55.710","deg","20.000","°C","100.000","%a.s.","22.780","deg","20.000","°C","969.000","hPa","0.82","-0.015","0.00036","-0.00014","0","10","Humid","58.27","1","2500.00","297166.18","SADF0001000082","ABF0.1.0.10","4.0.0.2393","PSt7-10","250224-007","7/27/2025 6:28:56 PM","0000-00","0","no battery","V","","µV","","µV"
"03/05/2026","14:20:45","2","default","813736599","OXY_06","64.767","min","250.086","μmol/L","Humid","20.004","deg","61742","µV","24.105","°C","1017.000","hPa","34.9","pmil","0","55.710","deg","20.000","°C","100.000","%a.s.","22.780","deg","20.000","°C","969.000","hPa","0.82","-0.015","0.00036","-0.00014","0","10","Humid","58.27","1","2500.00","297161.84","SADF0001000082","ABF0.1.0.10","4.0.0.2393","PSt7-10","250224-007","7/27/2025 6:28:56 PM","0000-00","0","no battery","V","","µV","","µV"
"03/05/2026","14:20:47","2","default","813736599","OXY_06","64.800","min","250.019","μmol/L","Humid","20.007","deg","61727","µV","24.105","°C","1017.000","hPa","34.9","pmil","0","55.710","deg","20.000","°C","100.000","%a.s.","22.780","deg","20.000","°C","969.000","hPa","0.82","-0.015","0.00036","-0.00014","0","10","Humid","58.27","1","2500.00","297152.86","SADF0001000082","ABF0.1.0.10","4.0.0.2393","PSt7-10","250224-007","7/27/2025 6:28:56 PM","0000-00","0","no battery","V","","µV","","µV"
"03/05/2026","14:20:49","2","default","813736599","OXY_06","64.833","min","249.954","μmol/L","Humid","20.004","deg","61720","µV","24.123","°C","1017.000","hPa","34.9","pmil","0","55.710","deg","20.000","°C","100.000","%a.s.","22.780","deg","20.000","°C","969.000","hPa","0.82","-0.015","0.00036","-0.00014","0","10","Humid","58.27","1","2500.00","297158.80","SADF0001000082","ABF0.1.0.10","4.0.0.2393","PSt7-10","250224-007","7/27/2025 6:28:56 PM","0000-00","0","no battery","V","","µV","","µV"
"03/05/2026","14:20:51","2","default","813736599","OXY_06","64.866","min","250.331","μmol/L","Humid","19.997","deg","61710","µV","24.092","°C","1017.000","hPa","34.9","pmil","0","55.710","deg","20.000","°C","100.000","%a.s.","22.780","deg","20.000","°C","969.000","hPa","0.82","-0.015","0.00036","-0.00014","0","10","Humid","58.27","1","2500.00","297149.70","SADF0001000082","ABF0.1.0.10","4.0.0.2393","PSt7-10","250224-007","7/27/2025 6:28:56 PM","0000-00","0","no battery","V","","µV","","µV"
"03/05/2026","14:20:53","2","default","813736599","OXY_06","64.900","min","250.198","μmol/L","Humid","19.999","deg","61697","µV","24.105","°C","1017.000","hPa","34.9","pmil","0","55.710","deg","20.000","°C","100.000","%a.s.","22.780","deg","20.000","°C","969.000","hPa","0.82","-0.015","0.00036","-0.00014","0","10","Humid","58.27","1","2500.00","297154.25","SADF0001000082","ABF0.1.0.10","4.0.0.2393","PSt7-10","250224-007","7/27/2025 6:28:56 PM","0000-00","0","no battery","V","","µV","","µV"
"03/05/2026","14:20:55","2","default","813736599","OXY_06","64.933","min","250.267","μmol/L","Humid","19.994","deg","61689","µV","24.111","°C","1017.000","hPa","34.9","pmil","0","55.710","deg","20.000","°C","100.000","%a.s.","22.780","deg","20.000","°C","969.000","hPa","0.82","-0.015","0.00036","-0.00014","0","10","Humid","58.27","1","2500.00","297138.76","SADF0001000082","ABF0.1.0.10","4.0.0.2393","PSt7-10","250224-007","7/27/2025 6:28:56 PM","0000-00","0","no battery","V","","µV","","µV"
"03/05/2026","14:20:57","2","default","813736599","OXY_06","64.967","min","250.375","μmol/L","Humid","19.997","deg","61682","µV","24.086","°C","1017.000","hPa","34.9","pmil","0","55.710","deg","20.000","°C","100.000","%a.s.","22.780","deg","20.000","°C","969.000","hPa","0.82","-0.015","0.00036","-0.00014","0","10","Humid","58.27","1","2500.00","297162.83","SADF0001000082","ABF0.1.0.10","4.0.0.2393","PSt7-10","250224-007","7/27/2025 6:28:56 PM","0000-00","0","no battery","V","","µV","","µV"
"03/05/2026","14:20:59","2","default","813736599","OXY_06","65.000","min","250.380","μmol/L","Humid","19.987","deg","61671","µV","24.117","°C","1017.000","hPa","34.9","pmil","0","55.710","deg","20.000","°C","100.000","%a.s.","22.780","deg","20.000","°C","969.000","hPa","0.82","-0.015","0.00036","-0.00014","0","10","Humid","58.27","1","2500.00","297159.85","SADF0001000082","ABF0.1.0.10","4.0.0.2393","PSt7-10","250224-007","7/27/2025 6:28:56 PM","0000-00","0","no battery","V","","µV","","µV"
"03/05/2026","14:21:01","2","default","813736599","OXY_06","65.033","min","250.515","μmol/L","Humid","19.981","deg","61659","µV","24.117","°C","1017.000","hPa","34.9","pmil","0","55.710","deg","20.000","°C","100.000","%a.s.","22.780","deg","20.000","°C","969.000","hPa","0.82","-0.015","0.00036","-0.00014","0","10","Humid","58.27","1","2500.00","297151.99","SADF0001000082","ABF0.1.0.10","4.0.0.2393","PSt7-10","250224-007","7/27/2025 6:28:56 PM","0000-00","0","no battery","V","","µV","","µV"
"03/05/2026","14:21:03","2","default","813736599","OXY_06","65.067","min","250.513","μmol/L","Humid","19.985","deg","61651","µV","24.105","°C","1017.000","hPa","34.9","pmil","0","55.710","deg","20.000","°C","100.000","%a.s.","22.780","deg","20.000","°C","969.000","hPa","0.82","-0.015","0.00036","-0.00014","0","10","Humid","58.27","1","2500.00","297148.80","SADF0001000082","ABF0.1.0.10","4.0.0.2393","PSt7-10","250224-007","7/27/2025 6:28:56 PM","0000-00","0","no battery","V","","µV","","µV"
"03/05/2026","14:21:05","2","default","813736599","OXY_06","65.100","min","250.471","μmol/L","Humid","19.981","deg","61642","µV","24.123","°C","1017.000","hPa","34.9","pmil","0","55.710","deg","20.000","°C","100.000","%a.s.","22.780","deg","20.000","°C","969.000","hPa","0.82","-0.015","0.00036","-0.00014","0","10","Humid","58.27","1","2500.00","297152.19","SADF0001000082","ABF0.1.0.10","4.0.0.2393","PSt7-10","250224-007","7/27/2025 6:28:56 PM","0000-00","0","no battery","V","","µV","","µV"
"03/05/2026","14:21:07","2","default","813736599","OXY_06","65.133","min","250.625","μmol/L","Humid","19.980","deg","61635","µV","24.105","°C","1017.000","hPa","34.9","pmil","0","55.710","deg","20.000","°C","100.000","%a.s.","22.780","deg","20.000","°C","969.000","hPa","0.82","-0.015","0.00036","-0.00014","0","10","Humid","58.27","1","2500.00","297146.01","SADF0001000082","ABF0.1.0.10","4.0.0.2393","PSt7-10","250224-007","7/27/2025 6:28:56 PM","0000-00","0","no battery","V","","µV","","µV"
"03/05/2026","14:21:09","2","default","813736599","OXY_06","65.167","min","250.581","μmol/L","Humid","19.980","deg","61629","µV","24.111","°C","1017.000","hPa","34.9","pmil","0","55.710","deg","20.000","°C","100.000","%a.s.","22.780","deg","20.000","°C","969.000","hPa","0.82","-0.015","0.00036","-0.00014","0","10","Humid","58.27","1","2500.00","297155.37","SADF0001000082","ABF0.1.0.10","4.0.0.2393","PSt7-10","250224-007","7/27/2025 6:28:56 PM","0000-00","0","no battery","V","","µV","","µV"
"03/05/2026","14:21:11","2","default","813736599","OXY_06","65.200","min","250.538","μmol/L","Humid","19.978","deg","61617","µV","24.123","°C","1017.000","hPa","34.9","pmil","0","55.710","deg","20.000","°C","100.000","%a.s.","22.780","deg","20.000","°C","969.000","hPa","0.82","-0.015","0.00036","-0.00014","0","10","Humid","58.27","1","2500.00","297160.68","SADF0001000082","ABF0.1.0.10","4.0.0.2393","PSt7-10","250224-007","7/27/2025 6:28:56 PM","0000-00","0","no battery","V","","µV","","µV"
"03/05/2026","14:21:13","2","default","813736599","OXY_06","65.233","min","250.695","μmol/L","Humid","19.973","deg","61604","µV","24.117","°C","1017.000","hPa","34.9","pmil","0","55.710","deg","20.000","°C","100.000","%a.s.","22.780","deg","20.000","°C","969.000","hPa","0.82","-0.015","0.00036","-0.00014","0","10","Humid","58.27","1","2500.00","297153.01","SADF0001000082","ABF0.1.0.10","4.0.0.2393","PSt7-10","250224-007","7/27/2025 6:28:56 PM","0000-00","0","no battery","V","","µV","","µV"
"03/05/2026","14:21:15","2","default","813736599","OXY_06","65.266","min","250.784","μmol/L","Humid","19.971","deg","61601","µV","24.111","°C","1017.000","hPa","34.9","pmil","0","55.710","deg","20.000","°C","100.000","%a.s.","22.780","deg","20.000","°C","969.000","hPa","0.82","-0.015","0.00036","-0.00014","0","10","Humid","58.27","1","2500.00","297147.36","SADF0001000082","ABF0.1.0.10","4.0.0.2393","PSt7-10","250224-007","7/27/2025 6:28:56 PM","0000-00","0","no battery","V","","µV","","µV"
"03/05/2026","14:21:17","2","default","813736599","OXY_06","65.300","min","250.830","μmol/L","Humid","19.967","deg","61583","µV","24.117","°C","1017.000","hPa","34.9","pmil","0","55.710","deg","20.000","°C","100.000","%a.s.","22.780","deg","20.000","°C","969.000","hPa","0.82","-0.015","0.00036","-0.00014","0","10","Humid","58.27","1","2500.00","297150.20","SADF0001000082","ABF0.1.0.10","4.0.0.2393","PSt7-10","250224-007","7/27/2025 6:28:56 PM","0000-00","0","no battery","V","","µV","","µV"
"03/05/2026","14:21:19","2","default","813736599","OXY_06","65.334","min","250.876","μmol/L","Humid","19.963","deg","61577","µV","24.123","°C","1017.000","hPa","34.9","pmil","0","55.710","deg","20.000","°C","100.000","%a.s.","22.780","deg","20.000","°C","969.000","hPa","0.82","-0.015","0.00036","-0.00014","0","10","Humid","58.27","1","2500.00","297155.33","SADF0001000082","ABF0.1.0.10","4.0.0.2393","PSt7-10","250224-007","7/27/2025 6:28:56 PM","0000-00","0","no battery","V","","µV","","µV"
"03/05/2026","14:21:21","2","default","813736599","OXY_06","65.366","min","251.097","μmol/L","Humid","19.961","deg","61562","µV","24.098","°C","1017.000","hPa","34.9","pmil","0","55.710","deg","20.000","°C","100.000","%a.s.","22.780","deg","20.000","°C","969.000","hPa","0.82","-0.015","0.00036","-0.00014","0","10","Humid","58.27","1","2500.00","297148.55","SADF0001000082","ABF0.1.0.10","4.0.0.2393","PSt7-10","250224-007","7/27/2025 6:28:56 PM","0000-00","0","no battery","V","","µV","","µV"
"03/05/2026","14:21:23","2","default","813736599","OXY_06","65.400","min","250.943","μmol/L","Humid","19.960","deg","61552","µV","24.123","°C","1017.000","hPa","34.9","pmil","0","55.710","deg","20.000","°C","100.000","%a.s.","22.780","deg","20.000","°C","969.000","hPa","0.82","-0.015","0.00036","-0.00014","0","10","Humid","58.27","1","2500.00","297152.39","SADF0001000082","ABF0.1.0.10","4.0.0.2393","PSt7-10","250224-007","7/27/2025 6:28:56 PM","0000-00","0","no battery","V","","µV","","µV"
"03/05/2026","14:21:25","2","default","813736599","OXY_06","65.434","min","251.007","μmol/L","Humid","19.965","deg","61548","µV","24.098","°C","1017.000","hPa","34.9","pmil","0","55.710","deg","20.000","°C","100.000","%a.s.","22.780","deg","20.000","°C","969.000","hPa","0.82","-0.015","0.00036","-0.00014","0","10","Humid","58.27","1","2500.00","297142.18","SADF0001000082","ABF0.1.0.10","4.0.0.2393","PSt7-10","250224-007","7/27/2025 6:28:56 PM","0000-00","0","no battery","V","","µV","","µV"
"03/05/2026","14:21:27","2","default","813736599","OXY_06","65.467","min","251.033","μmol/L","Humid","19.956","deg","61536","µV","24.123","°C","1017.000","hPa","34.9","pmil","0","55.710","deg","20.000","°C","100.000","%a.s.","22.780","deg","20.000","°C","969.000","hPa","0.82","-0.015","0.00036","-0.00014","0","10","Humid","58.27","1","2500.00","297144.33","SADF0001000082","ABF0.1.0.10","4.0.0.2393","PSt7-10","250224-007","7/27/2025 6:28:56 PM","0000-00","0","no battery","V","","µV","","µV"
"03/05/2026","14:21:29","2","default","813736599","OXY_06","65.500","min","251.101","μmol/L","Humid","19.953","deg","61531","µV","24.123","°C","1017.000","hPa","34.9","pmil","0","55.710","deg","20.000","°C","100.000","%a.s.","22.780","deg","20.000","°C","969.000","hPa","0.82","-0.015","0.00036","-0.00014","0","10","Humid","58.27","1","2500.00","297148.98","SADF0001000082","ABF0.1.0.10","4.0.0.2393","PSt7-10","250224-007","7/27/2025 6:28:56 PM","0000-00","0","no battery","V","","µV","","µV"
"03/05/2026","14:21:31","2","default","813736599","OXY_06","65.533","min","251.346","μmol/L","Humid","19.948","deg","61519","µV","24.105","°C","1017.000","hPa","34.9","pmil","0","55.710","deg","20.000","°C","100.000","%a.s.","22.780","deg","20.000","°C","969.000","hPa","0.82","-0.015","0.00036","-0.00014","0","10","Humid","58.27","1","2500.00","297146.11","SADF0001000082","ABF0.1.0.10","4.0.0.2393","PSt7-10","250224-007","7/27/2025 6:28:56 PM","0000-00","0","no battery","V","","µV","","µV"
"03/05/2026","14:21:33","2","default","813736599","OXY_06","65.567","min","251.301","μmol/L","Humid","19.950","deg","61504","µV","24.105","°C","1017.000","hPa","34.9","pmil","0","55.710","deg","20.000","°C","100.000","%a.s.","22.780","deg","20.000","°C","969.000","hPa","0.82","-0.015","0.00036","-0.00014","0","10","Humid","58.27","1","2500.00","297139.93","SADF0001000082","ABF0.1.0.10","4.0.0.2393","PSt7-10","250224-007","7/27/2025 6:28:56 PM","0000-00","0","no battery","V","","µV","","µV"
"03/05/2026","14:21:35","2","default","813736599","OXY_06","65.600","min","251.504","μmol/L","Humid","19.941","deg","61497","µV","24.105","°C","1017.000","hPa","34.9","pmil","0","55.710","deg","20.000","°C","100.000","%a.s.","22.780","deg","20.000","°C","969.000","hPa","0.82","-0.015","0.00036","-0.00014","0","10","Humid","58.27","1","2500.00","297142.40","SADF0001000082","ABF0.1.0.10","4.0.0.2393","PSt7-10","250224-007","7/27/2025 6:28:56 PM","0000-00","0","no battery","V","","µV","","µV"
"03/05/2026","14:21:37","2","default","813736599","OXY_06","65.633","min","251.460","μmol/L","Humid","19.941","deg","61485","µV","24.111","°C","1017.000","hPa","34.9","pmil","0","55.710","deg","20.000","°C","100.000","%a.s.","22.780","deg","20.000","°C","969.000","hPa","0.82","-0.015","0.00036","-0.00014","0","10","Humid","58.27","1","2500.00","297142.88","SADF0001000082","ABF0.1.0.10","4.0.0.2393","PSt7-10","250224-007","7/27/2025 6:28:56 PM","0000-00","0","no battery","V","","µV","","µV"
"03/05/2026","14:21:39","2","default","813736599","OXY_06","65.667","min","251.639","μmol/L","Humid","19.937","deg","61476","µV","24.098","°C","1017.000","hPa","34.9","pmil","0","55.710","deg","20.000","°C","100.000","%a.s.","22.780","deg","20.000","°C","969.000","hPa","0.82","-0.015","0.00036","-0.00014","0","10","Humid","58.27","1","2500.00","297132.77","SADF0001000082","ABF0.1.0.10","4.0.0.2393","PSt7-10","250224-007","7/27/2025 6:28:56 PM","0000-00","0","no battery","V","","µV","","µV"
"03/05/2026","14:21:41","2","default","813736599","OXY_06","65.700","min","251.617","μmol/L","Humid","19.936","deg","61468","µV","24.105","°C","1017.000","hPa","34.9","pmil","0","55.710","deg","20.000","°C","100.000","%a.s.","22.780","deg","20.000","°C","969.000","hPa","0.82","-0.015","0.00036","-0.00014","0","10","Humid","58.27","1","2500.00","297135.36","SADF0001000082","ABF0.1.0.10","4.0.0.2393","PSt7-10","250224-007","7/27/2025 6:28:56 PM","0000-00","0","no battery","V","","µV","","µV"
"03/05/2026","14:21:43","2","default","813736599","OXY_06","65.733","min","251.751","μmol/L","Humid","19.934","deg","61454","µV","24.092","°C","1017.000","hPa","34.9","pmil","0","55.710","deg","20.000","°C","100.000","%a.s.","22.780","deg","20.000","°C","969.000","hPa","0.82","-0.015","0.00036","-0.00014","0","10","Humid","58.27","1","2500.00","297141.31","SADF0001000082","ABF0.1.0.10","4.0.0.2393","PSt7-10","250224-007","7/27/2025 6:28:56 PM","0000-00","0","no battery","V","","µV","","µV"
"03/05/2026","14:21:45","2","default","813736599","OXY_06","65.766","min","251.798","μmol/L","Humid","19.928","deg","61447","µV","24.105","°C","1017.000","hPa","34.9","pmil","0","55.710","deg","20.000","°C","100.000","%a.s.","22.780","deg","20.000","°C","969.000","hPa","0.82","-0.015","0.00036","-0.00014","0","10","Humid","58.27","1","2500.00","297146.98","SADF0001000082","ABF0.1.0.10","4.0.0.2393","PSt7-10","250224-007","7/27/2025 6:28:56 PM","0000-00","0","no battery","V","","µV","","µV"
"03/05/2026","14:21:47","2","default","813736599","OXY_06","65.800","min","251.754","μmol/L","Humid","19.928","deg","61440","µV","24.111","°C","1017.000","hPa","34.9","pmil","0","55.710","deg","20.000","°C","100.000","%a.s.","22.780","deg","20.000","°C","969.000","hPa","0.82","-0.015","0.00036","-0.00014","0","10","Humid","58.27","1","2500.00","297145.18","SADF0001000082","ABF0.1.0.10","4.0.0.2393","PSt7-10","250224-007","7/27/2025 6:28:56 PM","0000-00","0","no battery","V","","µV","","µV"
"03/05/2026","14:21:49","2","default","813736599","OXY_06","65.833","min","251.934","μmol/L","Humid","19.922","deg","61425","µV","24.105","°C","1017.000","hPa","34.9","pmil","0","55.710","deg","20.000","°C","100.000","%a.s.","22.780","deg","20.000","°C","969.000","hPa","0.82","-0.015","0.00036","-0.00014","0","10","Humid","58.27","1","2500.00","297144.60","SADF0001000082","ABF0.1.0.10","4.0.0.2393","PSt7-10","250224-007","7/27/2025 6:28:56 PM","0000-00","0","no battery","V","","µV","","µV"
"03/05/2026","14:21:51","2","default","813736599","OXY_06","65.866","min","251.911","μmol/L","Humid","19.925","deg","61412","µV","24.098","°C","1017.000","hPa","34.9","pmil","0","55.710","deg","20.000","°C","100.000","%a.s.","22.780","deg","20.000","°C","969.000","hPa","0.82","-0.015","0.00036","-0.00014","0","10","Humid","58.27","1","2500.00","297142.43","SADF0001000082","ABF0.1.0.10","4.0.0.2393","PSt7-10","250224-007","7/27/2025 6:28:56 PM","0000-00","0","no battery","V","","µV","","µV"
"03/05/2026","14:21:53","2","default","813736599","OXY_06","65.900","min","251.911","μmol/L","Humid","19.923","deg","61406","µV","24.105","°C","1017.000","hPa","34.9","pmil","0","55.710","deg","20.000","°C","100.000","%a.s.","22.780","deg","20.000","°C","969.000","hPa","0.82","-0.015","0.00036","-0.00014","0","10","Humid","58.27","1","2500.00","297141.44","SADF0001000082","ABF0.1.0.10","4.0.0.2393","PSt7-10","250224-007","7/27/2025 6:28:56 PM","0000-00","0","no battery","V","","µV","","µV"
"03/05/2026","14:21:55","2","default","813736599","OXY_06","65.933","min","252.092","μmol/L","Humid","19.917","deg","61404","µV","24.098","°C","1017.000","hPa","34.9","pmil","0","55.710","deg","20.000","°C","100.000","%a.s.","22.780","deg","20.000","°C","969.000","hPa","0.82","-0.015","0.00036","-0.00014","0","10","Humid","58.27","1","2500.00","297147.49","SADF0001000082","ABF0.1.0.10","4.0.0.2393","PSt7-10","250224-007","7/27/2025 6:28:56 PM","0000-00","0","no battery","V","","µV","","µV"
"03/05/2026","14:21:57","2","default","813736599","OXY_06","65.967","min","252.182","μmol/L","Humid","19.913","deg","61384","µV","24.098","°C","1017.000","hPa","34.9","pmil","0","55.710","deg","20.000","°C","100.000","%a.s.","22.780","deg","20.000","°C","969.000","hPa","0.82","-0.015","0.00036","-0.00014","0","10","Humid","58.27","1","2500.00","297148.19","SADF0001000082","ABF0.1.0.10","4.0.0.2393","PSt7-10","250224-007","7/27/2025 6:28:56 PM","0000-00","0","no battery","V","","µV","","µV"
"03/05/2026","14:21:59","2","default","813736599","OXY_06","66.000","min","251.960","μmol/L","Humid","19.915","deg","61373","µV","24.123","°C","1017.000","hPa","34.9","pmil","0","55.710","deg","20.000","°C","100.000","%a.s.","22.780","deg","20.000","°C","969.000","hPa","0.82","-0.015","0.00036","-0.00014","0","10","Humid","58.27","1","2500.00","297142.00","SADF0001000082","ABF0.1.0.10","4.0.0.2393","PSt7-10","250224-007","7/27/2025 6:28:56 PM","0000-00","0","no battery","V","","µV","","µV"
"03/05/2026","14:22:01","2","default","813736599","OXY_06","66.033","min","252.185","μmol/L","Humid","19.907","deg","61360","µV","24.117","°C","1017.000","hPa","34.9","pmil","0","55.710","deg","20.000","°C","100.000","%a.s.","22.780","deg","20.000","°C","969.000","hPa","0.82","-0.015","0.00036","-0.00014","0","10","Humid","58.27","1","2500.00","297148.56","SADF0001000082","ABF0.1.0.10","4.0.0.2393","PSt7-10","250224-007","7/27/2025 6:28:56 PM","0000-00","0","no battery","V","","µV","","µV"
"03/05/2026","14:22:03","2","default","813736599","OXY_06","66.067","min","252.298","μmol/L","Humid","19.904","deg","61358","µV","24.111","°C","1017.000","hPa","34.9","pmil","0","55.710","deg","20.000","°C","100.000","%a.s.","22.780","deg","20.000","°C","969.000","hPa","0.82","-0.015","0.00036","-0.00014","0","10","Humid","58.27","1","2500.00","297141.00","SADF0001000082","ABF0.1.0.10","4.0.0.2393","PSt7-10","250224-007","7/27/2025 6:28:56 PM","0000-00","0","no battery","V","","µV","","µV"
"03/05/2026","14:22:05","2","default","813736599","OXY_06","66.100","min","252.341","μmol/L","Humid","19.906","deg","61348","µV","24.098","°C","1017.000","hPa","34.9","pmil","0","55.710","deg","20.000","°C","100.000","%a.s.","22.780","deg","20.000","°C","969.000","hPa","0.82","-0.015","0.00036","-0.00014","0","10","Humid","58.27","1","2500.00","297151.77","SADF0001000082","ABF0.1.0.10","4.0.0.2393","PSt7-10","250224-007","7/27/2025 6:28:56 PM","0000-00","0","no battery","V","","µV","","µV"
"03/05/2026","14:22:07","2","default","813736599","OXY_06","66.133","min","252.411","μmol/L","Humid","19.899","deg","61342","µV","24.111","°C","1017.000","hPa","34.9","pmil","0","55.710","deg","20.000","°C","100.000","%a.s.","22.780","deg","20.000","°C","969.000","hPa","0.82","-0.015","0.00036","-0.00014","0","10","Humid","58.27","1","2500.00","297140.57","SADF0001000082","ABF0.1.0.10","4.0.0.2393","PSt7-10","250224-007","7/27/2025 6:28:56 PM","0000-00","0","no battery","V","","µV","","µV"
"03/05/2026","14:22:09","2","default","813736599","OXY_06","66.167","min","252.636","μmol/L","Humid","19.893","deg","61321","µV","24.098","°C","1017.000","hPa","34.9","pmil","0","55.710","deg","20.000","°C","100.000","%a.s.","22.780","deg","20.000","°C","969.000","hPa","0.82","-0.015","0.00036","-0.00014","0","10","Humid","58.27","1","2500.00","297135.64","SADF0001000082","ABF0.1.0.10","4.0.0.2393","PSt7-10","250224-007","7/27/2025 6:28:56 PM","0000-00","0","no battery","V","","µV","","µV"
"03/05/2026","14:22:11","2","default","813736599","OXY_06","66.200","min","252.593","μmol/L","Humid","19.891","deg","61320","µV","24.111","°C","1017.000","hPa","34.9","pmil","0","55.710","deg","20.000","°C","100.000","%a.s.","22.780","deg","20.000","°C","969.000","hPa","0.82","-0.015","0.00036","-0.00014","0","10","Humid","58.27","1","2500.00","297134.52","SADF0001000082","ABF0.1.0.10","4.0.0.2393","PSt7-10","250224-007","7/27/2025 6:28:56 PM","0000-00","0","no battery","V","","µV","","µV"
"03/05/2026","14:22:13","2","default","813736599","OXY_06","66.233","min","252.569","μmol/L","Humid","19.894","deg","61310","µV","24.105","°C","1017.000","hPa","34.9","pmil","0","55.710","deg","20.000","°C","100.000","%a.s.","22.780","deg","20.000","°C","969.000","hPa","0.82","-0.015","0.00036","-0.00014","0","10","Humid","58.27","1","2500.00","297145.23","SADF0001000082","ABF0.1.0.10","4.0.0.2393","PSt7-10","250224-007","7/27/2025 6:28:56 PM","0000-00","0","no battery","V","","µV","","µV"
"03/05/2026","14:22:15","2","default","813736599","OXY_06","66.266","min","252.839","μmol/L","Humid","19.888","deg","61305","µV","24.086","°C","1017.000","hPa","34.9","pmil","0","55.710","deg","20.000","°C","100.000","%a.s.","22.780","deg","20.000","°C","969.000","hPa","0.82","-0.015","0.00036","-0.00014","0","10","Humid","58.27","1","2500.00","297143.58","SADF0001000082","ABF0.1.0.10","4.0.0.2393","PSt7-10","250224-007","7/27/2025 6:28:56 PM","0000-00","0","no battery","V","","µV","","µV"
"03/05/2026","14:22:17","2","default","813736599","OXY_06","66.300","min","252.661","μmol/L","Humid","19.888","deg","61291","µV","24.111","°C","1017.000","hPa","34.9","pmil","0","55.710","deg","20.000","°C","100.000","%a.s.","22.780","deg","20.000","°C","969.000","hPa","0.82","-0.015","0.00036","-0.00014","0","10","Humid","58.27","1","2500.00","297136.97","SADF0001000082","ABF0.1.0.10","4.0.0.2393","PSt7-10","250224-007","7/27/2025 6:28:56 PM","0000-00","0","no battery","V","","µV","","µV"
"03/05/2026","14:22:19","2","default","813736599","OXY_06","66.333","min","252.797","μmol/L","Humid","19.882","deg","61274","µV","24.111","°C","1017.000","hPa","34.9","pmil","0","55.710","deg","20.000","°C","100.000","%a.s.","22.780","deg","20.000","°C","969.000","hPa","0.82","-0.015","0.00036","-0.00014","0","10","Humid","58.27","1","2500.00","297138.50","SADF0001000082","ABF0.1.0.10","4.0.0.2393","PSt7-10","250224-007","7/27/2025 6:28:56 PM","0000-00","0","no battery","V","","µV","","µV"
"03/05/2026","14:22:21","2","default","813736599","OXY_06","66.367","min","253.089","μmol/L","Humid","19.877","deg","61263","µV","24.086","°C","1017.000","hPa","34.9","pmil","0","55.710","deg","20.000","°C","100.000","%a.s.","22.780","deg","20.000","°C","969.000","hPa","0.82","-0.015","0.00036","-0.00014","0","10","Humid","58.27","1","2500.00","297143.31","SADF0001000082","ABF0.1.0.10","4.0.0.2393","PSt7-10","250224-007","7/27/2025 6:28:56 PM","0000-00","0","no battery","V","","µV","","µV"
"03/05/2026","14:22:23","2","default","813736599","OXY_06","66.400","min","253.180","μmol/L","Humid","19.873","deg","61259","µV","24.086","°C","1017.000","hPa","34.9","pmil","0","55.710","deg","20.000","°C","100.000","%a.s.","22.780","deg","20.000","°C","969.000","hPa","0.82","-0.015","0.00036","-0.00014","0","10","Humid","58.27","1","2500.00","297144.10","SADF0001000082","ABF0.1.0.10","4.0.0.2393","PSt7-10","250224-007","7/27/2025 6:28:56 PM","0000-00","0","no battery","V","","µV","","µV"
"03/05/2026","14:22:25","2","default","813736599","OXY_06","66.433","min","253.180","μmol/L","Humid","19.873","deg","61241","µV","24.086","°C","1017.000","hPa","34.9","pmil","0","55.710","deg","20.000","°C","100.000","%a.s.","22.780","deg","20.000","°C","969.000","hPa","0.82","-0.015","0.00036","-0.00014","0","10","Humid","58.27","1","2500.00","297143.26","SADF0001000082","ABF0.1.0.10","4.0.0.2393","PSt7-10","250224-007","7/27/2025 6:28:56 PM","0000-00","0","no battery","V","","µV","","µV"
"03/05/2026","14:22:27","2","default","813736599","OXY_06","66.467","min","253.002","μmol/L","Humid","19.873","deg","61231","µV","24.111","°C","1017.000","hPa","34.9","pmil","0","55.710","deg","20.000","°C","100.000","%a.s.","22.780","deg","20.000","°C","969.000","hPa","0.82","-0.015","0.00036","-0.00014","0","10","Humid","58.27","1","2500.00","297142.37","SADF0001000082","ABF0.1.0.10","4.0.0.2393","PSt7-10","250224-007","7/27/2025 6:28:56 PM","0000-00","0","no battery","V","","µV","","µV"
"03/05/2026","14:22:29","2","default","813736599","OXY_06","66.500","min","253.003","μmol/L","Humid","19.871","deg","61222","µV","24.117","°C","1017.000","hPa","34.9","pmil","0","55.710","deg","20.000","°C","100.000","%a.s.","22.780","deg","20.000","°C","969.000","hPa","0.82","-0.015","0.00036","-0.00014","0","10","Humid","58.27","1","2500.00","297140.50","SADF0001000082","ABF0.1.0.10","4.0.0.2393","PSt7-10","250224-007","7/27/2025 6:28:56 PM","0000-00","0","no battery","V","","µV","","µV"
"03/05/2026","14:22:31","2","default","813736599","OXY_06","66.533","min","253.386","μmol/L","Humid","19.862","deg","61221","µV","24.092","°C","1017.000","hPa","34.9","pmil","0","55.710","deg","20.000","°C","100.000","%a.s.","22.780","deg","20.000","°C","969.000","hPa","0.82","-0.015","0.00036","-0.00014","0","10","Humid","58.27","1","2500.00","297134.14","SADF0001000082","ABF0.1.0.10","4.0.0.2393","PSt7-10","250224-007","7/27/2025 6:28:56 PM","0000-00","0","no battery","V","","µV","","µV"
"03/05/2026","14:22:33","2","default","813736599","OXY_06","66.567","min","253.454","μmol/L","Humid","19.861","deg","61199","µV","24.086","°C","1017.000","hPa","34.9","pmil","0","55.710","deg","20.000","°C","100.000","%a.s.","22.780","deg","20.000","°C","969.000","hPa","0.82","-0.015","0.00036","-0.00014","0","10","Humid","58.27","1","2500.00","297126.11","SADF0001000082","ABF0.1.0.10","4.0.0.2393","PSt7-10","250224-007","7/27/2025 6:28:56 PM","0000-00","0","no battery","V","","µV","","µV"
"03/05/2026","14:22:35","2","default","813736599","OXY_06","66.600","min","253.499","μmol/L","Humid","19.859","deg","61190","µV","24.086","°C","1017.000","hPa","34.9","pmil","0","55.710","deg","20.000","°C","100.000","%a.s.","22.780","deg","20.000","°C","969.000","hPa","0.82","-0.015","0.00036","-0.00014","0","10","Humid","58.27","1","2500.00","297137.26","SADF0001000082","ABF0.1.0.10","4.0.0.2393","PSt7-10","250224-007","7/27/2025 6:28:56 PM","0000-00","0","no battery","V","","µV","","µV"
"03/05/2026","14:22:37","2","default","813736599","OXY_06","66.633","min","253.503","μmol/L","Humid","19.853","deg","61182","µV","24.105","°C","1017.000","hPa","34.9","pmil","0","55.710","deg","20.000","°C","100.000","%a.s.","22.780","deg","20.000","°C","969.000","hPa","0.82","-0.015","0.00036","-0.00014","0","10","Humid","58.27","1","2500.00","297137.43","SADF0001000082","ABF0.1.0.10","4.0.0.2393","PSt7-10","250224-007","7/27/2025 6:28:56 PM","0000-00","0","no battery","V","","µV","","µV"
"03/05/2026","14:22:39","2","default","813736599","OXY_06","66.667","min","253.480","μmol/L","Humid","19.854","deg","61172","µV","24.105","°C","1017.000","hPa","34.9","pmil","0","55.710","deg","20.000","°C","100.000","%a.s.","22.780","deg","20.000","°C","969.000","hPa","0.82","-0.015","0.00036","-0.00014","0","10","Humid","58.27","1","2500.00","297136.71","SADF0001000082","ABF0.1.0.10","4.0.0.2393","PSt7-10","250224-007","7/27/2025 6:28:56 PM","0000-00","0","no battery","V","","µV","","µV"
"03/05/2026","14:22:41","2","default","813736599","OXY_06","66.700","min","253.503","μmol/L","Humid","19.853","deg","61150","µV","24.105","°C","1017.000","hPa","34.9","pmil","0","55.710","deg","20.000","°C","100.000","%a.s.","22.780","deg","20.000","°C","969.000","hPa","0.82","-0.015","0.00036","-0.00014","0","10","Humid","58.27","1","2500.00","297132.12","SADF0001000082","ABF0.1.0.10","4.0.0.2393","PSt7-10","250224-007","7/27/2025 6:28:56 PM","0000-00","0","no battery","V","","µV","","µV"
"03/05/2026","14:22:43","2","default","813736599","OXY_06","66.733","min","253.663","μmol/L","Humid","19.844","deg","61146","µV","24.111","°C","1017.000","hPa","34.9","pmil","0","55.710","deg","20.000","°C","100.000","%a.s.","22.780","deg","20.000","°C","969.000","hPa","0.82","-0.015","0.00036","-0.00014","0","10","Humid","58.27","1","2500.00","297125.60","SADF0001000082","ABF0.1.0.10","4.0.0.2393","PSt7-10","250224-007","7/27/2025 6:28:56 PM","0000-00","0","no battery","V","","µV","","µV"
"03/05/2026","14:22:45","2","default","813736599","OXY_06","66.766","min","253.867","μmol/L","Humid","19.839","deg","61138","µV","24.098","°C","1017.000","hPa","34.9","pmil","0","55.710","deg","20.000","°C","100.000","%a.s.","22.780","deg","20.000","°C","969.000","hPa","0.82","-0.015","0.00036","-0.00014","0","10","Humid","58.27","1","2500.00","297129.64","SADF0001000082","ABF0.1.0.10","4.0.0.2393","PSt7-10","250224-007","7/27/2025 6:28:56 PM","0000-00","0","no battery","V","","µV","","µV"
"03/05/2026","14:22:47","2","default","813736599","OXY_06","66.800","min","253.798","μmol/L","Humid","19.842","deg","61124","µV","24.098","°C","1017.000","hPa","34.9","pmil","0","55.710","deg","20.000","°C","100.000","%a.s.","22.780","deg","20.000","°C","969.000","hPa","0.82","-0.015","0.00036","-0.00014","0","10","Humid","58.27","1","2500.00","297132.03","SADF0001000082","ABF0.1.0.10","4.0.0.2393","PSt7-10","250224-007","7/27/2025 6:28:56 PM","0000-00","0","no battery","V","","µV","","µV"
"03/05/2026","14:22:49","2","default","813736599","OXY_06","66.833","min","254.094","μmol/L","Humid","19.833","deg","61110","µV","24.086","°C","1017.000","hPa","34.9","pmil","0","55.710","deg","20.000","°C","100.000","%a.s.","22.780","deg","20.000","°C","969.000","hPa","0.82","-0.015","0.00036","-0.00014","0","10","Humid","58.27","1","2500.00","297129.57","SADF0001000082","ABF0.1.0.10","4.0.0.2393","PSt7-10","250224-007","7/27/2025 6:28:56 PM","0000-00","0","no battery","V","","µV","","µV"
"03/05/2026","14:22:51","2","default","813736599","OXY_06","66.866","min","253.868","μmol/L","Humid","19.837","deg","61109","µV","24.105","°C","1017.000","hPa","34.9","pmil","0","55.710","deg","20.000","°C","100.000","%a.s.","22.780","deg","20.000","°C","969.000","hPa","0.82","-0.015","0.00036","-0.00014","0","10","Humid","58.27","1","2500.00","297139.71","SADF0001000082","ABF0.1.0.10","4.0.0.2393","PSt7-10","250224-007","7/27/2025 6:28:56 PM","0000-00","0","no battery","V","","µV","","µV"
"03/05/2026","14:22:53","2","default","813736599","OXY_06","66.900","min","253.981","μmol/L","Humid","19.834","deg","61097","µV","24.098","°C","1017.000","hPa","34.9","pmil","0","55.710","deg","20.000","°C","100.000","%a.s.","22.780","deg","20.000","°C","969.000","hPa","0.82","-0.015","0.00036","-0.00014","0","10","Humid","58.27","1","2500.00","297142.57","SADF0001000082","ABF0.1.0.10","4.0.0.2393","PSt7-10","250224-007","7/27/2025 6:28:56 PM","0000-00","0","no battery","V","","µV","","µV"
"03/05/2026","14:22:55","2","default","813736599","OXY_06","66.933","min","254.006","μmol/L","Humid","19.829","deg","61089","µV","24.111","°C","1017.000","hPa","34.9","pmil","0","55.710","deg","20.000","°C","100.000","%a.s.","22.780","deg","20.000","°C","969.000","hPa","0.82","-0.015","0.00036","-0.00014","0","10","Humid","58.27","1","2500.00","297132.30","SADF0001000082","ABF0.1.0.10","4.0.0.2393","PSt7-10","250224-007","7/27/2025 6:28:56 PM","0000-00","0","no battery","V","","µV","","µV"
"03/05/2026","14:22:57","2","default","813736599","OXY_06","66.967","min","254.071","μmol/L","Humid","19.834","deg","61076","µV","24.086","°C","1017.000","hPa","34.9","pmil","0","55.710","deg","20.000","°C","100.000","%a.s.","22.780","deg","20.000","°C","969.000","hPa","0.82","-0.015","0.00036","-0.00014","0","10","Humid","58.27","1","2500.00","297134.23","SADF0001000082","ABF0.1.0.10","4.0.0.2393","PSt7-10","250224-007","7/27/2025 6:28:56 PM","0000-00","0","no battery","V","","µV","","µV"
"03/05/2026","14:22:59","2","default","813736599","OXY_06","67.000","min","254.142","μmol/L","Humid","19.827","deg","61066","µV","24.098","°C","1017.000","hPa","34.9","pmil","0","55.710","deg","20.000","°C","100.000","%a.s.","22.780","deg","20.000","°C","969.000","hPa","0.82","-0.015","0.00036","-0.00014","0","10","Humid","58.27","1","2500.00","297134.50","SADF0001000082","ABF0.1.0.10","4.0.0.2393","PSt7-10","250224-007","7/27/2025 6:28:56 PM","0000-00","0","no battery","V","","µV","","µV"
"03/05/2026","14:23:01","2","default","813736599","OXY_06","67.033","min","254.278","μmol/L","Humid","19.823","deg","61054","µV","24.092","°C","1017.000","hPa","34.9","pmil","0","55.710","deg","20.000","°C","100.000","%a.s.","22.780","deg","20.000","°C","969.000","hPa","0.82","-0.015","0.00036","-0.00014","0","10","Humid","58.27","1","2500.00","297130.72","SADF0001000082","ABF0.1.0.10","4.0.0.2393","PSt7-10","250224-007","7/27/2025 6:28:56 PM","0000-00","0","no battery","V","","µV","","µV"
"03/05/2026","14:23:03","2","default","813736599","OXY_06","67.067","min","254.258","μmol/L","Humid","19.818","deg","61042","µV","24.111","°C","1017.000","hPa","34.9","pmil","0","55.710","deg","20.000","°C","100.000","%a.s.","22.780","deg","20.000","°C","969.000","hPa","0.82","-0.015","0.00036","-0.00014","0","10","Humid","58.27","1","2500.00","297133.14","SADF0001000082","ABF0.1.0.10","4.0.0.2393","PSt7-10","250224-007","7/27/2025 6:28:56 PM","0000-00","0","no battery","V","","µV","","µV"
"03/05/2026","14:23:05","2","default","813736599","OXY_06","67.100","min","254.527","μmol/L","Humid","19.818","deg","61031","µV","24.074","°C","1017.000","hPa","34.9","pmil","0","55.710","deg","20.000","°C","100.000","%a.s.","22.780","deg","20.000","°C","969.000","hPa","0.82","-0.015","0.00036","-0.00014","0","10","Humid","58.27","1","2500.00","297118.74","SADF0001000082","ABF0.1.0.10","4.0.0.2393","PSt7-10","250224-007","7/27/2025 6:28:56 PM","0000-00","0","no battery","V","","µV","","µV"
"03/05/2026","14:23:07","2","default","813736599","OXY_06","67.134","min","254.507","μmol/L","Humid","19.813","deg","61029","µV","24.092","°C","1017.000","hPa","34.9","pmil","0","55.710","deg","20.000","°C","100.000","%a.s.","22.780","deg","20.000","°C","969.000","hPa","0.82","-0.015","0.00036","-0.00014","0","10","Humid","58.27","1","2500.00","297130.09","SADF0001000082","ABF0.1.0.10","4.0.0.2393","PSt7-10","250224-007","7/27/2025 6:28:56 PM","0000-00","0","no battery","V","","µV","","µV"
"03/05/2026","14:23:09","2","default","813736599","OXY_06","67.167","min","254.598","μmol/L","Humid","19.811","deg","61015","µV","24.086","°C","1017.000","hPa","34.9","pmil","0","55.710","deg","20.000","°C","100.000","%a.s.","22.780","deg","20.000","°C","969.000","hPa","0.82","-0.015","0.00036","-0.00014","0","10","Humid","58.27","1","2500.00","297134.42","SADF0001000082","ABF0.1.0.10","4.0.0.2393","PSt7-10","250224-007","7/27/2025 6:28:56 PM","0000-00","0","no battery","V","","µV","","µV"
"03/05/2026","14:23:11","2","default","813736599","OXY_06","67.199","min","254.782","μmol/L","Humid","19.801","deg","60998","µV","24.092","°C","1017.000","hPa","34.9","pmil","0","55.710","deg","20.000","°C","100.000","%a.s.","22.780","deg","20.000","°C","969.000","hPa","0.82","-0.015","0.00036","-0.00014","0","10","Humid","58.27","1","2500.00","297132.22","SADF0001000082","ABF0.1.0.10","4.0.0.2393","PSt7-10","250224-007","7/27/2025 6:28:56 PM","0000-00","0","no battery","V","","µV","","µV"
"03/05/2026","14:23:13","2","default","813736599","OXY_06","67.233","min","254.511","μmol/L","Humid","19.805","deg","60980","µV","24.117","°C","1017.000","hPa","34.9","pmil","0","55.710","deg","20.000","°C","100.000","%a.s.","22.780","deg","20.000","°C","969.000","hPa","0.82","-0.015","0.00036","-0.00014","0","10","Humid","58.27","1","2500.00","297123.87","SADF0001000082","ABF0.1.0.10","4.0.0.2393","PSt7-10","250224-007","7/27/2025 6:28:56 PM","0000-00","0","no battery","V","","µV","","µV"
"03/05/2026","14:23:15","2","default","813736599","OXY_06","67.267","min","254.851","μmol/L","Humid","19.798","deg","60976","µV","24.092","°C","1017.000","hPa","34.9","pmil","0","55.710","deg","20.000","°C","100.000","%a.s.","22.780","deg","20.000","°C","969.000","hPa","0.82","-0.015","0.00036","-0.00014","0","10","Humid","58.27","1","2500.00","297131.40","SADF0001000082","ABF0.1.0.10","4.0.0.2393","PSt7-10","250224-007","7/27/2025 6:28:56 PM","0000-00","0","no battery","V","","µV","","µV"
"03/05/2026","14:23:17","2","default","813736599","OXY_06","67.300","min","254.808","μmol/L","Humid","19.796","deg","60965","µV","24.105","°C","1017.000","hPa","34.9","pmil","0","55.710","deg","20.000","°C","100.000","%a.s.","22.780","deg","20.000","°C","969.000","hPa","0.82","-0.015","0.00036","-0.00014","0","10","Humid","58.27","1","2500.00","297128.70","SADF0001000082","ABF0.1.0.10","4.0.0.2393","PSt7-10","250224-007","7/27/2025 6:28:56 PM","0000-00","0","no battery","V","","µV","","µV"
"03/05/2026","14:23:19","2","default","813736599","OXY_06","67.333","min","254.625","μmol/L","Humid","19.802","deg","60959","µV","24.111","°C","1017.000","hPa","34.9","pmil","0","55.710","deg","20.000","°C","100.000","%a.s.","22.780","deg","20.000","°C","969.000","hPa","0.82","-0.015","0.00036","-0.00014","0","10","Humid","58.27","1","2500.00","297137.81","SADF0001000082","ABF0.1.0.10","4.0.0.2393","PSt7-10","250224-007","7/27/2025 6:28:56 PM","0000-00","0","no battery","V","","µV","","µV"
"03/05/2026","14:23:21","2","default","813736599","OXY_06","67.366","min","254.809","μmol/L","Humid","19.794","deg","60952","µV","24.111","°C","1017.000","hPa","34.9","pmil","0","55.710","deg","20.000","°C","100.000","%a.s.","22.780","deg","20.000","°C","969.000","hPa","0.82","-0.015","0.00036","-0.00014","0","10","Humid","58.27","1","2500.00","297125.73","SADF0001000082","ABF0.1.0.10","4.0.0.2393","PSt7-10","250224-007","7/27/2025 6:28:56 PM","0000-00","0","no battery","V","","µV","","µV"
"03/05/2026","14:23:23","2","default","813736599","OXY_06","67.400","min","254.943","μmol/L","Humid","19.794","deg","60936","µV","24.092","°C","1017.000","hPa","34.9","pmil","0","55.710","deg","20.000","°C","100.000","%a.s.","22.780","deg","20.000","°C","969.000","hPa","0.82","-0.015","0.00036","-0.00014","0","10","Humid","58.27","1","2500.00","297129.23","SADF0001000082","ABF0.1.0.10","4.0.0.2393","PSt7-10","250224-007","7/27/2025 6:28:56 PM","0000-00","0","no battery","V","","µV","","µV"
"03/05/2026","14:23:25","2","default","813736599","OXY_06","67.433","min","255.173","μmol/L","Humid","19.784","deg","60922","µV","24.092","°C","1017.000","hPa","34.9","pmil","0","55.710","deg","20.000","°C","100.000","%a.s.","22.780","deg","20.000","°C","969.000","hPa","0.82","-0.015","0.00036","-0.00014","0","10","Humid","58.27","1","2500.00","297121.42","SADF0001000082","ABF0.1.0.10","4.0.0.2393","PSt7-10","250224-007","7/27/2025 6:28:56 PM","0000-00","0","no battery","V","","µV","","µV"
"03/05/2026","14:23:27","2","default","813736599","OXY_06","67.467","min","255.196","μmol/L","Humid","19.783","deg","60908","µV","24.092","°C","1017.000","hPa","34.9","pmil","0","55.710","deg","20.000","°C","100.000","%a.s.","22.780","deg","20.000","°C","969.000","hPa","0.82","-0.015","0.00036","-0.00014","0","10","Humid","58.27","1","2500.00","297131.96","SADF0001000082","ABF0.1.0.10","4.0.0.2393","PSt7-10","250224-007","7/27/2025 6:28:56 PM","0000-00","0","no battery","V","","µV","","µV"
"03/05/2026","14:23:29","2","default","813736599","OXY_06","67.500","min","255.128","μmol/L","Humid","19.784","deg","60905","µV","24.098","°C","1017.000","hPa","34.9","pmil","0","55.710","deg","20.000","°C","100.000","%a.s.","22.780","deg","20.000","°C","969.000","hPa","0.82","-0.015","0.00036","-0.00014","0","10","Humid","58.27","1","2500.00","297128.89","SADF0001000082","ABF0.1.0.10","4.0.0.2393","PSt7-10","250224-007","7/27/2025 6:28:56 PM","0000-00","0","no battery","V","","µV","","µV"
"03/05/2026","14:23:31","2","default","813736599","OXY_06","67.533","min","255.199","μmol/L","Humid","19.779","deg","60890","µV","24.105","°C","1017.000","hPa","34.9","pmil","0","55.710","deg","20.000","°C","100.000","%a.s.","22.780","deg","20.000","°C","969.000","hPa","0.82","-0.015","0.00036","-0.00014","0","10","Humid","58.27","1","2500.00","297114.20","SADF0001000082","ABF0.1.0.10","4.0.0.2393","PSt7-10","250224-007","7/27/2025 6:28:56 PM","0000-00","0","no battery","V","","µV","","µV"
"03/05/2026","14:23:33","2","default","813736599","OXY_06","67.566","min","255.491","μmol/L","Humid","19.778","deg","60883","µV","24.068","°C","1017.000","hPa","34.9","pmil","0","55.710","deg","20.000","°C","100.000","%a.s.","22.780","deg","20.000","°C","969.000","hPa","0.82","-0.015","0.00036","-0.00014","0","10","Humid","58.27","1","2500.00","297118.63","SADF0001000082","ABF0.1.0.10","4.0.0.2393","PSt7-10","250224-007","7/27/2025 6:28:56 PM","0000-00","0","no battery","V","","µV","","µV"
"03/05/2026","14:23:35","2","default","813736599","OXY_06","67.600","min","255.495","μmol/L","Humid","19.772","deg","60875","µV","24.086","°C","1017.000","hPa","34.9","pmil","0","55.710","deg","20.000","°C","100.000","%a.s.","22.780","deg","20.000","°C","969.000","hPa","0.82","-0.015","0.00036","-0.00014","0","10","Humid","58.27","1","2500.00","297118.37","SADF0001000082","ABF0.1.0.10","4.0.0.2393","PSt7-10","250224-007","7/27/2025 6:28:56 PM","0000-00","0","no battery","V","","µV","","µV"
"03/05/2026","14:23:37","2","default","813736599","OXY_06","67.634","min","255.473","μmol/L","Humid","19.771","deg","60859","µV","24.092","°C","1017.000","hPa","34.9","pmil","0","55.710","deg","20.000","°C","100.000","%a.s.","22.780","deg","20.000","°C","969.000","hPa","0.82","-0.015","0.00036","-0.00014","0","10","Humid","58.27","1","2500.00","297123.58","SADF0001000082","ABF0.1.0.10","4.0.0.2393","PSt7-10","250224-007","7/27/2025 6:28:56 PM","0000-00","0","no battery","V","","µV","","µV"
"03/05/2026","14:23:39","2","default","813736599","OXY_06","67.666","min","255.542","μmol/L","Humid","19.768","deg","60855","µV","24.092","°C","1017.000","hPa","34.9","pmil","0","55.710","deg","20.000","°C","100.000","%a.s.","22.780","deg","20.000","°C","969.000","hPa","0.82","-0.015","0.00036","-0.00014","0","10","Humid","58.27","1","2500.00","297122.91","SADF0001000082","ABF0.1.0.10","4.0.0.2393","PSt7-10","250224-007","7/27/2025 6:28:56 PM","0000-00","0","no battery","V","","µV","","µV"
"03/05/2026","14:23:41","2","default","813736599","OXY_06","67.700","min","255.655","μmol/L","Humid","19.767","deg","60843","µV","24.080","°C","1017.000","hPa","34.9","pmil","0","55.710","deg","20.000","°C","100.000","%a.s.","22.780","deg","20.000","°C","969.000","hPa","0.82","-0.015","0.00036","-0.00014","0","10","Humid","58.27","1","2500.00","297134.48","SADF0001000082","ABF0.1.0.10","4.0.0.2393","PSt7-10","250224-007","7/27/2025 6:28:56 PM","0000-00","0","no battery","V","","µV","","µV"
"03/05/2026","14:23:43","2","default","813736599","OXY_06","67.733","min","255.566","μmol/L","Humid","19.765","deg","60834","µV","24.098","°C","1017.000","hPa","34.9","pmil","0","55.710","deg","20.000","°C","100.000","%a.s.","22.780","deg","20.000","°C","969.000","hPa","0.82","-0.015","0.00036","-0.00014","0","10","Humid","58.27","1","2500.00","297112.40","SADF0001000082","ABF0.1.0.10","4.0.0.2393","PSt7-10","250224-007","7/27/2025 6:28:56 PM","0000-00","0","no battery","V","","µV","","µV"
"03/05/2026","14:23:45","2","default","813736599","OXY_06","67.766","min","255.611","μmol/L","Humid","19.765","deg","60819","µV","24.092","°C","1017.000","hPa","34.9","pmil","0","55.710","deg","20.000","°C","100.000","%a.s.","22.780","deg","20.000","°C","969.000","hPa","0.82","-0.015","0.00036","-0.00014","0","10","Humid","58.27","1","2500.00","297124.71","SADF0001000082","ABF0.1.0.10","4.0.0.2393","PSt7-10","250224-007","7/27/2025 6:28:56 PM","0000-00","0","no battery","V","","µV","","µV"
"03/05/2026","14:23:47","2","default","813736599","OXY_06","67.800","min","255.819","μmol/L","Humid","19.756","deg","60809","µV","24.092","°C","1017.000","hPa","34.9","pmil","0","55.710","deg","20.000","°C","100.000","%a.s.","22.780","deg","20.000","°C","969.000","hPa","0.82","-0.015","0.00036","-0.00014","0","10","Humid","58.27","1","2500.00","297127.19","SADF0001000082","ABF0.1.0.10","4.0.0.2393","PSt7-10","250224-007","7/27/2025 6:28:56 PM","0000-00","0","no battery","V","","µV","","µV"
"03/05/2026","14:23:49","2","default","813736599","OXY_06","67.833","min","255.774","μmol/L","Humid","19.756","deg","60805","µV","24.098","°C","1017.000","hPa","34.9","pmil","0","55.710","deg","20.000","°C","100.000","%a.s.","22.780","deg","20.000","°C","969.000","hPa","0.82","-0.015","0.00036","-0.00014","0","10","Humid","58.27","1","2500.00","297115.87","SADF0001000082","ABF0.1.0.10","4.0.0.2393","PSt7-10","250224-007","7/27/2025 6:28:56 PM","0000-00","0","no battery","V","","µV","","µV"
"03/05/2026","14:23:51","2","default","813736599","OXY_06","67.867","min","255.932","μmol/L","Humid","19.755","deg","60797","µV","24.080","°C","1017.000","hPa","34.9","pmil","0","55.710","deg","20.000","°C","100.000","%a.s.","22.780","deg","20.000","°C","969.000","hPa","0.82","-0.015","0.00036","-0.00014","0","10","Humid","58.27","1","2500.00","297127.20","SADF0001000082","ABF0.1.0.10","4.0.0.2393","PSt7-10","250224-007","7/27/2025 6:28:56 PM","0000-00","0","no battery","V","","µV","","µV"
"03/05/2026","14:23:53","2","default","813736599","OXY_06","67.900","min","255.821","μmol/L","Humid","19.752","deg","60786","µV","24.105","°C","1017.000","hPa","34.9","pmil","0","55.710","deg","20.000","°C","100.000","%a.s.","22.780","deg","20.000","°C","969.000","hPa","0.82","-0.015","0.00036","-0.00014","0","10","Humid","58.27","1","2500.00","297117.56","SADF0001000082","ABF0.1.0.10","4.0.0.2393","PSt7-10","250224-007","7/27/2025 6:28:56 PM","0000-00","0","no battery","V","","µV","","µV"
"03/05/2026","14:23:55","2","default","813736599","OXY_06","67.933","min","255.913","μmol/L","Humid","19.748","deg","60771","µV","24.105","°C","1017.000","hPa","34.9","pmil","0","55.710","deg","20.000","°C","100.000","%a.s.","22.780","deg","20.000","°C","969.000","hPa","0.82","-0.015","0.00036","-0.00014","0","10","Humid","58.27","1","2500.00","297111.50","SADF0001000082","ABF0.1.0.10","4.0.0.2393","PSt7-10","250224-007","7/27/2025 6:28:56 PM","0000-00","0","no battery","V","","µV","","µV"
"03/05/2026","14:23:57","2","default","813736599","OXY_06","67.967","min","255.960","μmol/L","Humid","19.746","deg","60769","µV","24.105","°C","1017.000","hPa","34.9","pmil","0","55.710","deg","20.000","°C","100.000","%a.s.","22.780","deg","20.000","°C","969.000","hPa","0.82","-0.015","0.00036","-0.00014","0","10","Humid","58.27","1","2500.00","297119.19","SADF0001000082","ABF0.1.0.10","4.0.0.2393","PSt7-10","250224-007","7/27/2025 6:28:56 PM","0000-00","0","no battery","V","","µV","","µV"
"03/05/2026","14:23:59","2","default","813736599","OXY_06","68.000","min","255.985","μmol/L","Humid","19.741","deg","60769","µV","24.117","°C","1017.000","hPa","34.9","pmil","0","55.710","deg","20.000","°C","100.000","%a.s.","22.780","deg","20.000","°C","969.000","hPa","0.82","-0.015","0.00036","-0.00014","0","10","Humid","58.27","1","2500.00","297123.56","SADF0001000082","ABF0.1.0.10","4.0.0.2393","PSt7-10","250224-007","7/27/2025 6:28:56 PM","0000-00","0","no battery","V","","µV","","µV"
"03/05/2026","14:24:01","2","default","813736599","OXY_06","68.033","min","256.141","μmol/L","Humid","19.744","deg","60751","µV","24.086","°C","1017.000","hPa","34.9","pmil","0","55.710","deg","20.000","°C","100.000","%a.s.","22.780","deg","20.000","°C","969.000","hPa","0.82","-0.015","0.00036","-0.00014","0","10","Humid","58.27","1","2500.00","297128.41","SADF0001000082","ABF0.1.0.10","4.0.0.2393","PSt7-10","250224-007","7/27/2025 6:28:56 PM","0000-00","0","no battery","V","","µV","","µV"
"03/05/2026","14:24:03","2","default","813736599","OXY_06","68.066","min","256.214","μmol/L","Humid","19.735","deg","60747","µV","24.105","°C","1017.000","hPa","34.9","pmil","0","55.710","deg","20.000","°C","100.000","%a.s.","22.780","deg","20.000","°C","969.000","hPa","0.82","-0.015","0.00036","-0.00014","0","10","Humid","58.27","1","2500.00","297124.50","SADF0001000082","ABF0.1.0.10","4.0.0.2393","PSt7-10","250224-007","7/27/2025 6:28:56 PM","0000-00","0","no battery","V","","µV","","µV"
"03/05/2026","14:24:05","2","default","813736599","OXY_06","68.100","min","256.417","μmol/L","Humid","19.734","deg","60730","µV","24.080","°C","1017.000","hPa","34.9","pmil","0","55.710","deg","20.000","°C","100.000","%a.s.","22.780","deg","20.000","°C","969.000","hPa","0.82","-0.015","0.00036","-0.00014","0","10","Humid","58.27","1","2500.00","297119.57","SADF0001000082","ABF0.1.0.10","4.0.0.2393","PSt7-10","250224-007","7/27/2025 6:28:56 PM","0000-00","0","no battery","V","","µV","","µV"
"03/05/2026","14:24:07","2","default","813736599","OXY_06","68.133","min","256.533","μmol/L","Humid","19.729","deg","60729","µV","24.080","°C","1017.000","hPa","34.9","pmil","0","55.710","deg","20.000","°C","100.000","%a.s.","22.780","deg","20.000","°C","969.000","hPa","0.82","-0.015","0.00036","-0.00014","0","10","Humid","58.27","1","2500.00","297126.69","SADF0001000082","ABF0.1.0.10","4.0.0.2393","PSt7-10","250224-007","7/27/2025 6:28:56 PM","0000-00","0","no battery","V","","µV","","µV"
"03/05/2026","14:24:09","2","default","813736599","OXY_06","68.166","min","256.582","μmol/L","Humid","19.723","deg","60712","µV","24.092","°C","1017.000","hPa","34.9","pmil","0","55.710","deg","20.000","°C","100.000","%a.s.","22.780","deg","20.000","°C","969.000","hPa","0.82","-0.015","0.00036","-0.00014","0","10","Humid","58.27","1","2500.00","297114.89","SADF0001000082","ABF0.1.0.10","4.0.0.2393","PSt7-10","250224-007","7/27/2025 6:28:56 PM","0000-00","0","no battery","V","","µV","","µV"
"03/05/2026","14:24:11","2","default","813736599","OXY_06","68.200","min","256.761","μmol/L","Humid","19.725","deg","60708","µV","24.061","°C","1017.000","hPa","34.9","pmil","0","55.710","deg","20.000","°C","100.000","%a.s.","22.780","deg","20.000","°C","969.000","hPa","0.82","-0.015","0.00036","-0.00014","0","10","Humid","58.27","1","2500.00","297123.15","SADF0001000082","ABF0.1.0.10","4.0.0.2393","PSt7-10","250224-007","7/27/2025 6:28:56 PM","0000-00","0","no battery","V","","µV","","µV"
"03/05/2026","14:24:13","2","default","813736599","OXY_06","68.233","min","256.422","μmol/L","Humid","19.726","deg","60697","µV","24.105","°C","1017.000","hPa","34.9","pmil","0","55.710","deg","20.000","°C","100.000","%a.s.","22.780","deg","20.000","°C","969.000","hPa","0.82","-0.015","0.00036","-0.00014","0","10","Humid","58.27","1","2500.00","297114.99","SADF0001000082","ABF0.1.0.10","4.0.0.2393","PSt7-10","250224-007","7/27/2025 6:28:56 PM","0000-00","0","no battery","V","","µV","","µV"
"03/05/2026","14:24:15","2","default","813736599","OXY_06","68.266","min","256.584","μmol/L","Humid","19.719","deg","60688","µV","24.105","°C","1017.000","hPa","34.9","pmil","0","55.710","deg","20.000","°C","100.000","%a.s.","22.780","deg","20.000","°C","969.000","hPa","0.82","-0.015","0.00036","-0.00014","0","10","Humid","58.27","1","2500.00","297109.56","SADF0001000082","ABF0.1.0.10","4.0.0.2393","PSt7-10","250224-007","7/27/2025 6:28:56 PM","0000-00","0","no battery","V","","µV","","µV"
"03/05/2026","14:24:17","2","default","813736599","OXY_06","68.300","min","256.559","μmol/L","Humid","19.724","deg","60685","µV","24.092","°C","1017.000","hPa","34.9","pmil","0","55.710","deg","20.000","°C","100.000","%a.s.","22.780","deg","20.000","°C","969.000","hPa","0.82","-0.015","0.00036","-0.00014","0","10","Humid","58.27","1","2500.00","297110.77","SADF0001000082","ABF0.1.0.10","4.0.0.2393","PSt7-10","250224-007","7/27/2025 6:28:56 PM","0000-00","0","no battery","V","","µV","","µV"
"03/05/2026","14:24:19","2","default","813736599","OXY_06","68.334","min","256.560","μmol/L","Humid","19.722","deg","60672","µV","24.098","°C","1017.000","hPa","34.9","pmil","0","55.710","deg","20.000","°C","100.000","%a.s.","22.780","deg","20.000","°C","969.000","hPa","0.82","-0.015","0.00036","-0.00014","0","10","Humid","58.27","1","2500.00","297105.84","SADF0001000082","ABF0.1.0.10","4.0.0.2393","PSt7-10","250224-007","7/27/2025 6:28:56 PM","0000-00","0","no battery","V","","µV","","µV"
"03/05/2026","14:24:21","2","default","813736599","OXY_06","68.366","min","256.811","μmol/L","Humid","19.717","deg","60664","µV","24.080","°C","1017.000","hPa","34.9","pmil","0","55.710","deg","20.000","°C","100.000","%a.s.","22.780","deg","20.000","°C","969.000","hPa","0.82","-0.015","0.00036","-0.00014","0","10","Humid","58.27","1","2500.00","297118.95","SADF0001000082","ABF0.1.0.10","4.0.0.2393","PSt7-10","250224-007","7/27/2025 6:28:56 PM","0000-00","0","no battery","V","","µV","","µV"
"03/05/2026","14:24:23","2","default","813736599","OXY_06","68.400","min","256.700","μmol/L","Humid","19.714","deg","60649","µV","24.105","°C","1017.000","hPa","34.9","pmil","0","55.710","deg","20.000","°C","100.000","%a.s.","22.780","deg","20.000","°C","969.000","hPa","0.82","-0.015","0.00036","-0.00014","0","10","Humid","58.27","1","2500.00","297111.66","SADF0001000082","ABF0.1.0.10","4.0.0.2393","PSt7-10","250224-007","7/27/2025 6:28:56 PM","0000-00","0","no battery","V","","µV","","µV"
"03/05/2026","14:24:25","2","default","813736599","OXY_06","68.433","min","256.817","μmol/L","Humid","19.707","deg","60646","µV","24.111","°C","1017.000","hPa","34.9","pmil","0","55.710","deg","20.000","°C","100.000","%a.s.","22.780","deg","20.000","°C","969.000","hPa","0.82","-0.015","0.00036","-0.00014","0","10","Humid","58.27","1","2500.00","297108.97","SADF0001000082","ABF0.1.0.10","4.0.0.2393","PSt7-10","250224-007","7/27/2025 6:28:56 PM","0000-00","0","no battery","V","","µV","","µV"
"03/05/2026","14:24:27","2","default","813736599","OXY_06","68.467","min","256.949","μmol/L","Humid","19.713","deg","60636","µV","24.074","°C","1017.000","hPa","34.9","pmil","0","55.710","deg","20.000","°C","100.000","%a.s.","22.780","deg","20.000","°C","969.000","hPa","0.82","-0.015","0.00036","-0.00014","0","10","Humid","58.27","1","2500.00","297113.03","SADF0001000082","ABF0.1.0.10","4.0.0.2393","PSt7-10","250224-007","7/27/2025 6:28:56 PM","0000-00","0","no battery","V","","µV","","µV"
"03/05/2026","14:24:29","2","default","813736599","OXY_06","68.500","min","256.838","μmol/L","Humid","19.710","deg","60624","µV","24.098","°C","1017.000","hPa","34.9","pmil","0","55.710","deg","20.000","°C","100.000","%a.s.","22.780","deg","20.000","°C","969.000","hPa","0.82","-0.015","0.00036","-0.00014","0","10","Humid","58.27","1","2500.00","297119.96","SADF0001000082","ABF0.1.0.10","4.0.0.2393","PSt7-10","250224-007","7/27/2025 6:28:56 PM","0000-00","0","no battery","V","","µV","","µV"
"03/05/2026","14:24:31","2","default","813736599","OXY_06","68.533","min","257.140","μmol/L","Humid","19.697","deg","60612","µV","24.098","°C","1017.000","hPa","34.9","pmil","0","55.710","deg","20.000","°C","100.000","%a.s.","22.780","deg","20.000","°C","969.000","hPa","0.82","-0.015","0.00036","-0.00014","0","10","Humid","58.27","1","2500.00","297109.04","SADF0001000082","ABF0.1.0.10","4.0.0.2393","PSt7-10","250224-007","7/27/2025 6:28:56 PM","0000-00","0","no battery","V","","µV","","µV"
"03/05/2026","14:24:33","2","default","813736599","OXY_06","68.567","min","257.001","μmol/L","Humid","19.703","deg","60607","µV","24.098","°C","1017.000","hPa","34.9","pmil","0","55.710","deg","20.000","°C","100.000","%a.s.","22.780","deg","20.000","°C","969.000","hPa","0.82","-0.015","0.00036","-0.00014","0","10","Humid","58.27","1","2500.00","297107.87","SADF0001000082","ABF0.1.0.10","4.0.0.2393","PSt7-10","250224-007","7/27/2025 6:28:56 PM","0000-00","0","no battery","V","","µV","","µV"
"03/05/2026","14:24:35","2","default","813736599","OXY_06","68.600","min","257.300","μmol/L","Humid","19.694","deg","60596","µV","24.086","°C","1017.000","hPa","34.9","pmil","0","55.710","deg","20.000","°C","100.000","%a.s.","22.780","deg","20.000","°C","969.000","hPa","0.82","-0.015","0.00036","-0.00014","0","10","Humid","58.27","1","2500.00","297108.63","SADF0001000082","ABF0.1.0.10","4.0.0.2393","PSt7-10","250224-007","7/27/2025 6:28:56 PM","0000-00","0","no battery","V","","µV","","µV"
"03/05/2026","14:24:37","2","default","813736599","OXY_06","68.633","min","257.185","μmol/L","Humid","19.697","deg","60592","µV","24.092","°C","1017.000","hPa","34.9","pmil","0","55.710","deg","20.000","°C","100.000","%a.s.","22.780","deg","20.000","°C","969.000","hPa","0.82","-0.015","0.00036","-0.00014","0","10","Humid","58.27","1","2500.00","297114.14","SADF0001000082","ABF0.1.0.10","4.0.0.2393","PSt7-10","250224-007","7/27/2025 6:28:56 PM","0000-00","0","no battery","V","","µV","","µV"
"03/05/2026","14:24:39","2","default","813736599","OXY_06","68.666","min","257.255","μmol/L","Humid","19.694","deg","60578","µV","24.092","°C","1017.000","hPa","34.9","pmil","0","55.710","deg","20.000","°C","100.000","%a.s.","22.780","deg","20.000","°C","969.000","hPa","0.82","-0.015","0.00036","-0.00014","0","10","Humid","58.27","1","2500.00","297114.95","SADF0001000082","ABF0.1.0.10","4.0.0.2393","PSt7-10","250224-007","7/27/2025 6:28:56 PM","0000-00","0","no battery","V","","µV","","µV"
"03/05/2026","14:24:41","2","default","813736599","OXY_06","68.700","min","257.441","μmol/L","Humid","19.686","deg","60569","µV","24.092","°C","1017.000","hPa","34.9","pmil","0","55.710","deg","20.000","°C","100.000","%a.s.","22.780","deg","20.000","°C","969.000","hPa","0.82","-0.015","0.00036","-0.00014","0","10","Humid","58.27","1","2500.00","297118.76","SADF0001000082","ABF0.1.0.10","4.0.0.2393","PSt7-10","250224-007","7/27/2025 6:28:56 PM","0000-00","0","no battery","V","","µV","","µV"
"03/05/2026","14:24:43","2","default","813736599","OXY_06","68.734","min","257.395","μmol/L","Humid","19.688","deg","60558","µV","24.092","°C","1017.000","hPa","34.9","pmil","0","55.710","deg","20.000","°C","100.000","%a.s.","22.780","deg","20.000","°C","969.000","hPa","0.82","-0.015","0.00036","-0.00014","0","10","Humid","58.27","1","2500.00","297102.53","SADF0001000082","ABF0.1.0.10","4.0.0.2393","PSt7-10","250224-007","7/27/2025 6:28:56 PM","0000-00","0","no battery","V","","µV","","µV"
"03/05/2026","14:24:45","2","default","813736599","OXY_06","68.767","min","257.488","μmol/L","Humid","19.684","deg","60555","µV","24.092","°C","1017.000","hPa","34.9","pmil","0","55.710","deg","20.000","°C","100.000","%a.s.","22.780","deg","20.000","°C","969.000","hPa","0.82","-0.015","0.00036","-0.00014","0","10","Humid","58.27","1","2500.00","297107.37","SADF0001000082","ABF0.1.0.10","4.0.0.2393","PSt7-10","250224-007","7/27/2025 6:28:56 PM","0000-00","0","no battery","V","","µV","","µV"
"03/05/2026","14:24:47","2","default","813736599","OXY_06","68.800","min","257.466","μmol/L","Humid","19.683","deg","60543","µV","24.098","°C","1017.000","hPa","34.9","pmil","0","55.710","deg","20.000","°C","100.000","%a.s.","22.780","deg","20.000","°C","969.000","hPa","0.82","-0.015","0.00036","-0.00014","0","10","Humid","58.27","1","2500.00","297096.11","SADF0001000082","ABF0.1.0.10","4.0.0.2393","PSt7-10","250224-007","7/27/2025 6:28:56 PM","0000-00","0","no battery","V","","µV","","µV"
"03/05/2026","14:24:49","2","default","813736599","OXY_06","68.833","min","257.419","μmol/L","Humid","19.685","deg","60531","µV","24.098","°C","1017.000","hPa","34.9","pmil","0","55.710","deg","20.000","°C","100.000","%a.s.","22.780","deg","20.000","°C","969.000","hPa","0.82","-0.015","0.00036","-0.00014","0","10","Humid","58.27","1","2500.00","297106.57","SADF0001000082","ABF0.1.0.10","4.0.0.2393","PSt7-10","250224-007","7/27/2025 6:28:56 PM","0000-00","0","no battery","V","","µV","","µV"
"03/05/2026","14:24:51","2","default","813736599","OXY_06","68.867","min","257.763","μmol/L","Humid","19.678","deg","60522","µV","24.074","°C","1017.000","hPa","34.9","pmil","0","55.710","deg","20.000","°C","100.000","%a.s.","22.780","deg","20.000","°C","969.000","hPa","0.82","-0.015","0.00036","-0.00014","0","10","Humid","58.27","1","2500.00","297110.47","SADF0001000082","ABF0.1.0.10","4.0.0.2393","PSt7-10","250224-007","7/27/2025 6:28:56 PM","0000-00","0","no battery","V","","µV","","µV"
"03/05/2026","14:24:53","2","default","813736599","OXY_06","68.900","min","257.718","μmol/L","Humid","19.678","deg","60510","µV","24.080","°C","1017.000","hPa","34.9","pmil","0","55.710","deg","20.000","°C","100.000","%a.s.","22.780","deg","20.000","°C","969.000","hPa","0.82","-0.015","0.00036","-0.00014","0","10","Humid","58.27","1","2500.00","297095.15","SADF0001000082","ABF0.1.0.10","4.0.0.2393","PSt7-10","250224-007","7/27/2025 6:28:56 PM","0000-00","0","no battery","V","","µV","","µV"
"03/05/2026","14:24:55","2","default","813736599","OXY_06","68.933","min","257.743","μmol/L","Humid","19.675","deg","60499","µV","24.086","°C","1017.000","hPa","34.9","pmil","0","55.710","deg","20.000","°C","100.000","%a.s.","22.780","deg","20.000","°C","969.000","hPa","0.82","-0.015","0.00036","-0.00014","0","10","Humid","58.27","1","2500.00","297085.53","SADF0001000082","ABF0.1.0.10","4.0.0.2393","PSt7-10","250224-007","7/27/2025 6:28:56 PM","0000-00","0","no battery","V","","µV","","µV"
"03/05/2026","14:24:57","2","default","813736599","OXY_06","68.967","min","257.838","μmol/L","Humid","19.667","deg","60494","µV","24.098","°C","1017.000","hPa","34.9","pmil","0","55.710","deg","20.000","°C","100.000","%a.s.","22.780","deg","20.000","°C","969.000","hPa","0.82","-0.015","0.00036","-0.00014","0","10","Humid","58.27","1","2500.00","297098.25","SADF0001000082","ABF0.1.0.10","4.0.0.2393","PSt7-10","250224-007","7/27/2025 6:28:56 PM","0000-00","0","no battery","V","","µV","","µV"
"03/05/2026","14:24:59","2","default","813736599","OXY_06","69.000","min","257.907","μmol/L","Humid","19.666","deg","60482","µV","24.092","°C","1017.000","hPa","34.9","pmil","0","55.710","deg","20.000","°C","100.000","%a.s.","22.780","deg","20.000","°C","969.000","hPa","0.82","-0.015","0.00036","-0.00014","0","10","Humid","58.27","1","2500.00","297087.72","SADF0001000082","ABF0.1.0.10","4.0.0.2393","PSt7-10","250224-007","7/27/2025 6:28:56 PM","0000-00","0","no battery","V","","µV","","µV"
"03/05/2026","14:25:01","2","default","813736599","OXY_06","69.033","min","257.998","μmol/L","Humid","19.666","deg","60475","µV","24.080","°C","1017.000","hPa","34.9","pmil","0","55.710","deg","20.000","°C","100.000","%a.s.","22.780","deg","20.000","°C","969.000","hPa","0.82","-0.015","0.00036","-0.00014","0","10","Humid","58.27","1","2500.00","297086.99","SADF0001000082","ABF0.1.0.10","4.0.0.2393","PSt7-10","250224-007","7/27/2025 6:28:56 PM","0000-00","0","no battery","V","","µV","","µV"
"03/05/2026","14:25:03","2","default","813736599","OXY_06","69.066","min","257.911","μmol/L","Humid","19.660","deg","60463","µV","24.111","°C","1017.000","hPa","34.9","pmil","0","55.710","deg","20.000","°C","100.000","%a.s.","22.780","deg","20.000","°C","969.000","hPa","0.82","-0.015","0.00036","-0.00014","0","10","Humid","58.27","1","2500.00","297098.62","SADF0001000082","ABF0.1.0.10","4.0.0.2393","PSt7-10","250224-007","7/27/2025 6:28:56 PM","0000-00","0","no battery","V","","µV","","µV"
"03/05/2026","14:25:05","2","default","813736599","OXY_06","69.100","min","258.000","μmol/L","Humid","19.662","deg","60457","µV","24.092","°C","1017.000","hPa","34.9","pmil","0","55.710","deg","20.000","°C","100.000","%a.s.","22.780","deg","20.000","°C","969.000","hPa","0.82","-0.015","0.00036","-0.00014","0","10","Humid","58.27","1","2500.00","297107.52","SADF0001000082","ABF0.1.0.10","4.0.0.2393","PSt7-10","250224-007","7/27/2025 6:28:56 PM","0000-00","0","no battery","V","","µV","","µV"
"03/05/2026","14:25:07","2","default","813736599","OXY_06","69.134","min","258.164","μmol/L","Humid","19.655","deg","60446","µV","24.092","°C","1017.000","hPa","34.9","pmil","0","55.710","deg","20.000","°C","100.000","%a.s.","22.780","deg","20.000","°C","969.000","hPa","0.82","-0.015","0.00036","-0.00014","0","10","Humid","58.27","1","2500.00","297103.06","SADF0001000082","ABF0.1.0.10","4.0.0.2393","PSt7-10","250224-007","7/27/2025 6:28:56 PM","0000-00","0","no battery","V","","µV","","µV"
"03/05/2026","14:25:09","2","default","813736599","OXY_06","69.166","min","258.185","μmol/L","Humid","19.658","deg","60435","µV","24.080","°C","1017.000","hPa","34.9","pmil","0","55.710","deg","20.000","°C","100.000","%a.s.","22.780","deg","20.000","°C","969.000","hPa","0.82","-0.015","0.00036","-0.00014","0","10","Humid","58.27","1","2500.00","297113.04","SADF0001000082","ABF0.1.0.10","4.0.0.2393","PSt7-10","250224-007","7/27/2025 6:28:56 PM","0000-00","0","no battery","V","","µV","","µV"
"03/05/2026","14:25:11","2","default","813736599","OXY_06","69.200","min","258.349","μmol/L","Humid","19.649","deg","60433","µV","24.086","°C","1017.000","hPa","34.9","pmil","0","55.710","deg","20.000","°C","100.000","%a.s.","22.780","deg","20.000","°C","969.000","hPa","0.82","-0.015","0.00036","-0.00014","0","10","Humid","58.27","1","2500.00","297105.94","SADF0001000082","ABF0.1.0.10","4.0.0.2393","PSt7-10","250224-007","7/27/2025 6:28:56 PM","0000-00","0","no battery","V","","µV","","µV"
"03/05/2026","14:25:13","2","default","813736599","OXY_06","69.234","min","258.395","μmol/L","Humid","19.649","deg","60424","µV","24.080","°C","1017.000","hPa","34.9","pmil","0","55.710","deg","20.000","°C","100.000","%a.s.","22.780","deg","20.000","°C","969.000","hPa","0.82","-0.015","0.00036","-0.00014","0","10","Humid","58.27","1","2500.00","297109.03","SADF0001000082","ABF0.1.0.10","4.0.0.2393","PSt7-10","250224-007","7/27/2025 6:28:56 PM","0000-00","0","no battery","V","","µV","","µV"
"03/05/2026","14:25:15","2","default","813736599","OXY_06","69.266","min","258.421","μmol/L","Humid","19.644","deg","60419","µV","24.092","°C","1017.000","hPa","34.9","pmil","0","55.710","deg","20.000","°C","100.000","%a.s.","22.780","deg","20.000","°C","969.000","hPa","0.82","-0.015","0.00036","-0.00014","0","10","Humid","58.27","1","2500.00","297104.35","SADF0001000082","ABF0.1.0.10","4.0.0.2393","PSt7-10","250224-007","7/27/2025 6:28:56 PM","0000-00","0","no battery","V","","µV","","µV"
"03/05/2026","14:25:17","2","default","813736599","OXY_06","69.300","min","258.581","μmol/L","Humid","19.643","deg","60402","µV","24.074","°C","1017.000","hPa","34.9","pmil","0","55.710","deg","20.000","°C","100.000","%a.s.","22.780","deg","20.000","°C","969.000","hPa","0.82","-0.015","0.00036","-0.00014","0","10","Humid","58.27","1","2500.00","297105.81","SADF0001000082","ABF0.1.0.10","4.0.0.2393","PSt7-10","250224-007","7/27/2025 6:28:56 PM","0000-00","0","no battery","V","","µV","","µV"
"03/05/2026","14:25:19","2","default","813736599","OXY_06","69.333","min","258.417","μmol/L","Humid","19.650","deg","60392","µV","24.074","°C","1017.000","hPa","34.9","pmil","0","55.710","deg","20.000","°C","100.000","%a.s.","22.780","deg","20.000","°C","969.000","hPa","0.82","-0.015","0.00036","-0.00014","0","10","Humid","58.27","1","2500.00","297098.91","SADF0001000082","ABF0.1.0.10","4.0.0.2393","PSt7-10","250224-007","7/27/2025 6:28:56 PM","0000-00","0","no battery","V","","µV","","µV"
"03/05/2026","14:25:21","2","default","813736599","OXY_06","69.367","min","258.583","μmol/L","Humid","19.639","deg","60390","µV","24.086","°C","1017.000","hPa","34.9","pmil","0","55.710","deg","20.000","°C","100.000","%a.s.","22.780","deg","20.000","°C","969.000","hPa","0.82","-0.015","0.00036","-0.00014","0","10","Humid","58.27","1","2500.00","297104.52","SADF0001000082","ABF0.1.0.10","4.0.0.2393","PSt7-10","250224-007","7/27/2025 6:28:56 PM","0000-00","0","no battery","V","","µV","","µV"
"03/05/2026","14:25:23","2","default","813736599","OXY_06","69.399","min","258.585","μmol/L","Humid","19.637","deg","60378","µV","24.092","°C","1017.000","hPa","34.9","pmil","0","55.710","deg","20.000","°C","100.000","%a.s.","22.780","deg","20.000","°C","969.000","hPa","0.82","-0.015","0.00036","-0.00014","0","10","Humid","58.27","1","2500.00","297098.30","SADF0001000082","ABF0.1.0.10","4.0.0.2393","PSt7-10","250224-007","7/27/2025 6:28:56 PM","0000-00","0","no battery","V","","µV","","µV"
"03/05/2026","14:25:25","2","default","813736599","OXY_06","69.433","min","258.724","μmol/L","Humid","19.633","deg","60371","µV","24.086","°C","1017.000","hPa","34.9","pmil","0","55.710","deg","20.000","°C","100.000","%a.s.","22.780","deg","20.000","°C","969.000","hPa","0.82","-0.015","0.00036","-0.00014","0","10","Humid","58.27","1","2500.00","297106.42","SADF0001000082","ABF0.1.0.10","4.0.0.2393","PSt7-10","250224-007","7/27/2025 6:28:56 PM","0000-00","0","no battery","V","","µV","","µV"
"03/05/2026","14:25:27","2","default","813736599","OXY_06","69.467","min","258.746","μmol/L","Humid","19.634","deg","60361","µV","24.080","°C","1017.000","hPa","34.9","pmil","0","55.710","deg","20.000","°C","100.000","%a.s.","22.780","deg","20.000","°C","969.000","hPa","0.82","-0.015","0.00036","-0.00014","0","10","Humid","58.27","1","2500.00","297103.16","SADF0001000082","ABF0.1.0.10","4.0.0.2393","PSt7-10","250224-007","7/27/2025 6:28:56 PM","0000-00","0","no battery","V","","µV","","µV"
"03/05/2026","14:25:29","2","default","813736599","OXY_06","69.500","min","258.747","μmol/L","Humid","19.632","deg","60349","µV","24.086","°C","1017.000","hPa","34.9","pmil","0","55.710","deg","20.000","°C","100.000","%a.s.","22.780","deg","20.000","°C","969.000","hPa","0.82","-0.015","0.00036","-0.00014","0","10","Humid","58.27","1","2500.00","297105.35","SADF0001000082","ABF0.1.0.10","4.0.0.2393","PSt7-10","250224-007","7/27/2025 6:28:56 PM","0000-00","0","no battery","V","","µV","","µV"
"03/05/2026","14:25:31","2","default","813736599","OXY_06","69.533","min","258.724","μmol/L","Humid","19.633","deg","60342","µV","24.086","°C","1017.000","hPa","34.9","pmil","0","55.710","deg","20.000","°C","100.000","%a.s.","22.780","deg","20.000","°C","969.000","hPa","0.82","-0.015","0.00036","-0.00014","0","10","Humid","58.27","1","2500.00","297096.19","SADF0001000082","ABF0.1.0.10","4.0.0.2393","PSt7-10","250224-007","7/27/2025 6:28:56 PM","0000-00","0","no battery","V","","µV","","µV"
"03/05/2026","14:25:33","2","default","813736599","OXY_06","69.566","min","258.773","μmol/L","Humid","19.627","deg","60336","µV","24.098","°C","1017.000","hPa","34.9","pmil","0","55.710","deg","20.000","°C","100.000","%a.s.","22.780","deg","20.000","°C","969.000","hPa","0.82","-0.015","0.00036","-0.00014","0","10","Humid","58.27","1","2500.00","297087.61","SADF0001000082","ABF0.1.0.10","4.0.0.2393","PSt7-10","250224-007","7/27/2025 6:28:56 PM","0000-00","0","no battery","V","","µV","","µV"
"03/05/2026","14:25:35","2","default","813736599","OXY_06","69.600","min","259.027","μmol/L","Humid","19.622","deg","60317","µV","24.080","°C","1017.000","hPa","34.9","pmil","0","55.710","deg","20.000","°C","100.000","%a.s.","22.780","deg","20.000","°C","969.000","hPa","0.82","-0.015","0.00036","-0.00014","0","10","Humid","58.27","1","2500.00","297089.05","SADF0001000082","ABF0.1.0.10","4.0.0.2393","PSt7-10","250224-007","7/27/2025 6:28:56 PM","0000-00","0","no battery","V","","µV","","µV"
"03/05/2026","14:25:37","2","default","813736599","OXY_06","69.633","min","258.982","μmol/L","Humid","19.622","deg","60316","µV","24.086","°C","1017.000","hPa","34.9","pmil","0","55.710","deg","20.000","°C","100.000","%a.s.","22.780","deg","20.000","°C","969.000","hPa","0.82","-0.015","0.00036","-0.00014","0","10","Humid","58.27","1","2500.00","297086.55","SADF0001000082","ABF0.1.0.10","4.0.0.2393","PSt7-10","250224-007","7/27/2025 6:28:56 PM","0000-00","0","no battery","V","","µV","","µV"
"03/05/2026","14:25:39","2","default","813736599","OXY_06","69.666","min","259.120","μmol/L","Humid","19.620","deg","60307","µV","24.074","°C","1017.000","hPa","34.9","pmil","0","55.710","deg","20.000","°C","100.000","%a.s.","22.780","deg","20.000","°C","969.000","hPa","0.82","-0.015","0.00036","-0.00014","0","10","Humid","58.27","1","2500.00","297096.34","SADF0001000082","ABF0.1.0.10","4.0.0.2393","PSt7-10","250224-007","7/27/2025 6:28:56 PM","0000-00","0","no battery","V","","µV","","µV"
"03/05/2026","14:25:41","2","default","813736599","OXY_06","69.700","min","259.143","μmol/L","Humid","19.619","deg","60297","µV","24.074","°C","1017.000","hPa","34.9","pmil","0","55.710","deg","20.000","°C","100.000","%a.s.","22.780","deg","20.000","°C","969.000","hPa","0.82","-0.015","0.00036","-0.00014","0","10","Humid","58.27","1","2500.00","297093.17","SADF0001000082","ABF0.1.0.10","4.0.0.2393","PSt7-10","250224-007","7/27/2025 6:28:56 PM","0000-00","0","no battery","V","","µV","","µV"
"03/05/2026","14:25:43","2","default","813736599","OXY_06","69.733","min","259.009","μmol/L","Humid","19.615","deg","60288","µV","24.105","°C","1017.000","hPa","34.9","pmil","0","55.710","deg","20.000","°C","100.000","%a.s.","22.780","deg","20.000","°C","969.000","hPa","0.82","-0.015","0.00036","-0.00014","0","10","Humid","58.27","1","2500.00","297090.03","SADF0001000082","ABF0.1.0.10","4.0.0.2393","PSt7-10","250224-007","7/27/2025 6:28:56 PM","0000-00","0","no battery","V","","µV","","µV"
"03/05/2026","14:25:45","2","default","813736599","OXY_06","69.766","min","259.149","μmol/L","Humid","19.611","deg","60279","µV","24.098","°C","1017.000","hPa","34.9","pmil","0","55.710","deg","20.000","°C","100.000","%a.s.","22.780","deg","20.000","°C","969.000","hPa","0.82","-0.015","0.00036","-0.00014","0","10","Humid","58.27","1","2500.00","297078.97","SADF0001000082","ABF0.1.0.10","4.0.0.2393","PSt7-10","250224-007","7/27/2025 6:28:56 PM","0000-00","0","no battery","V","","µV","","µV"
"03/05/2026","14:25:47","2","default","813736599","OXY_06","69.800","min","259.240","μmol/L","Humid","19.611","deg","60268","µV","24.086","°C","1017.000","hPa","34.9","pmil","0","55.710","deg","20.000","°C","100.000","%a.s.","22.780","deg","20.000","°C","969.000","hPa","0.82","-0.015","0.00036","-0.00014","0","10","Humid","58.27","1","2500.00","297092.59","SADF0001000082","ABF0.1.0.10","4.0.0.2393","PSt7-10","250224-007","7/27/2025 6:28:56 PM","0000-00","0","no battery","V","","µV","","µV"
"03/05/2026","14:25:49","2","default","813736599","OXY_06","69.833","min","259.357","μmol/L","Humid","19.606","deg","60259","µV","24.086","°C","1017.000","hPa","34.9","pmil","0","55.710","deg","20.000","°C","100.000","%a.s.","22.780","deg","20.000","°C","969.000","hPa","0.82","-0.015","0.00036","-0.00014","0","10","Humid","58.27","1","2500.00","297095.12","SADF0001000082","ABF0.1.0.10","4.0.0.2393","PSt7-10","250224-007","7/27/2025 6:28:56 PM","0000-00","0","no battery","V","","µV","","µV"
"03/05/2026","14:25:51","2","default","813736599","OXY_06","69.867","min","259.426","μmol/L","Humid","19.605","deg","60254","µV","24.080","°C","1017.000","hPa","34.9","pmil","0","55.710","deg","20.000","°C","100.000","%a.s.","22.780","deg","20.000","°C","969.000","hPa","0.82","-0.015","0.00036","-0.00014","0","10","Humid","58.27","1","2500.00","297095.61","SADF0001000082","ABF0.1.0.10","4.0.0.2393","PSt7-10","250224-007","7/27/2025 6:28:56 PM","0000-00","0","no battery","V","","µV","","µV"
"03/05/2026","14:25:53","2","default","813736599","OXY_06","69.900","min","259.684","μmol/L","Humid","19.596","deg","60241","µV","24.074","°C","1017.000","hPa","34.9","pmil","0","55.710","deg","20.000","°C","100.000","%a.s.","22.780","deg","20.000","°C","969.000","hPa","0.82","-0.015","0.00036","-0.00014","0","10","Humid","58.27","1","2500.00","297090.15","SADF0001000082","ABF0.1.0.10","4.0.0.2393","PSt7-10","250224-007","7/27/2025 6:28:56 PM","0000-00","0","no battery","V","","µV","","µV"
"03/05/2026","14:25:55","2","default","813736599","OXY_06","69.933","min","259.430","μmol/L","Humid","19.599","deg","60233","µV","24.098","°C","1017.000","hPa","34.9","pmil","0","55.710","deg","20.000","°C","100.000","%a.s.","22.780","deg","20.000","°C","969.000","hPa","0.82","-0.015","0.00036","-0.00014","0","10","Humid","58.27","1","2500.00","297092.15","SADF0001000082","ABF0.1.0.10","4.0.0.2393","PSt7-10","250224-007","7/27/2025 6:28:56 PM","0000-00","0","no battery","V","","µV","","µV"
"03/05/2026","14:25:57","2","default","813736599","OXY_06","69.967","min","259.776","μmol/L","Humid","19.594","deg","60223","µV","24.068","°C","1017.000","hPa","34.9","pmil","0","55.710","deg","20.000","°C","100.000","%a.s.","22.780","deg","20.000","°C","969.000","hPa","0.82","-0.015","0.00036","-0.00014","0","10","Humid","58.27","1","2500.00","297085.74","SADF0001000082","ABF0.1.0.10","4.0.0.2393","PSt7-10","250224-007","7/27/2025 6:28:56 PM","0000-00","0","no battery","V","","µV","","µV"
"03/05/2026","14:25:59","2","default","813736599","OXY_06","70.000","min","259.710","μmol/L","Humid","19.591","deg","60212","µV","24.086","°C","1017.000","hPa","34.9","pmil","0","55.710","deg","20.000","°C","100.000","%a.s.","22.780","deg","20.000","°C","969.000","hPa","0.82","-0.015","0.00036","-0.00014","0","10","Humid","58.27","1","2500.00","297084.48","SADF0001000082","ABF0.1.0.10","4.0.0.2393","PSt7-10","250224-007","7/27/2025 6:28:56 PM","0000-00","0","no battery","V","","µV","","µV"
"03/05/2026","14:26:01","2","default","813736599","OXY_06","70.034","min","259.663","μmol/L","Humid","19.593","deg","60208","µV","24.086","°C","1017.000","hPa","34.9","pmil","0","55.710","deg","20.000","°C","100.000","%a.s.","22.780","deg","20.000","°C","969.000","hPa","0.82","-0.015","0.00036","-0.00014","0","10","Humid","58.27","1","2500.00","297083.87","SADF0001000082","ABF0.1.0.10","4.0.0.2393","PSt7-10","250224-007","7/27/2025 6:28:56 PM","0000-00","0","no battery","V","","µV","","µV"
"03/05/2026","14:26:03","2","default","813736599","OXY_06","70.066","min","259.750","μmol/L","Humid","19.599","deg","60196","µV","24.055","°C","1017.000","hPa","34.9","pmil","0","55.710","deg","20.000","°C","100.000","%a.s.","22.780","deg","20.000","°C","969.000","hPa","0.82","-0.015","0.00036","-0.00014","0","10","Humid","58.27","1","2500.00","297085.68","SADF0001000082","ABF0.1.0.10","4.0.0.2393","PSt7-10","250224-007","7/27/2025 6:28:56 PM","0000-00","0","no battery","V","","µV","","µV"
"03/05/2026","14:26:05","2","default","813736599","OXY_06","70.100","min","259.757","μmol/L","Humid","19.589","deg","60186","µV","24.086","°C","1017.000","hPa","34.9","pmil","0","55.710","deg","20.000","°C","100.000","%a.s.","22.780","deg","20.000","°C","969.000","hPa","0.82","-0.015","0.00036","-0.00014","0","10","Humid","58.27","1","2500.00","297089.70","SADF0001000082","ABF0.1.0.10","4.0.0.2393","PSt7-10","250224-007","7/27/2025 6:28:56 PM","0000-00","0","no battery","V","","µV","","µV"
"03/05/2026","14:26:07","2","default","813736599","OXY_06","70.134","min","259.781","μmol/L","Humid","19.588","deg","60175","µV","24.086","°C","1017.000","hPa","34.9","pmil","0","55.710","deg","20.000","°C","100.000","%a.s.","22.780","deg","20.000","°C","969.000","hPa","0.82","-0.015","0.00036","-0.00014","0","10","Humid","58.27","1","2500.00","297094.91","SADF0001000082","ABF0.1.0.10","4.0.0.2393","PSt7-10","250224-007","7/27/2025 6:28:56 PM","0000-00","0","no battery","V","","µV","","µV"
"03/05/2026","14:26:09","2","default","813736599","OXY_06","70.166","min","259.922","μmol/L","Humid","19.582","deg","60167","µV","24.086","°C","1017.000","hPa","34.9","pmil","0","55.710","deg","20.000","°C","100.000","%a.s.","22.780","deg","20.000","°C","969.000","hPa","0.82","-0.015","0.00036","-0.00014","0","10","Humid","58.27","1","2500.00","297078.52","SADF0001000082","ABF0.1.0.10","4.0.0.2393","PSt7-10","250224-007","7/27/2025 6:28:56 PM","0000-00","0","no battery","V","","µV","","µV"
"03/05/2026","14:26:11","2","default","813736599","OXY_06","70.200","min","259.947","μmol/L","Humid","19.579","deg","60153","µV","24.092","°C","1017.000","hPa","34.9","pmil","0","55.710","deg","20.000","°C","100.000","%a.s.","22.780","deg","20.000","°C","969.000","hPa","0.82","-0.015","0.00036","-0.00014","0","10","Humid","58.27","1","2500.00","297083.44","SADF0001000082","ABF0.1.0.10","4.0.0.2393","PSt7-10","250224-007","7/27/2025 6:28:56 PM","0000-00","0","no battery","V","","µV","","µV"
"03/05/2026","14:26:13","2","default","813736599","OXY_06","70.233","min","260.013","μmol/L","Humid","19.582","deg","60146","µV","24.074","°C","1017.000","hPa","34.9","pmil","0","55.710","deg","20.000","°C","100.000","%a.s.","22.780","deg","20.000","°C","969.000","hPa","0.82","-0.015","0.00036","-0.00014","0","10","Humid","58.27","1","2500.00","297088.44","SADF0001000082","ABF0.1.0.10","4.0.0.2393","PSt7-10","250224-007","7/27/2025 6:28:56 PM","0000-00","0","no battery","V","","µV","","µV"
"03/05/2026","14:26:15","2","default","813736599","OXY_06","70.267","min","260.134","μmol/L","Humid","19.573","deg","60139","µV","24.086","°C","1017.000","hPa","34.9","pmil","0","55.710","deg","20.000","°C","100.000","%a.s.","22.780","deg","20.000","°C","969.000","hPa","0.82","-0.015","0.00036","-0.00014","0","10","Humid","58.27","1","2500.00","297087.16","SADF0001000082","ABF0.1.0.10","4.0.0.2393","PSt7-10","250224-007","7/27/2025 6:28:56 PM","0000-00","0","no battery","V","","µV","","µV"
"03/05/2026","14:26:17","2","default","813736599","OXY_06","70.300","min","260.087","μmol/L","Humid","19.575","deg","60134","µV","24.086","°C","1017.000","hPa","34.9","pmil","0","55.710","deg","20.000","°C","100.000","%a.s.","22.780","deg","20.000","°C","969.000","hPa","0.82","-0.015","0.00036","-0.00014","0","10","Humid","58.27","1","2500.00","297080.32","SADF0001000082","ABF0.1.0.10","4.0.0.2393","PSt7-10","250224-007","7/27/2025 6:28:56 PM","0000-00","0","no battery","V","","µV","","µV"
"03/05/2026","14:26:19","2","default","813736599","OXY_06","70.333","min","259.950","μmol/L","Humid","19.575","deg","60118","µV","24.105","°C","1017.000","hPa","34.9","pmil","0","55.710","deg","20.000","°C","100.000","%a.s.","22.780","deg","20.000","°C","969.000","hPa","0.82","-0.015","0.00036","-0.00014","0","10","Humid","58.27","1","2500.00","297076.55","SADF0001000082","ABF0.1.0.10","4.0.0.2393","PSt7-10","250224-007","7/27/2025 6:28:56 PM","0000-00","0","no battery","V","","µV","","µV"
"03/05/2026","14:26:21","2","default","813736599","OXY_06","70.367","min","260.343","μmol/L","Humid","19.568","deg","60118","µV","24.074","°C","1017.000","hPa","34.9","pmil","0","55.710","deg","20.000","°C","100.000","%a.s.","22.780","deg","20.000","°C","969.000","hPa","0.82","-0.015","0.00036","-0.00014","0","10","Humid","58.27","1","2500.00","297090.15","SADF0001000082","ABF0.1.0.10","4.0.0.2393","PSt7-10","250224-007","7/27/2025 6:28:56 PM","0000-00","0","no battery","V","","µV","","µV"
"03/05/2026","14:26:23","2","default","813736599","OXY_06","70.400","min","260.392","μmol/L","Humid","19.564","deg","60105","µV","24.080","°C","1017.000","hPa","34.9","pmil","0","55.710","deg","20.000","°C","100.000","%a.s.","22.780","deg","20.000","°C","969.000","hPa","0.82","-0.015","0.00036","-0.00014","0","10","Humid","58.27","1","2500.00","297086.36","SADF0001000082","ABF0.1.0.10","4.0.0.2393","PSt7-10","250224-007","7/27/2025 6:28:56 PM","0000-00","0","no battery","V","","µV","","µV"
"03/05/2026","14:26:25","2","default","813736599","OXY_06","70.433","min","260.299","μmol/L","Humid","19.566","deg","60102","µV","24.086","°C","1017.000","hPa","34.9","pmil","0","55.710","deg","20.000","°C","100.000","%a.s.","22.780","deg","20.000","°C","969.000","hPa","0.82","-0.015","0.00036","-0.00014","0","10","Humid","58.27","1","2500.00","297087.46","SADF0001000082","ABF0.1.0.10","4.0.0.2393","PSt7-10","250224-007","7/27/2025 6:28:56 PM","0000-00","0","no battery","V","","µV","","µV"
"03/05/2026","14:26:27","2","default","813736599","OXY_06","70.467","min","260.414","μmol/L","Humid","19.565","deg","60085","µV","24.074","°C","1017.000","hPa","34.9","pmil","0","55.710","deg","20.000","°C","100.000","%a.s.","22.780","deg","20.000","°C","969.000","hPa","0.82","-0.015","0.00036","-0.00014","0","10","Humid","58.27","1","2500.00","297094.50","SADF0001000082","ABF0.1.0.10","4.0.0.2393","PSt7-10","250224-007","7/27/2025 6:28:56 PM","0000-00","0","no battery","V","","µV","","µV"
"03/05/2026","14:26:29","2","default","813736599","OXY_06","70.500","min","260.420","μmol/L","Humid","19.557","deg","60082","µV","24.098","°C","1017.000","hPa","34.9","pmil","0","55.710","deg","20.000","°C","100.000","%a.s.","22.780","deg","20.000","°C","969.000","hPa","0.82","-0.015","0.00036","-0.00014","0","10","Humid","58.27","1","2500.00","297083.19","SADF0001000082","ABF0.1.0.10","4.0.0.2393","PSt7-10","250224-007","7/27/2025 6:28:56 PM","0000-00","0","no battery","V","","µV","","µV"
"03/05/2026","14:26:31","2","default","813736599","OXY_06","70.533","min","260.651","μmol/L","Humid","19.555","deg","60070","µV","24.074","°C","1017.000","hPa","34.9","pmil","0","55.710","deg","20.000","°C","100.000","%a.s.","22.780","deg","20.000","°C","969.000","hPa","0.82","-0.015","0.00036","-0.00014","0","10","Humid","58.27","1","2500.00","297075.78","SADF0001000082","ABF0.1.0.10","4.0.0.2393","PSt7-10","250224-007","7/27/2025 6:28:56 PM","0000-00","0","no battery","V","","µV","","µV"
"03/05/2026","14:26:33","2","default","813736599","OXY_06","70.566","min","260.563","μmol/L","Humid","19.549","deg","60062","µV","24.105","°C","1017.000","hPa","34.9","pmil","0","55.710","deg","20.000","°C","100.000","%a.s.","22.780","deg","20.000","°C","969.000","hPa","0.82","-0.015","0.00036","-0.00014","0","10","Humid","58.27","1","2500.00","297085.77","SADF0001000082","ABF0.1.0.10","4.0.0.2393","PSt7-10","250224-007","7/27/2025 6:28:56 PM","0000-00","0","no battery","V","","µV","","µV"
"03/05/2026","14:26:35","2","default","813736599","OXY_06","70.600","min","260.677","μmol/L","Humid","19.550","deg","60056","µV","24.086","°C","1017.000","hPa","34.9","pmil","0","55.710","deg","20.000","°C","100.000","%a.s.","22.780","deg","20.000","°C","969.000","hPa","0.82","-0.015","0.00036","-0.00014","0","10","Humid","58.27","1","2500.00","297098.49","SADF0001000082","ABF0.1.0.10","4.0.0.2393","PSt7-10","250224-007","7/27/2025 6:28:56 PM","0000-00","0","no battery","V","","µV","","µV"
"03/05/2026","14:26:37","2","default","813736599","OXY_06","70.633","min","260.655","μmol/L","Humid","19.549","deg","60038","µV","24.092","°C","1017.000","hPa","34.9","pmil","0","55.710","deg","20.000","°C","100.000","%a.s.","22.780","deg","20.000","°C","969.000","hPa","0.82","-0.015","0.00036","-0.00014","0","10","Humid","58.27","1","2500.00","297079.48","SADF0001000082","ABF0.1.0.10","4.0.0.2393","PSt7-10","250224-007","7/27/2025 6:28:56 PM","0000-00","0","no battery","V","","µV","","µV"
"03/05/2026","14:26:39","2","default","813736599","OXY_06","70.667","min","260.748","μmol/L","Humid","19.547","deg","60036","µV","24.086","°C","1017.000","hPa","34.9","pmil","0","55.710","deg","20.000","°C","100.000","%a.s.","22.780","deg","20.000","°C","969.000","hPa","0.82","-0.015","0.00036","-0.00014","0","10","Humid","58.27","1","2500.00","297089.42","SADF0001000082","ABF0.1.0.10","4.0.0.2393","PSt7-10","250224-007","7/27/2025 6:28:56 PM","0000-00","0","no battery","V","","µV","","µV"
"03/05/2026","14:26:41","2","default","813736599","OXY_06","70.700","min","260.982","μmol/L","Humid","19.541","deg","60026","µV","24.074","°C","1017.000","hPa","34.9","pmil","0","55.710","deg","20.000","°C","100.000","%a.s.","22.780","deg","20.000","°C","969.000","hPa","0.82","-0.015","0.00036","-0.00014","0","10","Humid","58.27","1","2500.00","297084.00","SADF0001000082","ABF0.1.0.10","4.0.0.2393","PSt7-10","250224-007","7/27/2025 6:28:56 PM","0000-00","0","no battery","V","","µV","","µV"
"03/05/2026","14:26:43","2","default","813736599","OXY_06","70.733","min","260.957","μmol/L","Humid","19.544","deg","60024","µV","24.068","°C","1017.000","hPa","34.9","pmil","0","55.710","deg","20.000","°C","100.000","%a.s.","22.780","deg","20.000","°C","969.000","hPa","0.82","-0.015","0.00036","-0.00014","0","10","Humid","58.27","1","2500.00","297089.23","SADF0001000082","ABF0.1.0.10","4.0.0.2393","PSt7-10","250224-007","7/27/2025 6:28:56 PM","0000-00","0","no battery","V","","µV","","µV"
"03/05/2026","14:26:45","2","default","813736599","OXY_06","70.767","min","261.007","μmol/L","Humid","19.538","deg","60005","µV","24.080","°C","1017.000","hPa","34.9","pmil","0","55.710","deg","20.000","°C","100.000","%a.s.","22.780","deg","20.000","°C","969.000","hPa","0.82","-0.015","0.00036","-0.00014","0","10","Humid","58.27","1","2500.00","297093.20","SADF0001000082","ABF0.1.0.10","4.0.0.2393","PSt7-10","250224-007","7/27/2025 6:28:56 PM","0000-00","0","no battery","V","","µV","","µV"
"03/05/2026","14:26:47","2","default","813736599","OXY_06","70.800","min","260.983","μmol/L","Humid","19.539","deg","60003","µV","24.080","°C","1017.000","hPa","34.9","pmil","0","55.710","deg","20.000","°C","100.000","%a.s.","22.780","deg","20.000","°C","969.000","hPa","0.82","-0.015","0.00036","-0.00014","0","10","Humid","58.27","1","2500.00","297086.14","SADF0001000082","ABF0.1.0.10","4.0.0.2393","PSt7-10","250224-007","7/27/2025 6:28:56 PM","0000-00","0","no battery","V","","µV","","µV"
"03/05/2026","14:26:49","2","default","813736599","OXY_06","70.833","min","261.054","μmol/L","Humid","19.536","deg","59993","µV","24.080","°C","1017.000","hPa","34.9","pmil","0","55.710","deg","20.000","°C","100.000","%a.s.","22.780","deg","20.000","°C","969.000","hPa","0.82","-0.015","0.00036","-0.00014","0","10","Humid","58.27","1","2500.00","297082.74","SADF0001000082","ABF0.1.0.10","4.0.0.2393","PSt7-10","250224-007","7/27/2025 6:28:56 PM","0000-00","0","no battery","V","","µV","","µV"
"03/05/2026","14:26:51","2","default","813736599","OXY_06","70.867","min","260.985","μmol/L","Humid","19.537","deg","59982","µV","24.086","°C","1017.000","hPa","34.9","pmil","0","55.710","deg","20.000","°C","100.000","%a.s.","22.780","deg","20.000","°C","969.000","hPa","0.82","-0.015","0.00036","-0.00014","0","10","Humid","58.27","1","2500.00","297078.93","SADF0001000082","ABF0.1.0.10","4.0.0.2393","PSt7-10","250224-007","7/27/2025 6:28:56 PM","0000-00","0","no battery","V","","µV","","µV"
"03/05/2026","14:26:53","2","default","813736599","OXY_06","70.900","min","261.219","μmol/L","Humid","19.531","deg","59974","µV","24.074","°C","1017.000","hPa","34.9","pmil","0","55.710","deg","20.000","°C","100.000","%a.s.","22.780","deg","20.000","°C","969.000","hPa","0.82","-0.015","0.00036","-0.00014","0","10","Humid","58.27","1","2500.00","297079.78","SADF0001000082","ABF0.1.0.10","4.0.0.2393","PSt7-10","250224-007","7/27/2025 6:28:56 PM","0000-00","0","no battery","V","","µV","","µV"
"03/05/2026","14:26:55","2","default","813736599","OXY_06","70.933","min","261.268","μmol/L","Humid","19.527","deg","59962","µV","24.080","°C","1017.000","hPa","34.9","pmil","0","55.710","deg","20.000","°C","100.000","%a.s.","22.780","deg","20.000","°C","969.000","hPa","0.82","-0.015","0.00036","-0.00014","0","10","Humid","58.27","1","2500.00","297078.68","SADF0001000082","ABF0.1.0.10","4.0.0.2393","PSt7-10","250224-007","7/27/2025 6:28:56 PM","0000-00","0","no battery","V","","µV","","µV"
"03/05/2026","14:26:57","2","default","813736599","OXY_06","70.966","min","261.291","μmol/L","Humid","19.526","deg","59953","µV","24.080","°C","1017.000","hPa","34.9","pmil","0","55.710","deg","20.000","°C","100.000","%a.s.","22.780","deg","20.000","°C","969.000","hPa","0.82","-0.015","0.00036","-0.00014","0","10","Humid","58.27","1","2500.00","297070.94","SADF0001000082","ABF0.1.0.10","4.0.0.2393","PSt7-10","250224-007","7/27/2025 6:28:56 PM","0000-00","0","no battery","V","","µV","","µV"
"03/05/2026","14:26:59","2","default","813736599","OXY_06","71.000","min","261.527","μmol/L","Humid","19.518","deg","59946","µV","24.074","°C","1017.000","hPa","34.9","pmil","0","55.710","deg","20.000","°C","100.000","%a.s.","22.780","deg","20.000","°C","969.000","hPa","0.82","-0.015","0.00036","-0.00014","0","10","Humid","58.27","1","2500.00","297068.06","SADF0001000082","ABF0.1.0.10","4.0.0.2393","PSt7-10","250224-007","7/27/2025 6:28:56 PM","0000-00","0","no battery","V","","µV","","µV"
"03/05/2026","14:27:01","2","default","813736599","OXY_06","71.034","min","261.549","μmol/L","Humid","19.519","deg","59938","µV","24.068","°C","1017.000","hPa","34.9","pmil","0","55.710","deg","20.000","°C","100.000","%a.s.","22.780","deg","20.000","°C","969.000","hPa","0.82","-0.015","0.00036","-0.00014","0","10","Humid","58.27","1","2500.00","297078.69","SADF0001000082","ABF0.1.0.10","4.0.0.2393","PSt7-10","250224-007","7/27/2025 6:28:56 PM","0000-00","0","no battery","V","","µV","","µV"
"03/05/2026","14:27:03","2","default","813736599","OXY_06","71.066","min","261.434","μmol/L","Humid","19.520","deg","59930","µV","24.080","°C","1017.000","hPa","34.9","pmil","0","55.710","deg","20.000","°C","100.000","%a.s.","22.780","deg","20.000","°C","969.000","hPa","0.82","-0.015","0.00036","-0.00014","0","10","Humid","58.27","1","2500.00","297087.76","SADF0001000082","ABF0.1.0.10","4.0.0.2393","PSt7-10","250224-007","7/27/2025 6:28:56 PM","0000-00","0","no battery","V","","µV","","µV"
"03/05/2026","14:27:05","2","default","813736599","OXY_06","71.100","min","261.506","μmol/L","Humid","19.515","deg","59926","µV","24.086","°C","1017.000","hPa","34.9","pmil","0","55.710","deg","20.000","°C","100.000","%a.s.","22.780","deg","20.000","°C","969.000","hPa","0.82","-0.015","0.00036","-0.00014","0","10","Humid","58.27","1","2500.00","297077.64","SADF0001000082","ABF0.1.0.10","4.0.0.2393","PSt7-10","250224-007","7/27/2025 6:28:56 PM","0000-00","0","no battery","V","","µV","","µV"
"03/05/2026","14:27:07","2","default","813736599","OXY_06","71.133","min","261.508","μmol/L","Humid","19.513","deg","59905","µV","24.092","°C","1017.000","hPa","34.9","pmil","0","55.710","deg","20.000","°C","100.000","%a.s.","22.780","deg","20.000","°C","969.000","hPa","0.82","-0.015","0.00036","-0.00014","0","10","Humid","58.27","1","2500.00","297090.58","SADF0001000082","ABF0.1.0.10","4.0.0.2393","PSt7-10","250224-007","7/27/2025 6:28:56 PM","0000-00","0","no battery","V","","µV","","µV"
"03/05/2026","14:27:09","2","default","813736599","OXY_06","71.167","min","261.600","μmol/L","Humid","19.513","deg","59895","µV","24.080","°C","1017.000","hPa","34.9","pmil","0","55.710","deg","20.000","°C","100.000","%a.s.","22.780","deg","20.000","°C","969.000","hPa","0.82","-0.015","0.00036","-0.00014","0","10","Humid","58.27","1","2500.00","297086.60","SADF0001000082","ABF0.1.0.10","4.0.0.2393","PSt7-10","250224-007","7/27/2025 6:28:56 PM","0000-00","0","no battery","V","","µV","","µV"
"03/05/2026","14:27:11","2","default","813736599","OXY_06","71.200","min","261.695","μmol/L","Humid","19.509","deg","59891","µV","24.080","°C","1017.000","hPa","34.9","pmil","0","55.710","deg","20.000","°C","100.000","%a.s.","22.780","deg","20.000","°C","969.000","hPa","0.82","-0.015","0.00036","-0.00014","0","10","Humid","58.27","1","2500.00","297096.19","SADF0001000082","ABF0.1.0.10","4.0.0.2393","PSt7-10","250224-007","7/27/2025 6:28:56 PM","0000-00","0","no battery","V","","µV","","µV"
"03/05/2026","14:27:13","2","default","813736599","OXY_06","71.233","min","261.934","μmol/L","Humid","19.497","deg","59879","µV","24.086","°C","1017.000","hPa","34.9","pmil","0","55.710","deg","20.000","°C","100.000","%a.s.","22.780","deg","20.000","°C","969.000","hPa","0.82","-0.015","0.00036","-0.00014","0","10","Humid","58.27","1","2500.00","297083.38","SADF0001000082","ABF0.1.0.10","4.0.0.2393","PSt7-10","250224-007","7/27/2025 6:28:56 PM","0000-00","0","no battery","V","","µV","","µV"
"03/05/2026","14:27:15","2","default","813736599","OXY_06","71.267","min","261.792","μmol/L","Humid","19.503","deg","59870","µV","24.086","°C","1017.000","hPa","34.9","pmil","0","55.710","deg","20.000","°C","100.000","%a.s.","22.780","deg","20.000","°C","969.000","hPa","0.82","-0.015","0.00036","-0.00014","0","10","Humid","58.27","1","2500.00","297086.05","SADF0001000082","ABF0.1.0.10","4.0.0.2393","PSt7-10","250224-007","7/27/2025 6:28:56 PM","0000-00","0","no battery","V","","µV","","µV"
"03/05/2026","14:27:17","2","default","813736599","OXY_06","71.300","min","262.026","μmol/L","Humid","19.497","deg","59864","µV","24.074","°C","1017.000","hPa","34.9","pmil","0","55.710","deg","20.000","°C","100.000","%a.s.","22.780","deg","20.000","°C","969.000","hPa","0.82","-0.015","0.00036","-0.00014","0","10","Humid","58.27","1","2500.00","297089.88","SADF0001000082","ABF0.1.0.10","4.0.0.2393","PSt7-10","250224-007","7/27/2025 6:28:56 PM","0000-00","0","no battery","V","","µV","","µV"
"03/05/2026","14:27:19","2","default","813736599","OXY_06","71.333","min","262.004","μmol/L","Humid","19.496","deg","59860","µV","24.080","°C","1017.000","hPa","34.9","pmil","0","55.710","deg","20.000","°C","100.000","%a.s.","22.780","deg","20.000","°C","969.000","hPa","0.82","-0.015","0.00036","-0.00014","0","10","Humid","58.27","1","2500.00","297082.03","SADF0001000082","ABF0.1.0.10","4.0.0.2393","PSt7-10","250224-007","7/27/2025 6:28:56 PM","0000-00","0","no battery","V","","µV","","µV"
"03/05/2026","14:27:21","2","default","813736599","OXY_06","71.367","min","262.166","μmol/L","Humid","19.495","deg","59844","µV","24.061","°C","1017.000","hPa","34.9","pmil","0","55.710","deg","20.000","°C","100.000","%a.s.","22.780","deg","20.000","°C","969.000","hPa","0.82","-0.015","0.00036","-0.00014","0","10","Humid","58.27","1","2500.00","297083.93","SADF0001000082","ABF0.1.0.10","4.0.0.2393","PSt7-10","250224-007","7/27/2025 6:28:56 PM","0000-00","0","no battery","V","","µV","","µV"
"03/05/2026","14:27:23","2","default","813736599","OXY_06","71.400","min","262.147","μmol/L","Humid","19.490","deg","59835","µV","24.080","°C","1017.000","hPa","34.9","pmil","0","55.710","deg","20.000","°C","100.000","%a.s.","22.780","deg","20.000","°C","969.000","hPa","0.82","-0.015","0.00036","-0.00014","0","10","Humid","58.27","1","2500.00","297080.00","SADF0001000082","ABF0.1.0.10","4.0.0.2393","PSt7-10","250224-007","7/27/2025 6:28:56 PM","0000-00","0","no battery","V","","µV","","µV"
"03/05/2026","14:27:25","2","default","813736599","OXY_06","71.434","min","262.080","μmol/L","Humid","19.487","deg","59823","µV","24.098","°C","1017.000","hPa","34.9","pmil","0","55.710","deg","20.000","°C","100.000","%a.s.","22.780","deg","20.000","°C","969.000","hPa","0.82","-0.015","0.00036","-0.00014","0","10","Humid","58.27","1","2500.00","297090.57","SADF0001000082","ABF0.1.0.10","4.0.0.2393","PSt7-10","250224-007","7/27/2025 6:28:56 PM","0000-00","0","no battery","V","","µV","","µV"
"03/05/2026","14:27:27","2","default","813736599","OXY_06","71.466","min","262.311","μmol/L","Humid","19.487","deg","59815","µV","24.068","°C","1017.000","hPa","34.9","pmil","0","55.710","deg","20.000","°C","100.000","%a.s.","22.780","deg","20.000","°C","969.000","hPa","0.82","-0.015","0.00036","-0.00014","0","10","Humid","58.27","1","2500.00","297086.97","SADF0001000082","ABF0.1.0.10","4.0.0.2393","PSt7-10","250224-007","7/27/2025 6:28:56 PM","0000-00","0","no battery","V","","µV","","µV"
"03/05/2026","14:27:29","2","default","813736599","OXY_06","71.500","min","262.385","μmol/L","Humid","19.480","deg","59795","µV","24.080","°C","1017.000","hPa","34.9","pmil","0","55.710","deg","20.000","°C","100.000","%a.s.","22.780","deg","20.000","°C","969.000","hPa","0.82","-0.015","0.00036","-0.00014","0","10","Humid","58.27","1","2500.00","297089.13","SADF0001000082","ABF0.1.0.10","4.0.0.2393","PSt7-10","250224-007","7/27/2025 6:28:56 PM","0000-00","0","no battery","V","","µV","","µV"
"03/05/2026","14:27:31","2","default","813736599","OXY_06","71.533","min","262.527","μmol/L","Humid","19.476","deg","59793","µV","24.074","°C","1017.000","hPa","34.9","pmil","0","55.710","deg","20.000","°C","100.000","%a.s.","22.780","deg","20.000","°C","969.000","hPa","0.82","-0.015","0.00036","-0.00014","0","10","Humid","58.27","1","2500.00","297083.76","SADF0001000082","ABF0.1.0.10","4.0.0.2393","PSt7-10","250224-007","7/27/2025 6:28:56 PM","0000-00","0","no battery","V","","µV","","µV"
"03/05/2026","14:27:33","2","default","813736599","OXY_06","71.567","min","262.506","μmol/L","Humid","19.473","deg","59784","µV","24.086","°C","1017.000","hPa","34.9","pmil","0","55.710","deg","20.000","°C","100.000","%a.s.","22.780","deg","20.000","°C","969.000","hPa","0.82","-0.015","0.00036","-0.00014","0","10","Humid","58.27","1","2500.00","297071.97","SADF0001000082","ABF0.1.0.10","4.0.0.2393","PSt7-10","250224-007","7/27/2025 6:28:56 PM","0000-00","0","no battery","V","","µV","","µV"
"03/05/2026","14:27:35","2","default","813736599","OXY_06","71.600","min","262.505","μmol/L","Humid","19.475","deg","59778","µV","24.080","°C","1017.000","hPa","34.9","pmil","0","55.710","deg","20.000","°C","100.000","%a.s.","22.780","deg","20.000","°C","969.000","hPa","0.82","-0.015","0.00036","-0.00014","0","10","Humid","58.27","1","2500.00","297066.04","SADF0001000082","ABF0.1.0.10","4.0.0.2393","PSt7-10","250224-007","7/27/2025 6:28:56 PM","0000-00","0","no battery","V","","µV","","µV"
"03/05/2026","14:27:37","2","default","813736599","OXY_06","71.633","min","262.715","μmol/L","Humid","19.472","deg","59765","µV","24.061","°C","1017.000","hPa","34.9","pmil","0","55.710","deg","20.000","°C","100.000","%a.s.","22.780","deg","20.000","°C","969.000","hPa","0.82","-0.015","0.00036","-0.00014","0","10","Humid","58.27","1","2500.00","297077.90","SADF0001000082","ABF0.1.0.10","4.0.0.2393","PSt7-10","250224-007","7/27/2025 6:28:56 PM","0000-00","0","no battery","V","","µV","","µV"
"03/05/2026","14:27:39","2","default","813736599","OXY_06","71.667","min","262.695","μmol/L","Humid","19.467","deg","59753","µV","24.080","°C","1017.000","hPa","34.9","pmil","0","55.710","deg","20.000","°C","100.000","%a.s.","22.780","deg","20.000","°C","969.000","hPa","0.82","-0.015","0.00036","-0.00014","0","10","Humid","58.27","1","2500.00","297083.85","SADF0001000082","ABF0.1.0.10","4.0.0.2393","PSt7-10","250224-007","7/27/2025 6:28:56 PM","0000-00","0","no battery","V","","µV","","µV"
"03/05/2026","14:27:41","2","default","813736599","OXY_06","71.700","min","262.694","μmol/L","Humid","19.469","deg","59745","µV","24.074","°C","1017.000","hPa","34.9","pmil","0","55.710","deg","20.000","°C","100.000","%a.s.","22.780","deg","20.000","°C","969.000","hPa","0.82","-0.015","0.00036","-0.00014","0","10","Humid","58.27","1","2500.00","297071.30","SADF0001000082","ABF0.1.0.10","4.0.0.2393","PSt7-10","250224-007","7/27/2025 6:28:56 PM","0000-00","0","no battery","V","","µV","","µV"
"03/05/2026","14:27:43","2","default","813736599","OXY_06","71.733","min","262.858","μmol/L","Humid","19.466","deg","59736","µV","24.061","°C","1017.000","hPa","34.9","pmil","0","55.710","deg","20.000","°C","100.000","%a.s.","22.780","deg","20.000","°C","969.000","hPa","0.82","-0.015","0.00036","-0.00014","0","10","Humid","58.27","1","2500.00","297077.33","SADF0001000082","ABF0.1.0.10","4.0.0.2393","PSt7-10","250224-007","7/27/2025 6:28:56 PM","0000-00","0","no battery","V","","µV","","µV"
"03/05/2026","14:27:45","2","default","813736599","OXY_06","71.767","min","263.005","μmol/L","Humid","19.456","deg","59727","µV","24.074","°C","1017.000","hPa","34.9","pmil","0","55.710","deg","20.000","°C","100.000","%a.s.","22.780","deg","20.000","°C","969.000","hPa","0.82","-0.015","0.00036","-0.00014","0","10","Humid","58.27","1","2500.00","297070.37","SADF0001000082","ABF0.1.0.10","4.0.0.2393","PSt7-10","250224-007","7/27/2025 6:28:56 PM","0000-00","0","no battery","V","","µV","","µV"
"03/05/2026","14:27:47","2","default","813736599","OXY_06","71.800","min","262.816","μmol/L","Humid","19.460","deg","59714","µV","24.086","°C","1017.000","hPa","34.9","pmil","0","55.710","deg","20.000","°C","100.000","%a.s.","22.780","deg","20.000","°C","969.000","hPa","0.82","-0.015","0.00036","-0.00014","0","10","Humid","58.27","1","2500.00","297082.78","SADF0001000082","ABF0.1.0.10","4.0.0.2393","PSt7-10","250224-007","7/27/2025 6:28:56 PM","0000-00","0","no battery","V","","µV","","µV"
"03/05/2026","14:27:49","2","default","813736599","OXY_06","71.833","min","262.866","μmol/L","Humid","19.456","deg","59704","µV","24.092","°C","1017.000","hPa","34.9","pmil","0","55.710","deg","20.000","°C","100.000","%a.s.","22.780","deg","20.000","°C","969.000","hPa","0.82","-0.015","0.00036","-0.00014","0","10","Humid","58.27","1","2500.00","297078.38","SADF0001000082","ABF0.1.0.10","4.0.0.2393","PSt7-10","250224-007","7/27/2025 6:28:56 PM","0000-00","0","no battery","V","","µV","","µV"
"03/05/2026","14:27:51","2","default","813736599","OXY_06","71.866","min","263.030","μmol/L","Humid","19.453","deg","59695","µV","24.080","°C","1017.000","hPa","34.9","pmil","0","55.710","deg","20.000","°C","100.000","%a.s.","22.780","deg","20.000","°C","969.000","hPa","0.82","-0.015","0.00036","-0.00014","0","10","Humid","58.27","1","2500.00","297089.08","SADF0001000082","ABF0.1.0.10","4.0.0.2393","PSt7-10","250224-007","7/27/2025 6:28:56 PM","0000-00","0","no battery","V","","µV","","µV"
"03/05/2026","14:27:53","2","default","813736599","OXY_06","71.900","min","263.174","μmol/L","Humid","19.447","deg","59683","µV","24.080","°C","1017.000","hPa","34.9","pmil","0","55.710","deg","20.000","°C","100.000","%a.s.","22.780","deg","20.000","°C","969.000","hPa","0.82","-0.015","0.00036","-0.00014","0","10","Humid","58.27","1","2500.00","297081.97","SADF0001000082","ABF0.1.0.10","4.0.0.2393","PSt7-10","250224-007","7/27/2025 6:28:56 PM","0000-00","0","no battery","V","","µV","","µV"
"03/05/2026","14:27:55","2","default","813736599","OXY_06","71.934","min","262.893","μmol/L","Humid","19.451","deg","59680","µV","24.105","°C","1017.000","hPa","34.9","pmil","0","55.710","deg","20.000","°C","100.000","%a.s.","22.780","deg","20.000","°C","969.000","hPa","0.82","-0.015","0.00036","-0.00014","0","10","Humid","58.27","1","2500.00","297069.94","SADF0001000082","ABF0.1.0.10","4.0.0.2393","PSt7-10","250224-007","7/27/2025 6:28:56 PM","0000-00","0","no battery","V","","µV","","µV"
"03/05/2026","14:27:57","2","default","813736599","OXY_06","71.966","min","263.199","μmol/L","Humid","19.444","deg","59666","µV","24.086","°C","1017.000","hPa","34.9","pmil","0","55.710","deg","20.000","°C","100.000","%a.s.","22.780","deg","20.000","°C","969.000","hPa","0.82","-0.015","0.00036","-0.00014","0","10","Humid","58.27","1","2500.00","297078.70","SADF0001000082","ABF0.1.0.10","4.0.0.2393","PSt7-10","250224-007","7/27/2025 6:28:56 PM","0000-00","0","no battery","V","","µV","","µV"
"03/05/2026","14:27:59","2","default","813736599","OXY_06","72.000","min","263.432","μmol/L","Humid","19.442","deg","59653","µV","24.061","°C","1017.000","hPa","34.9","pmil","0","55.710","deg","20.000","°C","100.000","%a.s.","22.780","deg","20.000","°C","969.000","hPa","0.82","-0.015","0.00036","-0.00014","0","10","Humid","58.27","1","2500.00","297070.56","SADF0001000082","ABF0.1.0.10","4.0.0.2393","PSt7-10","250224-007","7/27/2025 6:28:56 PM","0000-00","0","no battery","V","","µV","","µV"
"03/05/2026","14:28:01","2","default","813736599","OXY_06","72.033","min","263.292","μmol/L","Humid","19.444","deg","59648","µV","24.074","°C","1017.000","hPa","34.9","pmil","0","55.710","deg","20.000","°C","100.000","%a.s.","22.780","deg","20.000","°C","969.000","hPa","0.82","-0.015","0.00036","-0.00014","0","10","Humid","58.27","1","2500.00","297073.80","SADF0001000082","ABF0.1.0.10","4.0.0.2393","PSt7-10","250224-007","7/27/2025 6:28:56 PM","0000-00","0","no battery","V","","µV","","µV"
"03/05/2026","14:28:03","2","default","813736599","OXY_06","72.067","min","263.483","μmol/L","Humid","19.436","deg","59634","µV","24.074","°C","1017.000","hPa","34.9","pmil","0","55.710","deg","20.000","°C","100.000","%a.s.","22.780","deg","20.000","°C","969.000","hPa","0.82","-0.015","0.00036","-0.00014","0","10","Humid","58.27","1","2500.00","297073.82","SADF0001000082","ABF0.1.0.10","4.0.0.2393","PSt7-10","250224-007","7/27/2025 6:28:56 PM","0000-00","0","no battery","V","","µV","","µV"
"03/05/2026","14:28:05","2","default","813736599","OXY_06","72.099","min","263.718","μmol/L","Humid","19.432","deg","59628","µV","24.055","°C","1017.000","hPa","34.9","pmil","0","55.710","deg","20.000","°C","100.000","%a.s.","22.780","deg","20.000","°C","969.000","hPa","0.82","-0.015","0.00036","-0.00014","0","10","Humid","58.27","1","2500.00","297079.31","SADF0001000082","ABF0.1.0.10","4.0.0.2393","PSt7-10","250224-007","7/27/2025 6:28:56 PM","0000-00","0","no battery","V","","µV","","µV"
"03/05/2026","14:28:07","2","default","813736599","OXY_06","72.133","min","263.511","μmol/L","Humid","19.431","deg","59614","µV","24.086","°C","1017.000","hPa","34.9","pmil","0","55.710","deg","20.000","°C","100.000","%a.s.","22.780","deg","20.000","°C","969.000","hPa","0.82","-0.015","0.00036","-0.00014","0","10","Humid","58.27","1","2500.00","297063.36","SADF0001000082","ABF0.1.0.10","4.0.0.2393","PSt7-10","250224-007","7/27/2025 6:28:56 PM","0000-00","0","no battery","V","","µV","","µV"
"03/05/2026","14:28:09","2","default","813736599","OXY_06","72.167","min","263.629","μmol/L","Humid","19.428","deg","59605","µV","24.080","°C","1017.000","hPa","34.9","pmil","0","55.710","deg","20.000","°C","100.000","%a.s.","22.780","deg","20.000","°C","969.000","hPa","0.82","-0.015","0.00036","-0.00014","0","10","Humid","58.27","1","2500.00","297068.22","SADF0001000082","ABF0.1.0.10","4.0.0.2393","PSt7-10","250224-007","7/27/2025 6:28:56 PM","0000-00","0","no battery","V","","µV","","µV"
"03/05/2026","14:28:11","2","default","813736599","OXY_06","72.200","min","263.629","μmol/L","Humid","19.428","deg","59598","µV","24.080","°C","1017.000","hPa","34.9","pmil","0","55.710","deg","20.000","°C","100.000","%a.s.","22.780","deg","20.000","°C","969.000","hPa","0.82","-0.015","0.00036","-0.00014","0","10","Humid","58.27","1","2500.00","297073.36","SADF0001000082","ABF0.1.0.10","4.0.0.2393","PSt7-10","250224-007","7/27/2025 6:28:56 PM","0000-00","0","no battery","V","","µV","","µV"
"03/05/2026","14:28:13","2","default","813736599","OXY_06","72.233","min","263.795","μmol/L","Humid","19.423","deg","59582","µV","24.074","°C","1017.000","hPa","34.9","pmil","0","55.710","deg","20.000","°C","100.000","%a.s.","22.780","deg","20.000","°C","969.000","hPa","0.82","-0.015","0.00036","-0.00014","0","10","Humid","58.27","1","2500.00","297077.84","SADF0001000082","ABF0.1.0.10","4.0.0.2393","PSt7-10","250224-007","7/27/2025 6:28:56 PM","0000-00","0","no battery","V","","µV","","µV"
"03/05/2026","14:28:15","2","default","813736599","OXY_06","72.267","min","263.800","μmol/L","Humid","19.417","deg","59577","µV","24.092","°C","1017.000","hPa","34.9","pmil","0","55.710","deg","20.000","°C","100.000","%a.s.","22.780","deg","20.000","°C","969.000","hPa","0.82","-0.015","0.00036","-0.00014","0","10","Humid","58.27","1","2500.00","297068.44","SADF0001000082","ABF0.1.0.10","4.0.0.2393","PSt7-10","250224-007","7/27/2025 6:28:56 PM","0000-00","0","no battery","V","","µV","","µV"
"03/05/2026","14:28:17","2","default","813736599","OXY_06","72.300","min","263.771","μmol/L","Humid","19.424","deg","59565","µV","24.074","°C","1017.000","hPa","34.9","pmil","0","55.710","deg","20.000","°C","100.000","%a.s.","22.780","deg","20.000","°C","969.000","hPa","0.82","-0.015","0.00036","-0.00014","0","10","Humid","58.27","1","2500.00","297056.35","SADF0001000082","ABF0.1.0.10","4.0.0.2393","PSt7-10","250224-007","7/27/2025 6:28:56 PM","0000-00","0","no battery","V","","µV","","µV"
"03/05/2026","14:28:19","2","default","813736599","OXY_06","72.333","min","264.154","μmol/L","Humid","19.410","deg","59559","µV","24.068","°C","1017.000","hPa","34.9","pmil","0","55.710","deg","20.000","°C","100.000","%a.s.","22.780","deg","20.000","°C","969.000","hPa","0.82","-0.015","0.00036","-0.00014","0","10","Humid","58.27","1","2500.00","297080.06","SADF0001000082","ABF0.1.0.10","4.0.0.2393","PSt7-10","250224-007","7/27/2025 6:28:56 PM","0000-00","0","no battery","V","","µV","","µV"
"03/05/2026","14:28:21","2","default","813736599","OXY_06","72.367","min","263.965","μmol/L","Humid","19.414","deg","59549","µV","24.080","°C","1017.000","hPa","34.9","pmil","0","55.710","deg","20.000","°C","100.000","%a.s.","22.780","deg","20.000","°C","969.000","hPa","0.82","-0.015","0.00036","-0.00014","0","10","Humid","58.27","1","2500.00","297073.20","SADF0001000082","ABF0.1.0.10","4.0.0.2393","PSt7-10","250224-007","7/27/2025 6:28:56 PM","0000-00","0","no battery","V","","µV","","µV"
"03/05/2026","14:28:23","2","default","813736599","OXY_06","72.400","min","263.991","μmol/L","Humid","19.411","deg","59539","µV","24.086","°C","1017.000","hPa","34.9","pmil","0","55.710","deg","20.000","°C","100.000","%a.s.","22.780","deg","20.000","°C","969.000","hPa","0.82","-0.015","0.00036","-0.00014","0","10","Humid","58.27","1","2500.00","297074.14","SADF0001000082","ABF0.1.0.10","4.0.0.2393","PSt7-10","250224-007","7/27/2025 6:28:56 PM","0000-00","0","no battery","V","","µV","","µV"
"03/05/2026","14:28:25","2","default","813736599","OXY_06","72.433","min","264.345","μmol/L","Humid","19.404","deg","59529","µV","24.061","°C","1017.000","hPa","34.9","pmil","0","55.710","deg","20.000","°C","100.000","%a.s.","22.780","deg","20.000","°C","969.000","hPa","0.82","-0.015","0.00036","-0.00014","0","10","Humid","58.27","1","2500.00","297063.92","SADF0001000082","ABF0.1.0.10","4.0.0.2393","PSt7-10","250224-007","7/27/2025 6:28:56 PM","0000-00","0","no battery","V","","µV","","µV"
"03/05/2026","14:28:27","2","default","813736599","OXY_06","72.466","min","264.254","μmol/L","Humid","19.402","deg","59518","µV","24.080","°C","1017.000","hPa","34.9","pmil","0","55.710","deg","20.000","°C","100.000","%a.s.","22.780","deg","20.000","°C","969.000","hPa","0.82","-0.015","0.00036","-0.00014","0","10","Humid","58.27","1","2500.00","297064.77","SADF0001000082","ABF0.1.0.10","4.0.0.2393","PSt7-10","250224-007","7/27/2025 6:28:56 PM","0000-00","0","no battery","V","","µV","","µV"
"03/05/2026","14:28:29","2","default","813736599","OXY_06","72.500","min","264.228","μmol/L","Humid","19.405","deg","59507","µV","24.074","°C","1017.000","hPa","34.9","pmil","0","55.710","deg","20.000","°C","100.000","%a.s.","22.780","deg","20.000","°C","969.000","hPa","0.82","-0.015","0.00036","-0.00014","0","10","Humid","58.27","1","2500.00","297065.04","SADF0001000082","ABF0.1.0.10","4.0.0.2393","PSt7-10","250224-007","7/27/2025 6:28:56 PM","0000-00","0","no battery","V","","µV","","µV"
"03/05/2026","14:28:31","2","default","813736599","OXY_06","72.533","min","264.303","μmol/L","Humid","19.398","deg","59504","µV","24.086","°C","1017.000","hPa","34.9","pmil","0","55.710","deg","20.000","°C","100.000","%a.s.","22.780","deg","20.000","°C","969.000","hPa","0.82","-0.015","0.00036","-0.00014","0","10","Humid","58.27","1","2500.00","297059.65","SADF0001000082","ABF0.1.0.10","4.0.0.2393","PSt7-10","250224-007","7/27/2025 6:28:56 PM","0000-00","0","no battery","V","","µV","","µV"
"03/05/2026","14:28:33","2","default","813736599","OXY_06","72.566","min","264.326","μmol/L","Humid","19.399","deg","59492","µV","24.080","°C","1017.000","hPa","34.9","pmil","0","55.710","deg","20.000","°C","100.000","%a.s.","22.780","deg","20.000","°C","969.000","hPa","0.82","-0.015","0.00036","-0.00014","0","10","Humid","58.27","1","2500.00","297066.07","SADF0001000082","ABF0.1.0.10","4.0.0.2393","PSt7-10","250224-007","7/27/2025 6:28:56 PM","0000-00","0","no battery","V","","µV","","µV"
"03/05/2026","14:28:35","2","default","813736599","OXY_06","72.600","min","264.536","μmol/L","Humid","19.398","deg","59487","µV","24.055","°C","1017.000","hPa","34.9","pmil","0","55.710","deg","20.000","°C","100.000","%a.s.","22.780","deg","20.000","°C","969.000","hPa","0.82","-0.015","0.00036","-0.00014","0","10","Humid","58.27","1","2500.00","297077.12","SADF0001000082","ABF0.1.0.10","4.0.0.2393","PSt7-10","250224-007","7/27/2025 6:28:56 PM","0000-00","0","no battery","V","","µV","","µV"
"03/05/2026","14:28:37","2","default","813736599","OXY_06","72.633","min","264.656","μmol/L","Humid","19.393","deg","59473","µV","24.055","°C","1017.000","hPa","34.9","pmil","0","55.710","deg","20.000","°C","100.000","%a.s.","22.780","deg","20.000","°C","969.000","hPa","0.82","-0.015","0.00036","-0.00014","0","10","Humid","58.27","1","2500.00","297078.78","SADF0001000082","ABF0.1.0.10","4.0.0.2393","PSt7-10","250224-007","7/27/2025 6:28:56 PM","0000-00","0","no battery","V","","µV","","µV"
"03/05/2026","14:28:39","2","default","813736599","OXY_06","72.667","min","264.660","μmol/L","Humid","19.389","deg","59467","µV","24.068","°C","1017.000","hPa","34.9","pmil","0","55.710","deg","20.000","°C","100.000","%a.s.","22.780","deg","20.000","°C","969.000","hPa","0.82","-0.015","0.00036","-0.00014","0","10","Humid","58.27","1","2500.00","297070.28","SADF0001000082","ABF0.1.0.10","4.0.0.2393","PSt7-10","250224-007","7/27/2025 6:28:56 PM","0000-00","0","no battery","V","","µV","","µV"
"03/05/2026","14:28:41","2","default","813736599","OXY_06","72.700","min","264.637","μmol/L","Humid","19.388","deg","59456","µV","24.074","°C","1017.000","hPa","34.9","pmil","0","55.710","deg","20.000","°C","100.000","%a.s.","22.780","deg","20.000","°C","969.000","hPa","0.82","-0.015","0.00036","-0.00014","0","10","Humid","58.27","1","2500.00","297069.32","SADF0001000082","ABF0.1.0.10","4.0.0.2393","PSt7-10","250224-007","7/27/2025 6:28:56 PM","0000-00","0","no battery","V","","µV","","µV"
"03/05/2026","14:28:43","2","default","813736599","OXY_06","72.733","min","264.873","μmol/L","Humid","19.384","deg","59448","µV","24.055","°C","1017.000","hPa","34.9","pmil","0","55.710","deg","20.000","°C","100.000","%a.s.","22.780","deg","20.000","°C","969.000","hPa","0.82","-0.015","0.00036","-0.00014","0","10","Humid","58.27","1","2500.00","297071.43","SADF0001000082","ABF0.1.0.10","4.0.0.2393","PSt7-10","250224-007","7/27/2025 6:28:56 PM","0000-00","0","no battery","V","","µV","","µV"
"03/05/2026","14:28:45","2","default","813736599","OXY_06","72.766","min","264.946","μmol/L","Humid","19.381","deg","59436","µV","24.055","°C","1017.000","hPa","34.9","pmil","0","55.710","deg","20.000","°C","100.000","%a.s.","22.780","deg","20.000","°C","969.000","hPa","0.82","-0.015","0.00036","-0.00014","0","10","Humid","58.27","1","2500.00","297072.94","SADF0001000082","ABF0.1.0.10","4.0.0.2393","PSt7-10","250224-007","7/27/2025 6:28:56 PM","0000-00","0","no battery","V","","µV","","µV"
"03/05/2026","14:28:47","2","default","813736599","OXY_06","72.800","min","264.999","μmol/L","Humid","19.373","deg","59426","µV","24.074","°C","1017.000","hPa","34.9","pmil","0","55.710","deg","20.000","°C","100.000","%a.s.","22.780","deg","20.000","°C","969.000","hPa","0.82","-0.015","0.00036","-0.00014","0","10","Humid","58.27","1","2500.00","297072.92","SADF0001000082","ABF0.1.0.10","4.0.0.2393","PSt7-10","250224-007","7/27/2025 6:28:56 PM","0000-00","0","no battery","V","","µV","","µV"
"03/05/2026","14:28:49","2","default","813736599","OXY_06","72.833","min","264.972","μmol/L","Humid","19.378","deg","59417","µV","24.061","°C","1017.000","hPa","34.9","pmil","0","55.710","deg","20.000","°C","100.000","%a.s.","22.780","deg","20.000","°C","969.000","hPa","0.82","-0.015","0.00036","-0.00014","0","10","Humid","58.27","1","2500.00","297077.32","SADF0001000082","ABF0.1.0.10","4.0.0.2393","PSt7-10","250224-007","7/27/2025 6:28:56 PM","0000-00","0","no battery","V","","µV","","µV"
"03/05/2026","14:28:51","2","default","813736599","OXY_06","72.866","min","264.997","μmol/L","Humid","19.375","deg","59404","µV","24.068","°C","1017.000","hPa","34.9","pmil","0","55.710","deg","20.000","°C","100.000","%a.s.","22.780","deg","20.000","°C","969.000","hPa","0.82","-0.015","0.00036","-0.00014","0","10","Humid","58.27","1","2500.00","297067.26","SADF0001000082","ABF0.1.0.10","4.0.0.2393","PSt7-10","250224-007","7/27/2025 6:28:56 PM","0000-00","0","no battery","V","","µV","","µV"
"03/05/2026","14:28:53","2","default","813736599","OXY_06","72.900","min","264.997","μmol/L","Humid","19.375","deg","59396","µV","24.068","°C","1017.000","hPa","34.9","pmil","0","55.710","deg","20.000","°C","100.000","%a.s.","22.780","deg","20.000","°C","969.000","hPa","0.82","-0.015","0.00036","-0.00014","0","10","Humid","58.27","1","2500.00","297061.05","SADF0001000082","ABF0.1.0.10","4.0.0.2393","PSt7-10","250224-007","7/27/2025 6:28:56 PM","0000-00","0","no battery","V","","µV","","µV"
"03/05/2026","14:28:55","2","default","813736599","OXY_06","72.934","min","264.884","μmol/L","Humid","19.372","deg","59385","µV","24.092","°C","1017.000","hPa","34.9","pmil","0","55.710","deg","20.000","°C","100.000","%a.s.","22.780","deg","20.000","°C","969.000","hPa","0.82","-0.015","0.00036","-0.00014","0","10","Humid","58.27","1","2500.00","297053.30","SADF0001000082","ABF0.1.0.10","4.0.0.2393","PSt7-10","250224-007","7/27/2025 6:28:56 PM","0000-00","0","no battery","V","","µV","","µV"
"03/05/2026","14:28:57","2","default","813736599","OXY_06","72.966","min","264.978","μmol/L","Humid","19.370","deg","59376","µV","24.086","°C","1017.000","hPa","34.9","pmil","0","55.710","deg","20.000","°C","100.000","%a.s.","22.780","deg","20.000","°C","969.000","hPa","0.82","-0.015","0.00036","-0.00014","0","10","Humid","58.27","1","2500.00","297065.31","SADF0001000082","ABF0.1.0.10","4.0.0.2393","PSt7-10","250224-007","7/27/2025 6:28:56 PM","0000-00","0","no battery","V","","µV","","µV"
"03/05/2026","14:28:59","2","default","813736599","OXY_06","73.000","min","265.192","μmol/L","Humid","19.365","deg","59370","µV","24.074","°C","1017.000","hPa","34.9","pmil","0","55.710","deg","20.000","°C","100.000","%a.s.","22.780","deg","20.000","°C","969.000","hPa","0.82","-0.015","0.00036","-0.00014","0","10","Humid","58.27","1","2500.00","297068.72","SADF0001000082","ABF0.1.0.10","4.0.0.2393","PSt7-10","250224-007","7/27/2025 6:28:56 PM","0000-00","0","no battery","V","","µV","","µV"
"03/05/2026","14:29:01","2","default","813736599","OXY_06","73.033","min","265.217","μmol/L","Humid","19.364","deg","59353","µV","24.074","°C","1017.000","hPa","34.9","pmil","0","55.710","deg","20.000","°C","100.000","%a.s.","22.780","deg","20.000","°C","969.000","hPa","0.82","-0.015","0.00036","-0.00014","0","10","Humid","58.27","1","2500.00","297064.67","SADF0001000082","ABF0.1.0.10","4.0.0.2393","PSt7-10","250224-007","7/27/2025 6:28:56 PM","0000-00","0","no battery","V","","µV","","µV"
"03/05/2026","14:29:03","2","default","813736599","OXY_06","73.067","min","265.554","μmol/L","Humid","19.352","deg","59350","µV","24.068","°C","1017.000","hPa","34.9","pmil","0","55.710","deg","20.000","°C","100.000","%a.s.","22.780","deg","20.000","°C","969.000","hPa","0.82","-0.015","0.00036","-0.00014","0","10","Humid","58.27","1","2500.00","297071.15","SADF0001000082","ABF0.1.0.10","4.0.0.2393","PSt7-10","250224-007","7/27/2025 6:28:56 PM","0000-00","0","no battery","V","","µV","","µV"
"03/05/2026","14:29:05","2","default","813736599","OXY_06","73.099","min","265.319","μmol/L","Humid","19.354","deg","59341","µV","24.092","°C","1017.000","hPa","34.9","pmil","0","55.710","deg","20.000","°C","100.000","%a.s.","22.780","deg","20.000","°C","969.000","hPa","0.82","-0.015","0.00036","-0.00014","0","10","Humid","58.27","1","2500.00","297069.71","SADF0001000082","ABF0.1.0.10","4.0.0.2393","PSt7-10","250224-007","7/27/2025 6:28:56 PM","0000-00","0","no battery","V","","µV","","µV"
"03/05/2026","14:29:07","2","default","813736599","OXY_06","73.133","min","265.552","μmol/L","Humid","19.354","deg","59320","µV","24.061","°C","1017.000","hPa","34.9","pmil","0","55.710","deg","20.000","°C","100.000","%a.s.","22.780","deg","20.000","°C","969.000","hPa","0.82","-0.015","0.00036","-0.00014","0","10","Humid","58.27","1","2500.00","297079.17","SADF0001000082","ABF0.1.0.10","4.0.0.2393","PSt7-10","250224-007","7/27/2025 6:28:56 PM","0000-00","0","no battery","V","","µV","","µV"
"03/05/2026","14:29:09","2","default","813736599","OXY_06","73.167","min","265.746","μmol/L","Humid","19.346","deg","59311","µV","24.061","°C","1017.000","hPa","34.9","pmil","0","55.710","deg","20.000","°C","100.000","%a.s.","22.780","deg","20.000","°C","969.000","hPa","0.82","-0.015","0.00036","-0.00014","0","10","Humid","58.27","1","2500.00","297066.31","SADF0001000082","ABF0.1.0.10","4.0.0.2393","PSt7-10","250224-007","7/27/2025 6:28:56 PM","0000-00","0","no battery","V","","µV","","µV"
"03/05/2026","14:29:11","2","default","813736599","OXY_06","73.200","min","265.654","μmol/L","Humid","19.344","deg","59300","µV","24.080","°C","1017.000","hPa","34.9","pmil","0","55.710","deg","20.000","°C","100.000","%a.s.","22.780","deg","20.000","°C","969.000","hPa","0.82","-0.015","0.00036","-0.00014","0","10","Humid","58.27","1","2500.00","297061.99","SADF0001000082","ABF0.1.0.10","4.0.0.2393","PSt7-10","250224-007","7/27/2025 6:28:56 PM","0000-00","0","no battery","V","","µV","","µV"
"03/05/2026","14:29:13","2","default","813736599","OXY_06","73.233","min","265.747","μmol/L","Humid","19.344","deg","59291","µV","24.068","°C","1017.000","hPa","34.9","pmil","0","55.710","deg","20.000","°C","100.000","%a.s.","22.780","deg","20.000","°C","969.000","hPa","0.82","-0.015","0.00036","-0.00014","0","10","Humid","58.27","1","2500.00","297064.46","SADF0001000082","ABF0.1.0.10","4.0.0.2393","PSt7-10","250224-007","7/27/2025 6:28:56 PM","0000-00","0","no battery","V","","µV","","µV"
"03/05/2026","14:29:15","2","default","813736599","OXY_06","73.267","min","265.796","μmol/L","Humid","19.342","deg","59282","µV","24.068","°C","1017.000","hPa","34.9","pmil","0","55.710","deg","20.000","°C","100.000","%a.s.","22.780","deg","20.000","°C","969.000","hPa","0.82","-0.015","0.00036","-0.00014","0","10","Humid","58.27","1","2500.00","297062.71","SADF0001000082","ABF0.1.0.10","4.0.0.2393","PSt7-10","250224-007","7/27/2025 6:28:56 PM","0000-00","0","no battery","V","","µV","","µV"
"03/05/2026","14:29:17","2","default","813736599","OXY_06","73.300","min","265.988","μmol/L","Humid","19.336","deg","59273","µV","24.061","°C","1017.000","hPa","34.9","pmil","0","55.710","deg","20.000","°C","100.000","%a.s.","22.780","deg","20.000","°C","969.000","hPa","0.82","-0.015","0.00036","-0.00014","0","10","Humid","58.27","1","2500.00","297066.83","SADF0001000082","ABF0.1.0.10","4.0.0.2393","PSt7-10","250224-007","7/27/2025 6:28:56 PM","0000-00","0","no battery","V","","µV","","µV"
"03/05/2026","14:29:19","2","default","813736599","OXY_06","73.333","min","265.966","μmol/L","Humid","19.335","deg","59265","µV","24.068","°C","1017.000","hPa","34.9","pmil","0","55.710","deg","20.000","°C","100.000","%a.s.","22.780","deg","20.000","°C","969.000","hPa","0.82","-0.015","0.00036","-0.00014","0","10","Humid","58.27","1","2500.00","297072.76","SADF0001000082","ABF0.1.0.10","4.0.0.2393","PSt7-10","250224-007","7/27/2025 6:28:56 PM","0000-00","0","no battery","V","","µV","","µV"
"03/05/2026","14:29:21","2","default","813736599","OXY_06","73.366","min","265.657","μmol/L","Humid","19.340","deg","59259","µV","24.092","°C","1017.000","hPa","34.9","pmil","0","55.710","deg","20.000","°C","100.000","%a.s.","22.780","deg","20.000","°C","969.000","hPa","0.82","-0.015","0.00036","-0.00014","0","10","Humid","58.27","1","2500.00","297061.46","SADF0001000082","ABF0.1.0.10","4.0.0.2393","PSt7-10","250224-007","7/27/2025 6:28:56 PM","0000-00","0","no battery","V","","µV","","µV"
"03/05/2026","14:29:23","2","default","813736599","OXY_06","73.400","min","265.969","μmol/L","Humid","19.331","deg","59252","µV","24.080","°C","1017.000","hPa","34.9","pmil","0","55.710","deg","20.000","°C","100.000","%a.s.","22.780","deg","20.000","°C","969.000","hPa","0.82","-0.015","0.00036","-0.00014","0","10","Humid","58.27","1","2500.00","297065.89","SADF0001000082","ABF0.1.0.10","4.0.0.2393","PSt7-10","250224-007","7/27/2025 6:28:56 PM","0000-00","0","no battery","V","","µV","","µV"
"03/05/2026","14:29:25","2","default","813736599","OXY_06","73.433","min","266.111","μmol/L","Humid","19.329","deg","59239","µV","24.068","°C","1017.000","hPa","34.9","pmil","0","55.710","deg","20.000","°C","100.000","%a.s.","22.780","deg","20.000","°C","969.000","hPa","0.82","-0.015","0.00036","-0.00014","0","10","Humid","58.27","1","2500.00","297063.27","SADF0001000082","ABF0.1.0.10","4.0.0.2393","PSt7-10","250224-007","7/27/2025 6:28:56 PM","0000-00","0","no battery","V","","µV","","µV"
"03/05/2026","14:29:27","2","default","813736599","OXY_06","73.467","min","266.113","μmol/L","Humid","19.327","deg","59232","µV","24.074","°C","1017.000","hPa","34.9","pmil","0","55.710","deg","20.000","°C","100.000","%a.s.","22.780","deg","20.000","°C","969.000","hPa","0.82","-0.015","0.00036","-0.00014","0","10","Humid","58.27","1","2500.00","297063.03","SADF0001000082","ABF0.1.0.10","4.0.0.2393","PSt7-10","250224-007","7/27/2025 6:28:56 PM","0000-00","0","no battery","V","","µV","","µV"
"03/05/2026","14:29:29","2","default","813736599","OXY_06","73.499","min","266.139","μmol/L","Humid","19.324","deg","59219","µV","24.080","°C","1017.000","hPa","34.9","pmil","0","55.710","deg","20.000","°C","100.000","%a.s.","22.780","deg","20.000","°C","969.000","hPa","0.82","-0.015","0.00036","-0.00014","0","10","Humid","58.27","1","2500.00","297058.12","SADF0001000082","ABF0.1.0.10","4.0.0.2393","PSt7-10","250224-007","7/27/2025 6:28:56 PM","0000-00","0","no battery","V","","µV","","µV"
"03/05/2026","14:29:31","2","default","813736599","OXY_06","73.533","min","266.423","μmol/L","Humid","19.320","deg","59210","µV","24.055","°C","1017.000","hPa","34.9","pmil","0","55.710","deg","20.000","°C","100.000","%a.s.","22.780","deg","20.000","°C","969.000","hPa","0.82","-0.015","0.00036","-0.00014","0","10","Humid","58.27","1","2500.00","297066.37","SADF0001000082","ABF0.1.0.10","4.0.0.2393","PSt7-10","250224-007","7/27/2025 6:28:56 PM","0000-00","0","no battery","V","","µV","","µV"
"03/05/2026","14:29:33","2","default","813736599","OXY_06","73.567","min","266.597","μmol/L","Humid","19.309","deg","59201","µV","24.068","°C","1017.000","hPa","34.9","pmil","0","55.710","deg","20.000","°C","100.000","%a.s.","22.780","deg","20.000","°C","969.000","hPa","0.82","-0.015","0.00036","-0.00014","0","10","Humid","58.27","1","2500.00","297063.95","SADF0001000082","ABF0.1.0.10","4.0.0.2393","PSt7-10","250224-007","7/27/2025 6:28:56 PM","0000-00","0","no battery","V","","µV","","µV"
"03/05/2026","14:29:35","2","default","813736599","OXY_06","73.600","min","266.309","μmol/L","Humid","19.317","deg","59192","µV","24.080","°C","1017.000","hPa","34.9","pmil","0","55.710","deg","20.000","°C","100.000","%a.s.","22.780","deg","20.000","°C","969.000","hPa","0.82","-0.015","0.00036","-0.00014","0","10","Humid","58.27","1","2500.00","297052.43","SADF0001000082","ABF0.1.0.10","4.0.0.2393","PSt7-10","250224-007","7/27/2025 6:28:56 PM","0000-00","0","no battery","V","","µV","","µV"
"03/05/2026","14:29:37","2","default","813736599","OXY_06","73.633","min","266.521","μmol/L","Humid","19.316","deg","59180","µV","24.055","°C","1017.000","hPa","34.9","pmil","0","55.710","deg","20.000","°C","100.000","%a.s.","22.780","deg","20.000","°C","969.000","hPa","0.82","-0.015","0.00036","-0.00014","0","10","Humid","58.27","1","2500.00","297049.76","SADF0001000082","ABF0.1.0.10","4.0.0.2393","PSt7-10","250224-007","7/27/2025 6:28:56 PM","0000-00","0","no battery","V","","µV","","µV"
"03/05/2026","14:29:39","2","default","813736599","OXY_06","73.666","min","266.691","μmol/L","Humid","19.309","deg","59175","µV","24.055","°C","1017.000","hPa","34.9","pmil","0","55.710","deg","20.000","°C","100.000","%a.s.","22.780","deg","20.000","°C","969.000","hPa","0.82","-0.015","0.00036","-0.00014","0","10","Humid","58.27","1","2500.00","297067.92","SADF0001000082","ABF0.1.0.10","4.0.0.2393","PSt7-10","250224-007","7/27/2025 6:28:56 PM","0000-00","0","no battery","V","","µV","","µV"
"03/05/2026","14:29:41","2","default","813736599","OXY_06","73.700","min","266.622","μmol/L","Humid","19.308","deg","59164","µV","24.068","°C","1017.000","hPa","34.9","pmil","0","55.710","deg","20.000","°C","100.000","%a.s.","22.780","deg","20.000","°C","969.000","hPa","0.82","-0.015","0.00036","-0.00014","0","10","Humid","58.27","1","2500.00","297056.38","SADF0001000082","ABF0.1.0.10","4.0.0.2393","PSt7-10","250224-007","7/27/2025 6:28:56 PM","0000-00","0","no battery","V","","µV","","µV"
"03/05/2026","14:29:43","2","default","813736599","OXY_06","73.734","min","266.935","μmol/L","Humid","19.299","deg","59152","µV","24.055","°C","1017.000","hPa","34.9","pmil","0","55.710","deg","20.000","°C","100.000","%a.s.","22.780","deg","20.000","°C","969.000","hPa","0.82","-0.015","0.00036","-0.00014","0","10","Humid","58.27","1","2500.00","297054.34","SADF0001000082","ABF0.1.0.10","4.0.0.2393","PSt7-10","250224-007","7/27/2025 6:28:56 PM","0000-00","0","no battery","V","","µV","","µV"
"03/05/2026","14:29:45","2","default","813736599","OXY_06","73.766","min","266.745","μmol/L","Humid","19.301","deg","59145","µV","24.074","°C","1017.000","hPa","34.9","pmil","0","55.710","deg","20.000","°C","100.000","%a.s.","22.780","deg","20.000","°C","969.000","hPa","0.82","-0.015","0.00036","-0.00014","0","10","Humid","58.27","1","2500.00","297060.34","SADF0001000082","ABF0.1.0.10","4.0.0.2393","PSt7-10","250224-007","7/27/2025 6:28:56 PM","0000-00","0","no battery","V","","µV","","µV"
"03/05/2026","14:29:47","2","default","813736599","OXY_06","73.800","min","266.888","μmol/L","Humid","19.299","deg","59140","µV","24.061","°C","1017.000","hPa","34.9","pmil","0","55.710","deg","20.000","°C","100.000","%a.s.","22.780","deg","20.000","°C","969.000","hPa","0.82","-0.015","0.00036","-0.00014","0","10","Humid","58.27","1","2500.00","297066.15","SADF0001000082","ABF0.1.0.10","4.0.0.2393","PSt7-10","250224-007","7/27/2025 6:28:56 PM","0000-00","0","no battery","V","","µV","","µV"
"03/05/2026","14:29:49","2","default","813736599","OXY_06","73.833","min","266.841","μmol/L","Humid","19.299","deg","59123","µV","24.068","°C","1017.000","hPa","34.9","pmil","0","55.710","deg","20.000","°C","100.000","%a.s.","22.780","deg","20.000","°C","969.000","hPa","0.82","-0.015","0.00036","-0.00014","0","10","Humid","58.27","1","2500.00","297058.48","SADF0001000082","ABF0.1.0.10","4.0.0.2393","PSt7-10","250224-007","7/27/2025 6:28:56 PM","0000-00","0","no battery","V","","µV","","µV"
"03/05/2026","14:29:51","2","default","813736599","OXY_06","73.867","min","266.723","μmol/L","Humid","19.300","deg","59122","µV","24.080","°C","1017.000","hPa","34.9","pmil","0","55.710","deg","20.000","°C","100.000","%a.s.","22.780","deg","20.000","°C","969.000","hPa","0.82","-0.015","0.00036","-0.00014","0","10","Humid","58.27","1","2500.00","297054.49","SADF0001000082","ABF0.1.0.10","4.0.0.2393","PSt7-10","250224-007","7/27/2025 6:28:56 PM","0000-00","0","no battery","V","","µV","","µV"
"03/05/2026","14:29:53","2","default","813736599","OXY_06","73.900","min","267.152","μmol/L","Humid","19.292","deg","59114","µV","24.049","°C","1017.000","hPa","34.9","pmil","0","55.710","deg","20.000","°C","100.000","%a.s.","22.780","deg","20.000","°C","969.000","hPa","0.82","-0.015","0.00036","-0.00014","0","10","Humid","58.27","1","2500.00","297063.71","SADF0001000082","ABF0.1.0.10","4.0.0.2393","PSt7-10","250224-007","7/27/2025 6:28:56 PM","0000-00","0","no battery","V","","µV","","µV"
"03/05/2026","14:29:55","2","default","813736599","OXY_06","73.933","min","266.820","μmol/L","Humid","19.296","deg","59105","µV","24.080","°C","1017.000","hPa","34.9","pmil","0","55.710","deg","20.000","°C","100.000","%a.s.","22.780","deg","20.000","°C","969.000","hPa","0.82","-0.015","0.00036","-0.00014","0","10","Humid","58.27","1","2500.00","297069.80","SADF0001000082","ABF0.1.0.10","4.0.0.2393","PSt7-10","250224-007","7/27/2025 6:28:56 PM","0000-00","0","no battery","V","","µV","","µV"
"03/05/2026","14:29:57","2","default","813736599","OXY_06","73.967","min","266.985","μmol/L","Humid","19.295","deg","59094","µV","24.061","°C","1017.000","hPa","34.9","pmil","0","55.710","deg","20.000","°C","100.000","%a.s.","22.780","deg","20.000","°C","969.000","hPa","0.82","-0.015","0.00036","-0.00014","0","10","Humid","58.27","1","2500.00","297067.27","SADF0001000082","ABF0.1.0.10","4.0.0.2393","PSt7-10","250224-007","7/27/2025 6:28:56 PM","0000-00","0","no battery","V","","µV","","µV"
"03/05/2026","14:29:59","2","default","813736599","OXY_06","74.000","min","266.944","μmol/L","Humid","19.289","deg","59083","µV","24.086","°C","1017.000","hPa","34.9","pmil","0","55.710","deg","20.000","°C","100.000","%a.s.","22.780","deg","20.000","°C","969.000","hPa","0.82","-0.015","0.00036","-0.00014","0","10","Humid","58.27","1","2500.00","297048.87","SADF0001000082","ABF0.1.0.10","4.0.0.2393","PSt7-10","250224-007","7/27/2025 6:28:56 PM","0000-00","0","no battery","V","","µV","","µV"
"03/05/2026","14:30:01","2","default","813736599","OXY_06","74.033","min","267.301","μmol/L","Humid","19.284","deg","59073","µV","24.055","°C","1017.000","hPa","34.9","pmil","0","55.710","deg","20.000","°C","100.000","%a.s.","22.780","deg","20.000","°C","969.000","hPa","0.82","-0.015","0.00036","-0.00014","0","10","Humid","58.27","1","2500.00","297069.03","SADF0001000082","ABF0.1.0.10","4.0.0.2393","PSt7-10","250224-007","7/27/2025 6:28:56 PM","0000-00","0","no battery","V","","µV","","µV"
"03/05/2026","14:30:03","2","default","813736599","OXY_06","74.066","min","267.282","μmol/L","Humid","19.279","deg","59065","µV","24.074","°C","1017.000","hPa","34.9","pmil","0","55.710","deg","20.000","°C","100.000","%a.s.","22.780","deg","20.000","°C","969.000","hPa","0.82","-0.015","0.00036","-0.00014","0","10","Humid","58.27","1","2500.00","297066.30","SADF0001000082","ABF0.1.0.10","4.0.0.2393","PSt7-10","250224-007","7/27/2025 6:28:56 PM","0000-00","0","no battery","V","","µV","","µV"
"03/05/2026","14:30:05","2","default","813736599","OXY_06","74.100","min","267.400","μmol/L","Humid","19.278","deg","59059","µV","24.061","°C","1017.000","hPa","34.9","pmil","0","55.710","deg","20.000","°C","100.000","%a.s.","22.780","deg","20.000","°C","969.000","hPa","0.82","-0.015","0.00036","-0.00014","0","10","Humid","58.27","1","2500.00","297054.87","SADF0001000082","ABF0.1.0.10","4.0.0.2393","PSt7-10","250224-007","7/27/2025 6:28:56 PM","0000-00","0","no battery","V","","µV","","µV"
"03/05/2026","14:30:07","2","default","813736599","OXY_06","74.133","min","267.327","μmol/L","Humid","19.281","deg","59050","µV","24.061","°C","1017.000","hPa","34.9","pmil","0","55.710","deg","20.000","°C","100.000","%a.s.","22.780","deg","20.000","°C","969.000","hPa","0.82","-0.015","0.00036","-0.00014","0","10","Humid","58.27","1","2500.00","297051.83","SADF0001000082","ABF0.1.0.10","4.0.0.2393","PSt7-10","250224-007","7/27/2025 6:28:56 PM","0000-00","0","no battery","V","","µV","","µV"
"03/05/2026","14:30:09","2","default","813736599","OXY_06","74.167","min","267.378","μmol/L","Humid","19.277","deg","59045","µV","24.068","°C","1017.000","hPa","34.9","pmil","0","55.710","deg","20.000","°C","100.000","%a.s.","22.780","deg","20.000","°C","969.000","hPa","0.82","-0.015","0.00036","-0.00014","0","10","Humid","58.27","1","2500.00","297062.68","SADF0001000082","ABF0.1.0.10","4.0.0.2393","PSt7-10","250224-007","7/27/2025 6:28:56 PM","0000-00","0","no battery","V","","µV","","µV"
"03/05/2026","14:30:11","2","default","813736599","OXY_06","74.200","min","267.498","μmol/L","Humid","19.274","deg","59033","µV","24.061","°C","1017.000","hPa","34.9","pmil","0","55.710","deg","20.000","°C","100.000","%a.s.","22.780","deg","20.000","°C","969.000","hPa","0.82","-0.015","0.00036","-0.00014","0","10","Humid","58.27","1","2500.00","297068.14","SADF0001000082","ABF0.1.0.10","4.0.0.2393","PSt7-10","250224-007","7/27/2025 6:28:56 PM","0000-00","0","no battery","V","","µV","","µV"
"03/05/2026","14:30:13","2","default","813736599","OXY_06","74.233","min","267.596","μmol/L","Humid","19.270","deg","59025","µV","24.061","°C","1017.000","hPa","34.9","pmil","0","55.710","deg","20.000","°C","100.000","%a.s.","22.780","deg","20.000","°C","969.000","hPa","0.82","-0.015","0.00036","-0.00014","0","10","Humid","58.27","1","2500.00","297058.93","SADF0001000082","ABF0.1.0.10","4.0.0.2393","PSt7-10","250224-007","7/27/2025 6:28:56 PM","0000-00","0","no battery","V","","µV","","µV"
"03/05/2026","14:30:15","2","default","813736599","OXY_06","74.267","min","267.596","μmol/L","Humid","19.270","deg","59019","µV","24.061","°C","1017.000","hPa","34.9","pmil","0","55.710","deg","20.000","°C","100.000","%a.s.","22.780","deg","20.000","°C","969.000","hPa","0.82","-0.015","0.00036","-0.00014","0","10","Humid","58.27","1","2500.00","297050.86","SADF0001000082","ABF0.1.0.10","4.0.0.2393","PSt7-10","250224-007","7/27/2025 6:28:56 PM","0000-00","0","no battery","V","","µV","","µV"
"03/05/2026","14:30:17","2","default","813736599","OXY_06","74.300","min","267.550","μmol/L","Humid","19.268","deg","59004","µV","24.074","°C","1017.000","hPa","34.9","pmil","0","55.710","deg","20.000","°C","100.000","%a.s.","22.780","deg","20.000","°C","969.000","hPa","0.82","-0.015","0.00036","-0.00014","0","10","Humid","58.27","1","2500.00","297056.21","SADF0001000082","ABF0.1.0.10","4.0.0.2393","PSt7-10","250224-007","7/27/2025 6:28:56 PM","0000-00","0","no battery","V","","µV","","µV"
"03/05/2026","14:30:19","2","default","813736599","OXY_06","74.333","min","267.910","μmol/L","Humid","19.261","deg","59000","µV","24.049","°C","1017.000","hPa","34.9","pmil","0","55.710","deg","20.000","°C","100.000","%a.s.","22.780","deg","20.000","°C","969.000","hPa","0.82","-0.015","0.00036","-0.00014","0","10","Humid","58.27","1","2500.00","297048.61","SADF0001000082","ABF0.1.0.10","4.0.0.2393","PSt7-10","250224-007","7/27/2025 6:28:56 PM","0000-00","0","no battery","V","","µV","","µV"
"03/05/2026","14:30:21","2","default","813736599","OXY_06","74.367","min","267.718","μmol/L","Humid","19.265","deg","58991","µV","24.061","°C","1017.000","hPa","34.9","pmil","0","55.710","deg","20.000","°C","100.000","%a.s.","22.780","deg","20.000","°C","969.000","hPa","0.82","-0.015","0.00036","-0.00014","0","10","Humid","58.27","1","2500.00","297055.24","SADF0001000082","ABF0.1.0.10","4.0.0.2393","PSt7-10","250224-007","7/27/2025 6:28:56 PM","0000-00","0","no battery","V","","µV","","µV"
"03/05/2026","14:30:23","2","default","813736599","OXY_06","74.400","min","267.842","μmol/L","Humid","19.258","deg","58992","µV","24.068","°C","1017.000","hPa","34.9","pmil","0","55.710","deg","20.000","°C","100.000","%a.s.","22.780","deg","20.000","°C","969.000","hPa","0.82","-0.015","0.00036","-0.00014","0","10","Humid","58.27","1","2500.00","297056.31","SADF0001000082","ABF0.1.0.10","4.0.0.2393","PSt7-10","250224-007","7/27/2025 6:28:56 PM","0000-00","0","no battery","V","","µV","","µV"
"03/05/2026","14:30:25","2","default","813736599","OXY_06","74.433","min","267.842","μmol/L","Humid","19.258","deg","58970","µV","24.068","°C","1017.000","hPa","34.9","pmil","0","55.710","deg","20.000","°C","100.000","%a.s.","22.780","deg","20.000","°C","969.000","hPa","0.82","-0.015","0.00036","-0.00014","0","10","Humid","58.27","1","2500.00","297046.98","SADF0001000082","ABF0.1.0.10","4.0.0.2393","PSt7-10","250224-007","7/27/2025 6:28:56 PM","0000-00","0","no battery","V","","µV","","µV"
"03/05/2026","14:30:27","2","default","813736599","OXY_06","74.467","min","268.014","μmol/L","Humid","19.251","deg","58961","µV","24.068","°C","1017.000","hPa","34.9","pmil","0","55.710","deg","20.000","°C","100.000","%a.s.","22.780","deg","20.000","°C","969.000","hPa","0.82","-0.015","0.00036","-0.00014","0","10","Humid","58.27","1","2500.00","297048.40","SADF0001000082","ABF0.1.0.10","4.0.0.2393","PSt7-10","250224-007","7/27/2025 6:28:56 PM","0000-00","0","no battery","V","","µV","","µV"
"03/05/2026","14:30:29","2","default","813736599","OXY_06","74.500","min","267.942","μmol/L","Humid","19.252","deg","58956","µV","24.074","°C","1017.000","hPa","34.9","pmil","0","55.710","deg","20.000","°C","100.000","%a.s.","22.780","deg","20.000","°C","969.000","hPa","0.82","-0.015","0.00036","-0.00014","0","10","Humid","58.27","1","2500.00","297054.34","SADF0001000082","ABF0.1.0.10","4.0.0.2393","PSt7-10","250224-007","7/27/2025 6:28:56 PM","0000-00","0","no battery","V","","µV","","µV"
"03/05/2026","14:30:31","2","default","813736599","OXY_06","74.533","min","268.112","μmol/L","Humid","19.247","deg","58956","µV","24.068","°C","1017.000","hPa","34.9","pmil","0","55.710","deg","20.000","°C","100.000","%a.s.","22.780","deg","20.000","°C","969.000","hPa","0.82","-0.015","0.00036","-0.00014","0","10","Humid","58.27","1","2500.00","297072.65","SADF0001000082","ABF0.1.0.10","4.0.0.2393","PSt7-10","250224-007","7/27/2025 6:28:56 PM","0000-00","0","no battery","V","","µV","","µV"
"03/05/2026","14:30:33","2","default","813736599","OXY_06","74.566","min","268.255","μmol/L","Humid","19.245","deg","58944","µV","24.055","°C","1017.000","hPa","34.9","pmil","0","55.710","deg","20.000","°C","100.000","%a.s.","22.780","deg","20.000","°C","969.000","hPa","0.82","-0.015","0.00036","-0.00014","0","10","Humid","58.27","1","2500.00","297054.25","SADF0001000082","ABF0.1.0.10","4.0.0.2393","PSt7-10","250224-007","7/27/2025 6:28:56 PM","0000-00","0","no battery","V","","µV","","µV"
"03/05/2026","14:30:35","2","default","813736599","OXY_06","74.600","min","268.210","μmol/L","Humid","19.243","deg","58938","µV","24.068","°C","1017.000","hPa","34.9","pmil","0","55.710","deg","20.000","°C","100.000","%a.s.","22.780","deg","20.000","°C","969.000","hPa","0.82","-0.015","0.00036","-0.00014","0","10","Humid","58.27","1","2500.00","297054.26","SADF0001000082","ABF0.1.0.10","4.0.0.2393","PSt7-10","250224-007","7/27/2025 6:28:56 PM","0000-00","0","no battery","V","","µV","","µV"
"03/05/2026","14:30:37","2","default","813736599","OXY_06","74.634","min","267.995","μmol/L","Humid","19.246","deg","58929","µV","24.086","°C","1017.000","hPa","34.9","pmil","0","55.710","deg","20.000","°C","100.000","%a.s.","22.780","deg","20.000","°C","969.000","hPa","0.82","-0.015","0.00036","-0.00014","0","10","Humid","58.27","1","2500.00","297048.79","SADF0001000082","ABF0.1.0.10","4.0.0.2393","PSt7-10","250224-007","7/27/2025 6:28:56 PM","0000-00","0","no battery","V","","µV","","µV"
"03/05/2026","14:30:39","2","default","813736599","OXY_06","74.666","min","268.285","μmol/L","Humid","19.238","deg","58913","µV","24.074","°C","1017.000","hPa","34.9","pmil","0","55.710","deg","20.000","°C","100.000","%a.s.","22.780","deg","20.000","°C","969.000","hPa","0.82","-0.015","0.00036","-0.00014","0","10","Humid","58.27","1","2500.00","297053.25","SADF0001000082","ABF0.1.0.10","4.0.0.2393","PSt7-10","250224-007","7/27/2025 6:28:56 PM","0000-00","0","no battery","V","","µV","","µV"
"03/05/2026","14:30:41","2","default","813736599","OXY_06","74.700","min","268.230","μmol/L","Humid","19.246","deg","58910","µV","24.055","°C","1017.000","hPa","34.9","pmil","0","55.710","deg","20.000","°C","100.000","%a.s.","22.780","deg","20.000","°C","969.000","hPa","0.82","-0.015","0.00036","-0.00014","0","10","Humid","58.27","1","2500.00","297055.48","SADF0001000082","ABF0.1.0.10","4.0.0.2393","PSt7-10","250224-007","7/27/2025 6:28:56 PM","0000-00","0","no battery","V","","µV","","µV"
"03/05/2026","14:30:43","2","default","813736599","OXY_06","74.733","min","268.336","μmol/L","Humid","19.234","deg","58904","µV","24.080","°C","1017.000","hPa","34.9","pmil","0","55.710","deg","20.000","°C","100.000","%a.s.","22.780","deg","20.000","°C","969.000","hPa","0.82","-0.015","0.00036","-0.00014","0","10","Humid","58.27","1","2500.00","297064.89","SADF0001000082","ABF0.1.0.10","4.0.0.2393","PSt7-10","250224-007","7/27/2025 6:28:56 PM","0000-00","0","no battery","V","","µV","","µV"
"03/05/2026","14:30:45","2","default","813736599","OXY_06","74.767","min","268.383","μmol/L","Humid","19.234","deg","58892","µV","24.074","°C","1017.000","hPa","34.9","pmil","0","55.710","deg","20.000","°C","100.000","%a.s.","22.780","deg","20.000","°C","969.000","hPa","0.82","-0.015","0.00036","-0.00014","0","10","Humid","58.27","1","2500.00","297045.30","SADF0001000082","ABF0.1.0.10","4.0.0.2393","PSt7-10","250224-007","7/27/2025 6:28:56 PM","0000-00","0","no battery","V","","µV","","µV"
"03/05/2026","14:30:47","2","default","813736599","OXY_06","74.800","min","268.529","μmol/L","Humid","19.230","deg","58884","µV","24.068","°C","1017.000","hPa","34.9","pmil","0","55.710","deg","20.000","°C","100.000","%a.s.","22.780","deg","20.000","°C","969.000","hPa","0.82","-0.015","0.00036","-0.00014","0","10","Humid","58.27","1","2500.00","297056.49","SADF0001000082","ABF0.1.0.10","4.0.0.2393","PSt7-10","250224-007","7/27/2025 6:28:56 PM","0000-00","0","no battery","V","","µV","","µV"
"03/05/2026","14:30:49","2","default","813736599","OXY_06","74.834","min","268.648","μmol/L","Humid","19.229","deg","58875","µV","24.055","°C","1017.000","hPa","34.9","pmil","0","55.710","deg","20.000","°C","100.000","%a.s.","22.780","deg","20.000","°C","969.000","hPa","0.82","-0.015","0.00036","-0.00014","0","10","Humid","58.27","1","2500.00","297046.39","SADF0001000082","ABF0.1.0.10","4.0.0.2393","PSt7-10","250224-007","7/27/2025 6:28:56 PM","0000-00","0","no battery","V","","µV","","µV"
"03/05/2026","14:30:51","2","default","813736599","OXY_06","74.866","min","268.527","μmol/L","Humid","19.232","deg","58873","µV","24.061","°C","1017.000","hPa","34.9","pmil","0","55.710","deg","20.000","°C","100.000","%a.s.","22.780","deg","20.000","°C","969.000","hPa","0.82","-0.015","0.00036","-0.00014","0","10","Humid","58.27","1","2500.00","297045.28","SADF0001000082","ABF0.1.0.10","4.0.0.2393","PSt7-10","250224-007","7/27/2025 6:28:56 PM","0000-00","0","no battery","V","","µV","","µV"
"03/05/2026","14:30:53","2","default","813736599","OXY_06","74.900","min","268.701","μmol/L","Humid","19.223","deg","58856","µV","24.068","°C","1017.000","hPa","34.9","pmil","0","55.710","deg","20.000","°C","100.000","%a.s.","22.780","deg","20.000","°C","969.000","hPa","0.82","-0.015","0.00036","-0.00014","0","10","Humid","58.27","1","2500.00","297042.66","SADF0001000082","ABF0.1.0.10","4.0.0.2393","PSt7-10","250224-007","7/27/2025 6:28:56 PM","0000-00","0","no battery","V","","µV","","µV"
"03/05/2026","14:30:55","2","default","813736599","OXY_06","74.933","min","268.818","μmol/L","Humid","19.224","deg","58847","µV","24.049","°C","1017.000","hPa","34.9","pmil","0","55.710","deg","20.000","°C","100.000","%a.s.","22.780","deg","20.000","°C","969.000","hPa","0.82","-0.015","0.00036","-0.00014","0","10","Humid","58.27","1","2500.00","297051.93","SADF0001000082","ABF0.1.0.10","4.0.0.2393","PSt7-10","250224-007","7/27/2025 6:28:56 PM","0000-00","0","no battery","V","","µV","","µV"
"03/05/2026","14:30:57","2","default","813736599","OXY_06","74.967","min","268.727","μmol/L","Humid","19.220","deg","58837","µV","24.074","°C","1017.000","hPa","34.9","pmil","0","55.710","deg","20.000","°C","100.000","%a.s.","22.780","deg","20.000","°C","969.000","hPa","0.82","-0.015","0.00036","-0.00014","0","10","Humid","58.27","1","2500.00","297043.44","SADF0001000082","ABF0.1.0.10","4.0.0.2393","PSt7-10","250224-007","7/27/2025 6:28:56 PM","0000-00","0","no battery","V","","µV","","µV"
"03/05/2026","14:30:59","2","default","813736599","OXY_06","75.000","min","269.039","μmol/L","Humid","19.215","deg","58825","µV","24.049","°C","1017.000","hPa","34.9","pmil","0","55.710","deg","20.000","°C","100.000","%a.s.","22.780","deg","20.000","°C","969.000","hPa","0.82","-0.015","0.00036","-0.00014","0","10","Humid","58.27","1","2500.00","297048.62","SADF0001000082","ABF0.1.0.10","4.0.0.2393","PSt7-10","250224-007","7/27/2025 6:28:56 PM","0000-00","0","no battery","V","","µV","","µV"
"03/05/2026","14:31:01","2","default","813736599","OXY_06","75.033","min","268.922","μmol/L","Humid","19.214","deg","58820","µV","24.068","°C","1017.000","hPa","34.9","pmil","0","55.710","deg","20.000","°C","100.000","%a.s.","22.780","deg","20.000","°C","969.000","hPa","0.82","-0.015","0.00036","-0.00014","0","10","Humid","58.27","1","2500.00","297049.97","SADF0001000082","ABF0.1.0.10","4.0.0.2393","PSt7-10","250224-007","7/27/2025 6:28:56 PM","0000-00","0","no battery","V","","µV","","µV"
"03/05/2026","14:31:03","2","default","813736599","OXY_06","75.067","min","268.901","μmol/L","Humid","19.211","deg","58811","µV","24.080","°C","1017.000","hPa","34.9","pmil","0","55.710","deg","20.000","°C","100.000","%a.s.","22.780","deg","20.000","°C","969.000","hPa","0.82","-0.015","0.00036","-0.00014","0","10","Humid","58.27","1","2500.00","297055.62","SADF0001000082","ABF0.1.0.10","4.0.0.2393","PSt7-10","250224-007","7/27/2025 6:28:56 PM","0000-00","0","no battery","V","","µV","","µV"
"03/05/2026","14:31:05","2","default","813736599","OXY_06","75.100","min","269.191","μmol/L","Humid","19.205","deg","58805","µV","24.061","°C","1017.000","hPa","34.9","pmil","0","55.710","deg","20.000","°C","100.000","%a.s.","22.780","deg","20.000","°C","969.000","hPa","0.82","-0.015","0.00036","-0.00014","0","10","Humid","58.27","1","2500.00","297060.10","SADF0001000082","ABF0.1.0.10","4.0.0.2393","PSt7-10","250224-007","7/27/2025 6:28:56 PM","0000-00","0","no battery","V","","µV","","µV"
"03/05/2026","14:31:07","2","default","813736599","OXY_06","75.133","min","269.189","μmol/L","Humid","19.207","deg","58792","µV","24.055","°C","1017.000","hPa","34.9","pmil","0","55.710","deg","20.000","°C","100.000","%a.s.","22.780","deg","20.000","°C","969.000","hPa","0.82","-0.015","0.00036","-0.00014","0","10","Humid","58.27","1","2500.00","297056.59","SADF0001000082","ABF0.1.0.10","4.0.0.2393","PSt7-10","250224-007","7/27/2025 6:28:56 PM","0000-00","0","no battery","V","","µV","","µV"
"03/05/2026","14:31:09","2","default","813736599","OXY_06","75.166","min","269.049","μmol/L","Humid","19.205","deg","58784","µV","24.080","°C","1017.000","hPa","34.9","pmil","0","55.710","deg","20.000","°C","100.000","%a.s.","22.780","deg","20.000","°C","969.000","hPa","0.82","-0.015","0.00036","-0.00014","0","10","Humid","58.27","1","2500.00","297049.94","SADF0001000082","ABF0.1.0.10","4.0.0.2393","PSt7-10","250224-007","7/27/2025 6:28:56 PM","0000-00","0","no battery","V","","µV","","µV"
"03/05/2026","14:31:11","2","default","813736599","OXY_06","75.200","min","269.384","μmol/L","Humid","19.201","deg","58775","µV","24.049","°C","1017.000","hPa","34.9","pmil","0","55.710","deg","20.000","°C","100.000","%a.s.","22.780","deg","20.000","°C","969.000","hPa","0.82","-0.015","0.00036","-0.00014","0","10","Humid","58.27","1","2500.00","297042.84","SADF0001000082","ABF0.1.0.10","4.0.0.2393","PSt7-10","250224-007","7/27/2025 6:28:56 PM","0000-00","0","no battery","V","","µV","","µV"
"03/05/2026","14:31:13","2","default","813736599","OXY_06","75.233","min","269.244","μmol/L","Humid","19.199","deg","58766","µV","24.074","°C","1017.000","hPa","34.9","pmil","0","55.710","deg","20.000","°C","100.000","%a.s.","22.780","deg","20.000","°C","969.000","hPa","0.82","-0.015","0.00036","-0.00014","0","10","Humid","58.27","1","2500.00","297039.20","SADF0001000082","ABF0.1.0.10","4.0.0.2393","PSt7-10","250224-007","7/27/2025 6:28:56 PM","0000-00","0","no battery","V","","µV","","µV"
"03/05/2026","14:31:15","2","default","813736599","OXY_06","75.267","min","269.388","μmol/L","Humid","19.197","deg","58749","µV","24.061","°C","1017.000","hPa","34.9","pmil","0","55.710","deg","20.000","°C","100.000","%a.s.","22.780","deg","20.000","°C","969.000","hPa","0.82","-0.015","0.00036","-0.00014","0","10","Humid","58.27","1","2500.00","297048.34","SADF0001000082","ABF0.1.0.10","4.0.0.2393","PSt7-10","250224-007","7/27/2025 6:28:56 PM","0000-00","0","no battery","V","","µV","","µV"
"03/05/2026","14:31:17","2","default","813736599","OXY_06","75.300","min","269.415","μmol/L","Humid","19.194","deg","58743","µV","24.068","°C","1017.000","hPa","34.9","pmil","0","55.710","deg","20.000","°C","100.000","%a.s.","22.780","deg","20.000","°C","969.000","hPa","0.82","-0.015","0.00036","-0.00014","0","10","Humid","58.27","1","2500.00","297047.07","SADF0001000082","ABF0.1.0.10","4.0.0.2393","PSt7-10","250224-007","7/27/2025 6:28:56 PM","0000-00","0","no battery","V","","µV","","µV"
"03/05/2026","14:31:19","2","default","813736599","OXY_06","75.333","min","269.295","μmol/L","Humid","19.195","deg","58732","µV","24.080","°C","1017.000","hPa","34.9","pmil","0","55.710","deg","20.000","°C","100.000","%a.s.","22.780","deg","20.000","°C","969.000","hPa","0.82","-0.015","0.00036","-0.00014","0","10","Humid","58.27","1","2500.00","297053.90","SADF0001000082","ABF0.1.0.10","4.0.0.2393","PSt7-10","250224-007","7/27/2025 6:28:56 PM","0000-00","0","no battery","V","","µV","","µV"
"03/05/2026","14:31:21","2","default","813736599","OXY_06","75.367","min","269.489","μmol/L","Humid","19.191","deg","58732","µV","24.068","°C","1017.000","hPa","34.9","pmil","0","55.710","deg","20.000","°C","100.000","%a.s.","22.780","deg","20.000","°C","969.000","hPa","0.82","-0.015","0.00036","-0.00014","0","10","Humid","58.27","1","2500.00","297047.79","SADF0001000082","ABF0.1.0.10","4.0.0.2393","PSt7-10","250224-007","7/27/2025 6:28:56 PM","0000-00","0","no battery","V","","µV","","µV"
"03/05/2026","14:31:23","2","default","813736599","OXY_06","75.400","min","269.756","μmol/L","Humid","19.184","deg","58722","µV","24.055","°C","1017.000","hPa","34.9","pmil","0","55.710","deg","20.000","°C","100.000","%a.s.","22.780","deg","20.000","°C","969.000","hPa","0.82","-0.015","0.00036","-0.00014","0","10","Humid","58.27","1","2500.00","297045.58","SADF0001000082","ABF0.1.0.10","4.0.0.2393","PSt7-10","250224-007","7/27/2025 6:28:56 PM","0000-00","0","no battery","V","","µV","","µV"
"03/05/2026","14:31:25","2","default","813736599","OXY_06","75.433","min","269.612","μmol/L","Humid","19.186","deg","58707","µV","24.068","°C","1017.000","hPa","34.9","pmil","0","55.710","deg","20.000","°C","100.000","%a.s.","22.780","deg","20.000","°C","969.000","hPa","0.82","-0.015","0.00036","-0.00014","0","10","Humid","58.27","1","2500.00","297041.72","SADF0001000082","ABF0.1.0.10","4.0.0.2393","PSt7-10","250224-007","7/27/2025 6:28:56 PM","0000-00","0","no battery","V","","µV","","µV"
"03/05/2026","14:31:27","2","default","813736599","OXY_06","75.467","min","269.711","μmol/L","Humid","19.182","deg","58706","µV","24.068","°C","1017.000","hPa","34.9","pmil","0","55.710","deg","20.000","°C","100.000","%a.s.","22.780","deg","20.000","°C","969.000","hPa","0.82","-0.015","0.00036","-0.00014","0","10","Humid","58.27","1","2500.00","297050.14","SADF0001000082","ABF0.1.0.10","4.0.0.2393","PSt7-10","250224-007","7/27/2025 6:28:56 PM","0000-00","0","no battery","V","","µV","","µV"
"03/05/2026","14:31:29","2","default","813736599","OXY_06","75.500","min","269.907","μmol/L","Humid","19.176","deg","58690","µV","24.061","°C","1017.000","hPa","34.9","pmil","0","55.710","deg","20.000","°C","100.000","%a.s.","22.780","deg","20.000","°C","969.000","hPa","0.82","-0.015","0.00036","-0.00014","0","10","Humid","58.27","1","2500.00","297040.47","SADF0001000082","ABF0.1.0.10","4.0.0.2393","PSt7-10","250224-007","7/27/2025 6:28:56 PM","0000-00","0","no battery","V","","µV","","µV"
"03/05/2026","14:31:31","2","default","813736599","OXY_06","75.533","min","269.762","μmol/L","Humid","19.178","deg","58681","µV","24.074","°C","1017.000","hPa","34.9","pmil","0","55.710","deg","20.000","°C","100.000","%a.s.","22.780","deg","20.000","°C","969.000","hPa","0.82","-0.015","0.00036","-0.00014","0","10","Humid","58.27","1","2500.00","297053.40","SADF0001000082","ABF0.1.0.10","4.0.0.2393","PSt7-10","250224-007","7/27/2025 6:28:56 PM","0000-00","0","no battery","V","","µV","","µV"
"03/05/2026","14:31:33","2","default","813736599","OXY_06","75.566","min","270.074","μmol/L","Humid","19.175","deg","58671","µV","24.043","°C","1017.000","hPa","34.9","pmil","0","55.710","deg","20.000","°C","100.000","%a.s.","22.780","deg","20.000","°C","969.000","hPa","0.82","-0.015","0.00036","-0.00014","0","10","Humid","58.27","1","2500.00","297054.97","SADF0001000082","ABF0.1.0.10","4.0.0.2393","PSt7-10","250224-007","7/27/2025 6:28:56 PM","0000-00","0","no battery","V","","µV","","µV"
"03/05/2026","14:31:35","2","default","813736599","OXY_06","75.600","min","269.983","μmol/L","Humid","19.171","deg","58668","µV","24.068","°C","1017.000","hPa","34.9","pmil","0","55.710","deg","20.000","°C","100.000","%a.s.","22.780","deg","20.000","°C","969.000","hPa","0.82","-0.015","0.00036","-0.00014","0","10","Humid","58.27","1","2500.00","297054.53","SADF0001000082","ABF0.1.0.10","4.0.0.2393","PSt7-10","250224-007","7/27/2025 6:28:56 PM","0000-00","0","no battery","V","","µV","","µV"
"03/05/2026","14:31:37","2","default","813736599","OXY_06","75.634","min","270.055","μmol/L","Humid","19.170","deg","58653","µV","24.061","°C","1017.000","hPa","34.9","pmil","0","55.710","deg","20.000","°C","100.000","%a.s.","22.780","deg","20.000","°C","969.000","hPa","0.82","-0.015","0.00036","-0.00014","0","10","Humid","58.27","1","2500.00","297054.09","SADF0001000082","ABF0.1.0.10","4.0.0.2393","PSt7-10","250224-007","7/27/2025 6:28:56 PM","0000-00","0","no battery","V","","µV","","µV"
"03/05/2026","14:31:39","2","default","813736599","OXY_06","75.666","min","270.107","μmol/L","Humid","19.166","deg","58648","µV","24.068","°C","1017.000","hPa","34.9","pmil","0","55.710","deg","20.000","°C","100.000","%a.s.","22.780","deg","20.000","°C","969.000","hPa","0.82","-0.015","0.00036","-0.00014","0","10","Humid","58.27","1","2500.00","297061.45","SADF0001000082","ABF0.1.0.10","4.0.0.2393","PSt7-10","250224-007","7/27/2025 6:28:56 PM","0000-00","0","no battery","V","","µV","","µV"
"03/05/2026","14:31:41","2","default","813736599","OXY_06","75.700","min","270.059","μmol/L","Humid","19.166","deg","58643","µV","24.074","°C","1017.000","hPa","34.9","pmil","0","55.710","deg","20.000","°C","100.000","%a.s.","22.780","deg","20.000","°C","969.000","hPa","0.82","-0.015","0.00036","-0.00014","0","10","Humid","58.27","1","2500.00","297045.78","SADF0001000082","ABF0.1.0.10","4.0.0.2393","PSt7-10","250224-007","7/27/2025 6:28:56 PM","0000-00","0","no battery","V","","µV","","µV"
"03/05/2026","14:31:43","2","default","813736599","OXY_06","75.733","min","270.156","μmol/L","Humid","19.164","deg","58631","µV","24.068","°C","1017.000","hPa","34.9","pmil","0","55.710","deg","20.000","°C","100.000","%a.s.","22.780","deg","20.000","°C","969.000","hPa","0.82","-0.015","0.00036","-0.00014","0","10","Humid","58.27","1","2500.00","297045.70","SADF0001000082","ABF0.1.0.10","4.0.0.2393","PSt7-10","250224-007","7/27/2025 6:28:56 PM","0000-00","0","no battery","V","","µV","","µV"
"03/05/2026","14:31:45","2","default","813736599","OXY_06","75.767","min","270.422","μmol/L","Humid","19.159","deg","58622","µV","24.049","°C","1017.000","hPa","34.9","pmil","0","55.710","deg","20.000","°C","100.000","%a.s.","22.780","deg","20.000","°C","969.000","hPa","0.82","-0.015","0.00036","-0.00014","0","10","Humid","58.27","1","2500.00","297033.54","SADF0001000082","ABF0.1.0.10","4.0.0.2393","PSt7-10","250224-007","7/27/2025 6:28:56 PM","0000-00","0","no battery","V","","µV","","µV"
"03/05/2026","14:31:47","2","default","813736599","OXY_06","75.799","min","270.451","μmol/L","Humid","19.154","deg","58611","µV","24.061","°C","1017.000","hPa","34.9","pmil","0","55.710","deg","20.000","°C","100.000","%a.s.","22.780","deg","20.000","°C","969.000","hPa","0.82","-0.015","0.00036","-0.00014","0","10","Humid","58.27","1","2500.00","297046.71","SADF0001000082","ABF0.1.0.10","4.0.0.2393","PSt7-10","250224-007","7/27/2025 6:28:56 PM","0000-00","0","no battery","V","","µV","","µV"
"03/05/2026","14:31:49","2","default","813736599","OXY_06","75.833","min","270.210","μmol/L","Humid","19.158","deg","58603","µV","24.080","°C","1017.000","hPa","34.9","pmil","0","55.710","deg","20.000","°C","100.000","%a.s.","22.780","deg","20.000","°C","969.000","hPa","0.82","-0.015","0.00036","-0.00014","0","10","Humid","58.27","1","2500.00","297035.79","SADF0001000082","ABF0.1.0.10","4.0.0.2393","PSt7-10","250224-007","7/27/2025 6:28:56 PM","0000-00","0","no battery","V","","µV","","µV"
"03/05/2026","14:31:51","2","default","813736599","OXY_06","75.867","min","270.714","μmol/L","Humid","19.153","deg","58597","µV","24.030","°C","1017.000","hPa","34.9","pmil","0","55.710","deg","20.000","°C","100.000","%a.s.","22.780","deg","20.000","°C","969.000","hPa","0.82","-0.015","0.00036","-0.00014","0","10","Humid","58.27","1","2500.00","297050.32","SADF0001000082","ABF0.1.0.10","4.0.0.2393","PSt7-10","250224-007","7/27/2025 6:28:56 PM","0000-00","0","no battery","V","","µV","","µV"
"03/05/2026","14:31:53","2","default","813736599","OXY_06","75.900","min","270.480","μmol/L","Humid","19.149","deg","58587","µV","24.074","°C","1017.000","hPa","34.9","pmil","0","55.710","deg","20.000","°C","100.000","%a.s.","22.780","deg","20.000","°C","969.000","hPa","0.82","-0.015","0.00036","-0.00014","0","10","Humid","58.27","1","2500.00","297039.33","SADF0001000082","ABF0.1.0.10","4.0.0.2393","PSt7-10","250224-007","7/27/2025 6:28:56 PM","0000-00","0","no battery","V","","µV","","µV"
"03/05/2026","14:31:55","2","default","813736599","OXY_06","75.933","min","270.648","μmol/L","Humid","19.148","deg","58582","µV","24.055","°C","1017.000","hPa","34.9","pmil","0","55.710","deg","20.000","°C","100.000","%a.s.","22.780","deg","20.000","°C","969.000","hPa","0.82","-0.015","0.00036","-0.00014","0","10","Humid","58.27","1","2500.00","297034.08","SADF0001000082","ABF0.1.0.10","4.0.0.2393","PSt7-10","250224-007","7/27/2025 6:28:56 PM","0000-00","0","no battery","V","","µV","","µV"
"03/05/2026","14:31:57","2","default","813736599","OXY_06","75.967","min","270.577","μmol/L","Humid","19.147","deg","58565","µV","24.068","°C","1017.000","hPa","34.9","pmil","0","55.710","deg","20.000","°C","100.000","%a.s.","22.780","deg","20.000","°C","969.000","hPa","0.82","-0.015","0.00036","-0.00014","0","10","Humid","58.27","1","2500.00","297049.40","SADF0001000082","ABF0.1.0.10","4.0.0.2393","PSt7-10","250224-007","7/27/2025 6:28:56 PM","0000-00","0","no battery","V","","µV","","µV"
"03/05/2026","14:31:59","2","default","813736599","OXY_06","76.000","min","270.602","μmol/L","Humid","19.146","deg","58559","µV","24.068","°C","1017.000","hPa","34.9","pmil","0","55.710","deg","20.000","°C","100.000","%a.s.","22.780","deg","20.000","°C","969.000","hPa","0.82","-0.015","0.00036","-0.00014","0","10","Humid","58.27","1","2500.00","297031.86","SADF0001000082","ABF0.1.0.10","4.0.0.2393","PSt7-10","250224-007","7/27/2025 6:28:56 PM","0000-00","0","no battery","V","","µV","","µV"
"03/05/2026","14:32:01","2","default","813736599","OXY_06","76.034","min","270.772","μmol/L","Humid","19.143","deg","58551","µV","24.055","°C","1017.000","hPa","34.9","pmil","0","55.710","deg","20.000","°C","100.000","%a.s.","22.780","deg","20.000","°C","969.000","hPa","0.82","-0.015","0.00036","-0.00014","0","10","Humid","58.27","1","2500.00","297032.97","SADF0001000082","ABF0.1.0.10","4.0.0.2393","PSt7-10","250224-007","7/27/2025 6:28:56 PM","0000-00","0","no battery","V","","µV","","µV"
"03/05/2026","14:32:03","2","default","813736599","OXY_06","76.066","min","270.828","μmol/L","Humid","19.135","deg","58544","µV","24.074","°C","1017.000","hPa","34.9","pmil","0","55.710","deg","20.000","°C","100.000","%a.s.","22.780","deg","20.000","°C","969.000","hPa","0.82","-0.015","0.00036","-0.00014","0","10","Humid","58.27","1","2500.00","297030.44","SADF0001000082","ABF0.1.0.10","4.0.0.2393","PSt7-10","250224-007","7/27/2025 6:28:56 PM","0000-00","0","no battery","V","","µV","","µV"
"03/05/2026","14:32:05","2","default","813736599","OXY_06","76.100","min","270.869","μmol/L","Humid","19.141","deg","58535","µV","24.049","°C","1017.000","hPa","34.9","pmil","0","55.710","deg","20.000","°C","100.000","%a.s.","22.780","deg","20.000","°C","969.000","hPa","0.82","-0.015","0.00036","-0.00014","0","10","Humid","58.27","1","2500.00","297030.40","SADF0001000082","ABF0.1.0.10","4.0.0.2393","PSt7-10","250224-007","7/27/2025 6:28:56 PM","0000-00","0","no battery","V","","µV","","µV"
"03/05/2026","14:32:07","2","default","813736599","OXY_06","76.133","min","270.997","μmol/L","Humid","19.132","deg","58531","µV","24.061","°C","1017.000","hPa","34.9","pmil","0","55.710","deg","20.000","°C","100.000","%a.s.","22.780","deg","20.000","°C","969.000","hPa","0.82","-0.015","0.00036","-0.00014","0","10","Humid","58.27","1","2500.00","297042.71","SADF0001000082","ABF0.1.0.10","4.0.0.2393","PSt7-10","250224-007","7/27/2025 6:28:56 PM","0000-00","0","no battery","V","","µV","","µV"
"03/05/2026","14:32:09","2","default","813736599","OXY_06","76.167","min","271.072","μmol/L","Humid","19.129","deg","58516","µV","24.061","°C","1017.000","hPa","34.9","pmil","0","55.710","deg","20.000","°C","100.000","%a.s.","22.780","deg","20.000","°C","969.000","hPa","0.82","-0.015","0.00036","-0.00014","0","10","Humid","58.27","1","2500.00","297047.65","SADF0001000082","ABF0.1.0.10","4.0.0.2393","PSt7-10","250224-007","7/27/2025 6:28:56 PM","0000-00","0","no battery","V","","µV","","µV"
"03/05/2026","14:32:11","2","default","813736599","OXY_06","76.199","min","270.973","μmol/L","Humid","19.133","deg","58509","µV","24.061","°C","1017.000","hPa","34.9","pmil","0","55.710","deg","20.000","°C","100.000","%a.s.","22.780","deg","20.000","°C","969.000","hPa","0.82","-0.015","0.00036","-0.00014","0","10","Humid","58.27","1","2500.00","297043.77","SADF0001000082","ABF0.1.0.10","4.0.0.2393","PSt7-10","250224-007","7/27/2025 6:28:56 PM","0000-00","0","no battery","V","","µV","","µV"
"03/05/2026","14:32:13","2","default","813736599","OXY_06","76.233","min","271.196","μmol/L","Humid","19.124","deg","58511","µV","24.061","°C","1017.000","hPa","34.9","pmil","0","55.710","deg","20.000","°C","100.000","%a.s.","22.780","deg","20.000","°C","969.000","hPa","0.82","-0.015","0.00036","-0.00014","0","10","Humid","58.27","1","2500.00","297057.22","SADF0001000082","ABF0.1.0.10","4.0.0.2393","PSt7-10","250224-007","7/27/2025 6:28:56 PM","0000-00","0","no battery","V","","µV","","µV"
"03/05/2026","14:32:15","2","default","813736599","OXY_06","76.267","min","271.244","μmol/L","Humid","19.124","deg","58497","µV","24.055","°C","1017.000","hPa","34.9","pmil","0","55.710","deg","20.000","°C","100.000","%a.s.","22.780","deg","20.000","°C","969.000","hPa","0.82","-0.015","0.00036","-0.00014","0","10","Humid","58.27","1","2500.00","297037.21","SADF0001000082","ABF0.1.0.10","4.0.0.2393","PSt7-10","250224-007","7/27/2025 6:28:56 PM","0000-00","0","no battery","V","","µV","","µV"
"03/05/2026","14:32:17","2","default","813736599","OXY_06","76.300","min","271.002","μmol/L","Humid","19.128","deg","58488","µV","24.074","°C","1017.000","hPa","34.9","pmil","0","55.710","deg","20.000","°C","100.000","%a.s.","22.780","deg","20.000","°C","969.000","hPa","0.82","-0.015","0.00036","-0.00014","0","10","Humid","58.27","1","2500.00","297043.85","SADF0001000082","ABF0.1.0.10","4.0.0.2393","PSt7-10","250224-007","7/27/2025 6:28:56 PM","0000-00","0","no battery","V","","µV","","µV"
"03/05/2026","14:32:19","2","default","813736599","OXY_06","76.333","min","271.269","μmol/L","Humid","19.123","deg","58479","µV","24.055","°C","1017.000","hPa","34.9","pmil","0","55.710","deg","20.000","°C","100.000","%a.s.","22.780","deg","20.000","°C","969.000","hPa","0.82","-0.015","0.00036","-0.00014","0","10","Humid","58.27","1","2500.00","297036.92","SADF0001000082","ABF0.1.0.10","4.0.0.2393","PSt7-10","250224-007","7/27/2025 6:28:56 PM","0000-00","0","no battery","V","","µV","","µV"
"03/05/2026","14:32:21","2","default","813736599","OXY_06","76.366","min","271.248","μmol/L","Humid","19.120","deg","58471","µV","24.068","°C","1017.000","hPa","34.9","pmil","0","55.710","deg","20.000","°C","100.000","%a.s.","22.780","deg","20.000","°C","969.000","hPa","0.82","-0.015","0.00036","-0.00014","0","10","Humid","58.27","1","2500.00","297033.23","SADF0001000082","ABF0.1.0.10","4.0.0.2393","PSt7-10","250224-007","7/27/2025 6:28:56 PM","0000-00","0","no battery","V","","µV","","µV"
"03/05/2026","14:32:23","2","default","813736599","OXY_06","76.400","min","271.439","μmol/L","Humid","19.120","deg","58461","µV","24.043","°C","1017.000","hPa","34.9","pmil","0","55.710","deg","20.000","°C","100.000","%a.s.","22.780","deg","20.000","°C","969.000","hPa","0.82","-0.015","0.00036","-0.00014","0","10","Humid","58.27","1","2500.00","297047.47","SADF0001000082","ABF0.1.0.10","4.0.0.2393","PSt7-10","250224-007","7/27/2025 6:28:56 PM","0000-00","0","no battery","V","","µV","","µV"
"03/05/2026","14:32:25","2","default","813736599","OXY_06","76.433","min","271.568","μmol/L","Humid","19.111","deg","58459","µV","24.055","°C","1017.000","hPa","34.9","pmil","0","55.710","deg","20.000","°C","100.000","%a.s.","22.780","deg","20.000","°C","969.000","hPa","0.82","-0.015","0.00036","-0.00014","0","10","Humid","58.27","1","2500.00","297034.30","SADF0001000082","ABF0.1.0.10","4.0.0.2393","PSt7-10","250224-007","7/27/2025 6:28:56 PM","0000-00","0","no battery","V","","µV","","µV"
"03/05/2026","14:32:27","2","default","813736599","OXY_06","76.466","min","271.516","μmol/L","Humid","19.115","deg","58446","µV","24.049","°C","1017.000","hPa","34.9","pmil","0","55.710","deg","20.000","°C","100.000","%a.s.","22.780","deg","20.000","°C","969.000","hPa","0.82","-0.015","0.00036","-0.00014","0","10","Humid","58.27","1","2500.00","297035.40","SADF0001000082","ABF0.1.0.10","4.0.0.2393","PSt7-10","250224-007","7/27/2025 6:28:56 PM","0000-00","0","no battery","V","","µV","","µV"
"03/05/2026","14:32:29","2","default","813736599","OXY_06","76.500","min","271.593","μmol/L","Humid","19.110","deg","58441","µV","24.055","°C","1017.000","hPa","34.9","pmil","0","55.710","deg","20.000","°C","100.000","%a.s.","22.780","deg","20.000","°C","969.000","hPa","0.82","-0.015","0.00036","-0.00014","0","10","Humid","58.27","1","2500.00","297035.80","SADF0001000082","ABF0.1.0.10","4.0.0.2393","PSt7-10","250224-007","7/27/2025 6:28:56 PM","0000-00","0","no battery","V","","µV","","µV"
"03/05/2026","14:32:31","2","default","813736599","OXY_06","76.533","min","271.520","μmol/L","Humid","19.111","deg","58431","µV","24.061","°C","1017.000","hPa","34.9","pmil","0","55.710","deg","20.000","°C","100.000","%a.s.","22.780","deg","20.000","°C","969.000","hPa","0.82","-0.015","0.00036","-0.00014","0","10","Humid","58.27","1","2500.00","297044.83","SADF0001000082","ABF0.1.0.10","4.0.0.2393","PSt7-10","250224-007","7/27/2025 6:28:56 PM","0000-00","0","no battery","V","","µV","","µV"
"03/05/2026","14:32:33","2","default","813736599","OXY_06","76.567","min","271.667","μmol/L","Humid","19.107","deg","58432","µV","24.055","°C","1017.000","hPa","34.9","pmil","0","55.710","deg","20.000","°C","100.000","%a.s.","22.780","deg","20.000","°C","969.000","hPa","0.82","-0.015","0.00036","-0.00014","0","10","Humid","58.27","1","2500.00","297033.46","SADF0001000082","ABF0.1.0.10","4.0.0.2393","PSt7-10","250224-007","7/27/2025 6:28:56 PM","0000-00","0","no battery","V","","µV","","µV"
"03/05/2026","14:32:35","2","default","813736599","OXY_06","76.600","min","271.672","μmol/L","Humid","19.103","deg","58421","µV","24.068","°C","1017.000","hPa","34.9","pmil","0","55.710","deg","20.000","°C","100.000","%a.s.","22.780","deg","20.000","°C","969.000","hPa","0.82","-0.015","0.00036","-0.00014","0","10","Humid","58.27","1","2500.00","297036.80","SADF0001000082","ABF0.1.0.10","4.0.0.2393","PSt7-10","250224-007","7/27/2025 6:28:56 PM","0000-00","0","no battery","V","","µV","","µV"
"03/05/2026","14:32:37","2","default","813736599","OXY_06","76.633","min","271.746","μmol/L","Humid","19.100","deg","58410","µV","24.068","°C","1017.000","hPa","34.9","pmil","0","55.710","deg","20.000","°C","100.000","%a.s.","22.780","deg","20.000","°C","969.000","hPa","0.82","-0.015","0.00036","-0.00014","0","10","Humid","58.27","1","2500.00","297043.11","SADF0001000082","ABF0.1.0.10","4.0.0.2393","PSt7-10","250224-007","7/27/2025 6:28:56 PM","0000-00","0","no battery","V","","µV","","µV"
"03/05/2026","14:32:39","2","default","813736599","OXY_06","76.667","min","271.842","μmol/L","Humid","19.100","deg","58399","µV","24.055","°C","1017.000","hPa","34.9","pmil","0","55.710","deg","20.000","°C","100.000","%a.s.","22.780","deg","20.000","°C","969.000","hPa","0.82","-0.015","0.00036","-0.00014","0","10","Humid","58.27","1","2500.00","297039.92","SADF0001000082","ABF0.1.0.10","4.0.0.2393","PSt7-10","250224-007","7/27/2025 6:28:56 PM","0000-00","0","no battery","V","","µV","","µV"
"03/05/2026","14:32:41","2","default","813736599","OXY_06","76.700","min","271.674","μmol/L","Humid","19.101","deg","58390","µV","24.074","°C","1017.000","hPa","34.9","pmil","0","55.710","deg","20.000","°C","100.000","%a.s.","22.780","deg","20.000","°C","969.000","hPa","0.82","-0.015","0.00036","-0.00014","0","10","Humid","58.27","1","2500.00","297037.79","SADF0001000082","ABF0.1.0.10","4.0.0.2393","PSt7-10","250224-007","7/27/2025 6:28:56 PM","0000-00","0","no battery","V","","µV","","µV"
"03/05/2026","14:32:43","2","default","813736599","OXY_06","76.734","min","271.919","μmol/L","Humid","19.095","deg","58385","µV","24.061","°C","1017.000","hPa","34.9","pmil","0","55.710","deg","20.000","°C","100.000","%a.s.","22.780","deg","20.000","°C","969.000","hPa","0.82","-0.015","0.00036","-0.00014","0","10","Humid","58.27","1","2500.00","297039.96","SADF0001000082","ABF0.1.0.10","4.0.0.2393","PSt7-10","250224-007","7/27/2025 6:28:56 PM","0000-00","0","no battery","V","","µV","","µV"
"03/05/2026","14:32:45","2","default","813736599","OXY_06","76.766","min","271.971","μmol/L","Humid","19.091","deg","58371","µV","24.068","°C","1017.000","hPa","34.9","pmil","0","55.710","deg","20.000","°C","100.000","%a.s.","22.780","deg","20.000","°C","969.000","hPa","0.82","-0.015","0.00036","-0.00014","0","10","Humid","58.27","1","2500.00","297032.27","SADF0001000082","ABF0.1.0.10","4.0.0.2393","PSt7-10","250224-007","7/27/2025 6:28:56 PM","0000-00","0","no battery","V","","µV","","µV"
"03/05/2026","14:32:47","2","default","813736599","OXY_06","76.800","min","272.046","μmol/L","Humid","19.088","deg","58369","µV","24.068","°C","1017.000","hPa","34.9","pmil","0","55.710","deg","20.000","°C","100.000","%a.s.","22.780","deg","20.000","°C","969.000","hPa","0.82","-0.015","0.00036","-0.00014","0","10","Humid","58.27","1","2500.00","297031.58","SADF0001000082","ABF0.1.0.10","4.0.0.2393","PSt7-10","250224-007","7/27/2025 6:28:56 PM","0000-00","0","no battery","V","","µV","","µV"
"03/05/2026","14:32:49","2","default","813736599","OXY_06","76.834","min","272.139","μmol/L","Humid","19.090","deg","58360","µV","24.049","°C","1017.000","hPa","34.9","pmil","0","55.710","deg","20.000","°C","100.000","%a.s.","22.780","deg","20.000","°C","969.000","hPa","0.82","-0.015","0.00036","-0.00014","0","10","Humid","58.27","1","2500.00","297031.30","SADF0001000082","ABF0.1.0.10","4.0.0.2393","PSt7-10","250224-007","7/27/2025 6:28:56 PM","0000-00","0","no battery","V","","µV","","µV"
"03/05/2026","14:32:51","2","default","813736599","OXY_06","76.867","min","272.025","μmol/L","Humid","19.085","deg","58353","µV","24.080","°C","1017.000","hPa","34.9","pmil","0","55.710","deg","20.000","°C","100.000","%a.s.","22.780","deg","20.000","°C","969.000","hPa","0.82","-0.015","0.00036","-0.00014","0","10","Humid","58.27","1","2500.00","297045.49","SADF0001000082","ABF0.1.0.10","4.0.0.2393","PSt7-10","250224-007","7/27/2025 6:28:56 PM","0000-00","0","no battery","V","","µV","","µV"
"03/05/2026","14:32:53","2","default","813736599","OXY_06","76.900","min","272.337","μmol/L","Humid","19.084","deg","58348","µV","24.043","°C","1017.000","hPa","34.9","pmil","0","55.710","deg","20.000","°C","100.000","%a.s.","22.780","deg","20.000","°C","969.000","hPa","0.82","-0.015","0.00036","-0.00014","0","10","Humid","58.27","1","2500.00","297035.86","SADF0001000082","ABF0.1.0.10","4.0.0.2393","PSt7-10","250224-007","7/27/2025 6:28:56 PM","0000-00","0","no battery","V","","µV","","µV"
"03/05/2026","14:32:55","2","default","813736599","OXY_06","76.933","min","272.223","μmol/L","Humid","19.079","deg","58330","µV","24.074","°C","1017.000","hPa","34.9","pmil","0","55.710","deg","20.000","°C","100.000","%a.s.","22.780","deg","20.000","°C","969.000","hPa","0.82","-0.015","0.00036","-0.00014","0","10","Humid","58.27","1","2500.00","297031.23","SADF0001000082","ABF0.1.0.10","4.0.0.2393","PSt7-10","250224-007","7/27/2025 6:28:56 PM","0000-00","0","no battery","V","","µV","","µV"
"03/05/2026","14:32:57","2","default","813736599","OXY_06","76.967","min","272.223","μmol/L","Humid","19.079","deg","58320","µV","24.074","°C","1017.000","hPa","34.9","pmil","0","55.710","deg","20.000","°C","100.000","%a.s.","22.780","deg","20.000","°C","969.000","hPa","0.82","-0.015","0.00036","-0.00014","0","10","Humid","58.27","1","2500.00","297041.93","SADF0001000082","ABF0.1.0.10","4.0.0.2393","PSt7-10","250224-007","7/27/2025 6:28:56 PM","0000-00","0","no battery","V","","µV","","µV"
"03/05/2026","14:32:59","2","default","813736599","OXY_06","77.000","min","272.346","μmol/L","Humid","19.076","deg","58315","µV","24.068","°C","1017.000","hPa","34.9","pmil","0","55.710","deg","20.000","°C","100.000","%a.s.","22.780","deg","20.000","°C","969.000","hPa","0.82","-0.015","0.00036","-0.00014","0","10","Humid","58.27","1","2500.00","297040.31","SADF0001000082","ABF0.1.0.10","4.0.0.2393","PSt7-10","250224-007","7/27/2025 6:28:56 PM","0000-00","0","no battery","V","","µV","","µV"
"03/05/2026","14:33:01","2","default","813736599","OXY_06","77.033","min","272.690","μmol/L","Humid","19.068","deg","58306","µV","24.049","°C","1017.000","hPa","34.9","pmil","0","55.710","deg","20.000","°C","100.000","%a.s.","22.780","deg","20.000","°C","969.000","hPa","0.82","-0.015","0.00036","-0.00014","0","10","Humid","58.27","1","2500.00","297039.30","SADF0001000082","ABF0.1.0.10","4.0.0.2393","PSt7-10","250224-007","7/27/2025 6:28:56 PM","0000-00","0","no battery","V","","µV","","µV"
"03/05/2026","14:33:03","2","default","813736599","OXY_06","77.066","min","272.473","μmol/L","Humid","19.069","deg","58296","µV","24.074","°C","1017.000","hPa","34.9","pmil","0","55.710","deg","20.000","°C","100.000","%a.s.","22.780","deg","20.000","°C","969.000","hPa","0.82","-0.015","0.00036","-0.00014","0","10","Humid","58.27","1","2500.00","297049.18","SADF0001000082","ABF0.1.0.10","4.0.0.2393","PSt7-10","250224-007","7/27/2025 6:28:56 PM","0000-00","0","no battery","V","","µV","","µV"
"03/05/2026","14:33:05","2","default","813736599","OXY_06","77.100","min","272.667","μmol/L","Humid","19.067","deg","58290","µV","24.055","°C","1017.000","hPa","34.9","pmil","0","55.710","deg","20.000","°C","100.000","%a.s.","22.780","deg","20.000","°C","969.000","hPa","0.82","-0.015","0.00036","-0.00014","0","10","Humid","58.27","1","2500.00","297038.95","SADF0001000082","ABF0.1.0.10","4.0.0.2393","PSt7-10","250224-007","7/27/2025 6:28:56 PM","0000-00","0","no battery","V","","µV","","µV"
"03/05/2026","14:33:07","2","default","813736599","OXY_06","77.133","min","272.523","μmol/L","Humid","19.067","deg","58280","µV","24.074","°C","1017.000","hPa","34.9","pmil","0","55.710","deg","20.000","°C","100.000","%a.s.","22.780","deg","20.000","°C","969.000","hPa","0.82","-0.015","0.00036","-0.00014","0","10","Humid","58.27","1","2500.00","297038.84","SADF0001000082","ABF0.1.0.10","4.0.0.2393","PSt7-10","250224-007","7/27/2025 6:28:56 PM","0000-00","0","no battery","V","","µV","","µV"
"03/05/2026","14:33:09","2","default","813736599","OXY_06","77.166","min","272.644","μmol/L","Humid","19.066","deg","58267","µV","24.061","°C","1017.000","hPa","34.9","pmil","0","55.710","deg","20.000","°C","100.000","%a.s.","22.780","deg","20.000","°C","969.000","hPa","0.82","-0.015","0.00036","-0.00014","0","10","Humid","58.27","1","2500.00","297041.62","SADF0001000082","ABF0.1.0.10","4.0.0.2393","PSt7-10","250224-007","7/27/2025 6:28:56 PM","0000-00","0","no battery","V","","µV","","µV"
"03/05/2026","14:33:11","2","default","813736599","OXY_06","77.200","min","272.794","μmol/L","Humid","19.060","deg","58255","µV","24.061","°C","1017.000","hPa","34.9","pmil","0","55.710","deg","20.000","°C","100.000","%a.s.","22.780","deg","20.000","°C","969.000","hPa","0.82","-0.015","0.00036","-0.00014","0","10","Humid","58.27","1","2500.00","297038.59","SADF0001000082","ABF0.1.0.10","4.0.0.2393","PSt7-10","250224-007","7/27/2025 6:28:56 PM","0000-00","0","no battery","V","","µV","","µV"
"03/05/2026","14:33:13","2","default","813736599","OXY_06","77.233","min","273.041","μmol/L","Humid","19.054","deg","58249","µV","24.049","°C","1017.000","hPa","34.9","pmil","0","55.710","deg","20.000","°C","100.000","%a.s.","22.780","deg","20.000","°C","969.000","hPa","0.82","-0.015","0.00036","-0.00014","0","10","Humid","58.27","1","2500.00","297040.25","SADF0001000082","ABF0.1.0.10","4.0.0.2393","PSt7-10","250224-007","7/27/2025 6:28:56 PM","0000-00","0","no battery","V","","µV","","µV"
"03/05/2026","14:33:15","2","default","813736599","OXY_06","77.267","min","272.828","μmol/L","Humid","19.051","deg","58233","µV","24.086","°C","1017.000","hPa","34.9","pmil","0","55.710","deg","20.000","°C","100.000","%a.s.","22.780","deg","20.000","°C","969.000","hPa","0.82","-0.015","0.00036","-0.00014","0","10","Humid","58.27","1","2500.00","297032.49","SADF0001000082","ABF0.1.0.10","4.0.0.2393","PSt7-10","250224-007","7/27/2025 6:28:56 PM","0000-00","0","no battery","V","","µV","","µV"
"03/05/2026","14:33:17","2","default","813736599","OXY_06","77.300","min","273.018","μmol/L","Humid","19.053","deg","58228","µV","24.055","°C","1017.000","hPa","34.9","pmil","0","55.710","deg","20.000","°C","100.000","%a.s.","22.780","deg","20.000","°C","969.000","hPa","0.82","-0.015","0.00036","-0.00014","0","10","Humid","58.27","1","2500.00","297042.63","SADF0001000082","ABF0.1.0.10","4.0.0.2393","PSt7-10","250224-007","7/27/2025 6:28:56 PM","0000-00","0","no battery","V","","µV","","µV"
"03/05/2026","14:33:19","2","default","813736599","OXY_06","77.333","min","273.025","μmol/L","Humid","19.047","deg","58221","µV","24.074","°C","1017.000","hPa","34.9","pmil","0","55.710","deg","20.000","°C","100.000","%a.s.","22.780","deg","20.000","°C","969.000","hPa","0.82","-0.015","0.00036","-0.00014","0","10","Humid","58.27","1","2500.00","297040.67","SADF0001000082","ABF0.1.0.10","4.0.0.2393","PSt7-10","250224-007","7/27/2025 6:28:56 PM","0000-00","0","no battery","V","","µV","","µV"
"03/05/2026","14:33:21","2","default","813736599","OXY_06","77.367","min","273.194","μmol/L","Humid","19.046","deg","58209","µV","24.055","°C","1017.000","hPa","34.9","pmil","0","55.710","deg","20.000","°C","100.000","%a.s.","22.780","deg","20.000","°C","969.000","hPa","0.82","-0.015","0.00036","-0.00014","0","10","Humid","58.27","1","2500.00","297051.21","SADF0001000082","ABF0.1.0.10","4.0.0.2393","PSt7-10","250224-007","7/27/2025 6:28:56 PM","0000-00","0","no battery","V","","µV","","µV"
"03/05/2026","14:33:23","2","default","813736599","OXY_06","77.399","min","273.171","μmol/L","Humid","19.045","deg","58205","µV","24.061","°C","1017.000","hPa","34.9","pmil","0","55.710","deg","20.000","°C","100.000","%a.s.","22.780","deg","20.000","°C","969.000","hPa","0.82","-0.015","0.00036","-0.00014","0","10","Humid","58.27","1","2500.00","297042.43","SADF0001000082","ABF0.1.0.10","4.0.0.2393","PSt7-10","250224-007","7/27/2025 6:28:56 PM","0000-00","0","no battery","V","","µV","","µV"
"03/05/2026","14:33:25","2","default","813736599","OXY_06","77.433","min","273.077","μmol/L","Humid","19.043","deg","58194","µV","24.080","°C","1017.000","hPa","34.9","pmil","0","55.710","deg","20.000","°C","100.000","%a.s.","22.780","deg","20.000","°C","969.000","hPa","0.82","-0.015","0.00036","-0.00014","0","10","Humid","58.27","1","2500.00","297041.13","SADF0001000082","ABF0.1.0.10","4.0.0.2393","PSt7-10","250224-007","7/27/2025 6:28:56 PM","0000-00","0","no battery","V","","µV","","µV"
"03/05/2026","14:33:27","2","default","813736599","OXY_06","77.467","min","273.221","μmol/L","Humid","19.043","deg","58185","µV","24.061","°C","1017.000","hPa","34.9","pmil","0","55.710","deg","20.000","°C","100.000","%a.s.","22.780","deg","20.000","°C","969.000","hPa","0.82","-0.015","0.00036","-0.00014","0","10","Humid","58.27","1","2500.00","297037.92","SADF0001000082","ABF0.1.0.10","4.0.0.2393","PSt7-10","250224-007","7/27/2025 6:28:56 PM","0000-00","0","no battery","V","","µV","","µV"
"03/05/2026","14:33:29","2","default","813736599","OXY_06","77.500","min","273.523","μmol/L","Humid","19.031","deg","58186","µV","24.061","°C","1017.000","hPa","34.9","pmil","0","55.710","deg","20.000","°C","100.000","%a.s.","22.780","deg","20.000","°C","969.000","hPa","0.82","-0.015","0.00036","-0.00014","0","10","Humid","58.27","1","2500.00","297037.48","SADF0001000082","ABF0.1.0.10","4.0.0.2393","PSt7-10","250224-007","7/27/2025 6:28:56 PM","0000-00","0","no battery","V","","µV","","µV"
"03/05/2026","14:33:31","2","default","813736599","OXY_06","77.533","min","273.568","μmol/L","Humid","19.033","deg","58167","µV","24.049","°C","1017.000","hPa","34.9","pmil","0","55.710","deg","20.000","°C","100.000","%a.s.","22.780","deg","20.000","°C","969.000","hPa","0.82","-0.015","0.00036","-0.00014","0","10","Humid","58.27","1","2500.00","297048.30","SADF0001000082","ABF0.1.0.10","4.0.0.2393","PSt7-10","250224-007","7/27/2025 6:28:56 PM","0000-00","0","no battery","V","","µV","","µV"
"03/05/2026","14:33:33","2","default","813736599","OXY_06","77.566","min","273.424","μmol/L","Humid","19.033","deg","58157","µV","24.068","°C","1017.000","hPa","34.9","pmil","0","55.710","deg","20.000","°C","100.000","%a.s.","22.780","deg","20.000","°C","969.000","hPa","0.82","-0.015","0.00036","-0.00014","0","10","Humid","58.27","1","2500.00","297039.72","SADF0001000082","ABF0.1.0.10","4.0.0.2393","PSt7-10","250224-007","7/27/2025 6:28:56 PM","0000-00","0","no battery","V","","µV","","µV"
"03/05/2026","14:33:35","2","default","813736599","OXY_06","77.600","min","273.550","μmol/L","Humid","19.028","deg","58152","µV","24.068","°C","1017.000","hPa","34.9","pmil","0","55.710","deg","20.000","°C","100.000","%a.s.","22.780","deg","20.000","°C","969.000","hPa","0.82","-0.015","0.00036","-0.00014","0","10","Humid","58.27","1","2500.00","297029.01","SADF0001000082","ABF0.1.0.10","4.0.0.2393","PSt7-10","250224-007","7/27/2025 6:28:56 PM","0000-00","0","no battery","V","","µV","","µV"
"03/05/2026","14:33:37","2","default","813736599","OXY_06","77.634","min","273.381","μmol/L","Humid","19.029","deg","58145","µV","24.086","°C","1017.000","hPa","34.9","pmil","0","55.710","deg","20.000","°C","100.000","%a.s.","22.780","deg","20.000","°C","969.000","hPa","0.82","-0.015","0.00036","-0.00014","0","10","Humid","58.27","1","2500.00","297045.82","SADF0001000082","ABF0.1.0.10","4.0.0.2393","PSt7-10","250224-007","7/27/2025 6:28:56 PM","0000-00","0","no battery","V","","µV","","µV"
"03/05/2026","14:33:39","2","default","813736599","OXY_06","77.666","min","273.577","μmol/L","Humid","19.025","deg","58130","µV","24.074","°C","1017.000","hPa","34.9","pmil","0","55.710","deg","20.000","°C","100.000","%a.s.","22.780","deg","20.000","°C","969.000","hPa","0.82","-0.015","0.00036","-0.00014","0","10","Humid","58.27","1","2500.00","297031.26","SADF0001000082","ABF0.1.0.10","4.0.0.2393","PSt7-10","250224-007","7/27/2025 6:28:56 PM","0000-00","0","no battery","V","","µV","","µV"
"03/05/2026","14:33:41","2","default","813736599","OXY_06","77.700","min","273.628","μmol/L","Humid","19.023","deg","58120","µV","24.074","°C","1017.000","hPa","34.9","pmil","0","55.710","deg","20.000","°C","100.000","%a.s.","22.780","deg","20.000","°C","969.000","hPa","0.82","-0.015","0.00036","-0.00014","0","10","Humid","58.27","1","2500.00","297036.27","SADF0001000082","ABF0.1.0.10","4.0.0.2393","PSt7-10","250224-007","7/27/2025 6:28:56 PM","0000-00","0","no battery","V","","µV","","µV"
"03/05/2026","14:33:43","2","default","813736599","OXY_06","77.733","min","273.699","μmol/L","Humid","19.024","deg","58116","µV","24.061","°C","1017.000","hPa","34.9","pmil","0","55.710","deg","20.000","°C","100.000","%a.s.","22.780","deg","20.000","°C","969.000","hPa","0.82","-0.015","0.00036","-0.00014","0","10","Humid","58.27","1","2500.00","297030.82","SADF0001000082","ABF0.1.0.10","4.0.0.2393","PSt7-10","250224-007","7/27/2025 6:28:56 PM","0000-00","0","no battery","V","","µV","","µV"
"03/05/2026","14:33:45","2","default","813736599","OXY_06","77.767","min","273.923","μmol/L","Humid","19.017","deg","58110","µV","24.055","°C","1017.000","hPa","34.9","pmil","0","55.710","deg","20.000","°C","100.000","%a.s.","22.780","deg","20.000","°C","969.000","hPa","0.82","-0.015","0.00036","-0.00014","0","10","Humid","58.27","1","2500.00","297036.93","SADF0001000082","ABF0.1.0.10","4.0.0.2393","PSt7-10","250224-007","7/27/2025 6:28:56 PM","0000-00","0","no battery","V","","µV","","µV"
"03/05/2026","14:33:47","2","default","813736599","OXY_06","77.800","min","273.827","μmol/L","Humid","19.017","deg","58096","µV","24.068","°C","1017.000","hPa","34.9","pmil","0","55.710","deg","20.000","°C","100.000","%a.s.","22.780","deg","20.000","°C","969.000","hPa","0.82","-0.015","0.00036","-0.00014","0","10","Humid","58.27","1","2500.00","297035.93","SADF0001000082","ABF0.1.0.10","4.0.0.2393","PSt7-10","250224-007","7/27/2025 6:28:56 PM","0000-00","0","no battery","V","","µV","","µV"
"03/05/2026","14:33:49","2","default","813736599","OXY_06","77.833","min","274.049","μmol/L","Humid","19.012","deg","58087","µV","24.055","°C","1017.000","hPa","34.9","pmil","0","55.710","deg","20.000","°C","100.000","%a.s.","22.780","deg","20.000","°C","969.000","hPa","0.82","-0.015","0.00036","-0.00014","0","10","Humid","58.27","1","2500.00","297049.17","SADF0001000082","ABF0.1.0.10","4.0.0.2393","PSt7-10","250224-007","7/27/2025 6:28:56 PM","0000-00","0","no battery","V","","µV","","µV"
"03/05/2026","14:33:51","2","default","813736599","OXY_06","77.866","min","274.221","μmol/L","Humid","19.009","deg","58082","µV","24.043","°C","1017.000","hPa","34.9","pmil","0","55.710","deg","20.000","°C","100.000","%a.s.","22.780","deg","20.000","°C","969.000","hPa","0.82","-0.015","0.00036","-0.00014","0","10","Humid","58.27","1","2500.00","297030.89","SADF0001000082","ABF0.1.0.10","4.0.0.2393","PSt7-10","250224-007","7/27/2025 6:28:56 PM","0000-00","0","no battery","V","","µV","","µV"
"03/05/2026","14:33:53","2","default","813736599","OXY_06","77.900","min","274.024","μmol/L","Humid","19.013","deg","58075","µV","24.055","°C","1017.000","hPa","34.9","pmil","0","55.710","deg","20.000","°C","100.000","%a.s.","22.780","deg","20.000","°C","969.000","hPa","0.82","-0.015","0.00036","-0.00014","0","10","Humid","58.27","1","2500.00","297021.22","SADF0001000082","ABF0.1.0.10","4.0.0.2393","PSt7-10","250224-007","7/27/2025 6:28:56 PM","0000-00","0","no battery","V","","µV","","µV"
"03/05/2026","14:33:55","2","default","813736599","OXY_06","77.934","min","274.175","μmol/L","Humid","19.007","deg","58065","µV","24.055","°C","1017.000","hPa","34.9","pmil","0","55.710","deg","20.000","°C","100.000","%a.s.","22.780","deg","20.000","°C","969.000","hPa","0.82","-0.015","0.00036","-0.00014","0","10","Humid","58.27","1","2500.00","297035.20","SADF0001000082","ABF0.1.0.10","4.0.0.2393","PSt7-10","250224-007","7/27/2025 6:28:56 PM","0000-00","0","no battery","V","","µV","","µV"
"03/05/2026","14:33:57","2","default","813736599","OXY_06","77.966","min","274.476","μmol/L","Humid","18.997","deg","58052","µV","24.049","°C","1017.000","hPa","34.9","pmil","0","55.710","deg","20.000","°C","100.000","%a.s.","22.780","deg","20.000","°C","969.000","hPa","0.82","-0.015","0.00036","-0.00014","0","10","Humid","58.27","1","2500.00","297032.88","SADF0001000082","ABF0.1.0.10","4.0.0.2393","PSt7-10","250224-007","7/27/2025 6:28:56 PM","0000-00","0","no battery","V","","µV","","µV"
"03/05/2026","14:33:59","2","default","813736599","OXY_06","78.000","min","274.182","μmol/L","Humid","19.001","deg","58042","µV","24.074","°C","1017.000","hPa","34.9","pmil","0","55.710","deg","20.000","°C","100.000","%a.s.","22.780","deg","20.000","°C","969.000","hPa","0.82","-0.015","0.00036","-0.00014","0","10","Humid","58.27","1","2500.00","297032.10","SADF0001000082","ABF0.1.0.10","4.0.0.2393","PSt7-10","250224-007","7/27/2025 6:28:56 PM","0000-00","0","no battery","V","","µV","","µV"
"03/05/2026","14:34:01","2","default","813736599","OXY_06","78.033","min","274.331","μmol/L","Humid","18.997","deg","58036","µV","24.068","°C","1017.000","hPa","34.9","pmil","0","55.710","deg","20.000","°C","100.000","%a.s.","22.780","deg","20.000","°C","969.000","hPa","0.82","-0.015","0.00036","-0.00014","0","10","Humid","58.27","1","2500.00","297042.29","SADF0001000082","ABF0.1.0.10","4.0.0.2393","PSt7-10","250224-007","7/27/2025 6:28:56 PM","0000-00","0","no battery","V","","µV","","µV"
"03/05/2026","14:34:03","2","default","813736599","OXY_06","78.067","min","274.480","μmol/L","Humid","18.993","deg","58025","µV","24.061","°C","1017.000","hPa","34.9","pmil","0","55.710","deg","20.000","°C","100.000","%a.s.","22.780","deg","20.000","°C","969.000","hPa","0.82","-0.015","0.00036","-0.00014","0","10","Humid","58.27","1","2500.00","297041.34","SADF0001000082","ABF0.1.0.10","4.0.0.2393","PSt7-10","250224-007","7/27/2025 6:28:56 PM","0000-00","0","no battery","V","","µV","","µV"
"03/05/2026","14:34:05","2","default","813736599","OXY_06","78.099","min","274.336","μmol/L","Humid","18.993","deg","58013","µV","24.080","°C","1017.000","hPa","34.9","pmil","0","55.710","deg","20.000","°C","100.000","%a.s.","22.780","deg","20.000","°C","969.000","hPa","0.82","-0.015","0.00036","-0.00014","0","10","Humid","58.27","1","2500.00","297036.76","SADF0001000082","ABF0.1.0.10","4.0.0.2393","PSt7-10","250224-007","7/27/2025 6:28:56 PM","0000-00","0","no battery","V","","µV","","µV"
"03/05/2026","14:34:07","2","default","813736599","OXY_06","78.133","min","274.630","μmol/L","Humid","18.989","deg","58008","µV","24.055","°C","1017.000","hPa","34.9","pmil","0","55.710","deg","20.000","°C","100.000","%a.s.","22.780","deg","20.000","°C","969.000","hPa","0.82","-0.015","0.00036","-0.00014","0","10","Humid","58.27","1","2500.00","297037.78","SADF0001000082","ABF0.1.0.10","4.0.0.2393","PSt7-10","250224-007","7/27/2025 6:28:56 PM","0000-00","0","no battery","V","","µV","","µV"
"03/05/2026","14:34:09","2","default","813736599","OXY_06","78.167","min","274.761","μmol/L","Humid","18.980","deg","57992","µV","24.068","°C","1017.000","hPa","34.9","pmil","0","55.710","deg","20.000","°C","100.000","%a.s.","22.780","deg","20.000","°C","969.000","hPa","0.82","-0.015","0.00036","-0.00014","0","10","Humid","58.27","1","2500.00","297045.88","SADF0001000082","ABF0.1.0.10","4.0.0.2393","PSt7-10","250224-007","7/27/2025 6:28:56 PM","0000-00","0","no battery","V","","µV","","µV"
"03/05/2026","14:34:11","2","default","813736599","OXY_06","78.200","min","274.538","μmol/L","Humid","18.985","deg","57992","µV","24.080","°C","1017.000","hPa","34.9","pmil","0","55.710","deg","20.000","°C","100.000","%a.s.","22.780","deg","20.000","°C","969.000","hPa","0.82","-0.015","0.00036","-0.00014","0","10","Humid","58.27","1","2500.00","297022.10","SADF0001000082","ABF0.1.0.10","4.0.0.2393","PSt7-10","250224-007","7/27/2025 6:28:56 PM","0000-00","0","no battery","V","","µV","","µV"
"03/05/2026","14:34:13","2","default","813736599","OXY_06","78.233","min","274.814","μmol/L","Humid","18.976","deg","57982","µV","24.074","°C","1017.000","hPa","34.9","pmil","0","55.710","deg","20.000","°C","100.000","%a.s.","22.780","deg","20.000","°C","969.000","hPa","0.82","-0.015","0.00036","-0.00014","0","10","Humid","58.27","1","2500.00","297039.47","SADF0001000082","ABF0.1.0.10","4.0.0.2393","PSt7-10","250224-007","7/27/2025 6:28:56 PM","0000-00","0","no battery","V","","µV","","µV"
"03/05/2026","14:34:15","2","default","813736599","OXY_06","78.266","min","274.657","μmol/L","Humid","18.986","deg","57966","µV","24.061","°C","1017.000","hPa","34.9","pmil","0","55.710","deg","20.000","°C","100.000","%a.s.","22.780","deg","20.000","°C","969.000","hPa","0.82","-0.015","0.00036","-0.00014","0","10","Humid","58.27","1","2500.00","297038.42","SADF0001000082","ABF0.1.0.10","4.0.0.2393","PSt7-10","250224-007","7/27/2025 6:28:56 PM","0000-00","0","no battery","V","","µV","","µV"
"03/05/2026","14:34:17","2","default","813736599","OXY_06","78.300","min","274.639","μmol/L","Humid","18.981","deg","57966","µV","24.080","°C","1017.000","hPa","34.9","pmil","0","55.710","deg","20.000","°C","100.000","%a.s.","22.780","deg","20.000","°C","969.000","hPa","0.82","-0.015","0.00036","-0.00014","0","10","Humid","58.27","1","2500.00","297050.65","SADF0001000082","ABF0.1.0.10","4.0.0.2393","PSt7-10","250224-007","7/27/2025 6:28:56 PM","0000-00","0","no battery","V","","µV","","µV"
"03/05/2026","14:34:19","2","default","813736599","OXY_06","78.333","min","275.005","μmol/L","Humid","18.978","deg","57958","µV","24.043","°C","1017.000","hPa","34.9","pmil","0","55.710","deg","20.000","°C","100.000","%a.s.","22.780","deg","20.000","°C","969.000","hPa","0.82","-0.015","0.00036","-0.00014","0","10","Humid","58.27","1","2500.00","297038.65","SADF0001000082","ABF0.1.0.10","4.0.0.2393","PSt7-10","250224-007","7/27/2025 6:28:56 PM","0000-00","0","no battery","V","","µV","","µV"
"03/05/2026","14:34:21","2","default","813736599","OXY_06","78.367","min","274.766","μmol/L","Humid","18.976","deg","57939","µV","24.080","°C","1017.000","hPa","34.9","pmil","0","55.710","deg","20.000","°C","100.000","%a.s.","22.780","deg","20.000","°C","969.000","hPa","0.82","-0.015","0.00036","-0.00014","0","10","Humid","58.27","1","2500.00","297040.57","SADF0001000082","ABF0.1.0.10","4.0.0.2393","PSt7-10","250224-007","7/27/2025 6:28:56 PM","0000-00","0","no battery","V","","µV","","µV"
"03/05/2026","14:34:23","2","default","813736599","OXY_06","78.400","min","274.986","μmol/L","Humid","18.973","deg","57934","µV","24.061","°C","1017.000","hPa","34.9","pmil","0","55.710","deg","20.000","°C","100.000","%a.s.","22.780","deg","20.000","°C","969.000","hPa","0.82","-0.015","0.00036","-0.00014","0","10","Humid","58.27","1","2500.00","297030.39","SADF0001000082","ABF0.1.0.10","4.0.0.2393","PSt7-10","250224-007","7/27/2025 6:28:56 PM","0000-00","0","no battery","V","","µV","","µV"
"03/05/2026","14:34:25","2","default","813736599","OXY_06","78.433","min","274.915","μmol/L","Humid","18.972","deg","57932","µV","24.074","°C","1017.000","hPa","34.9","pmil","0","55.710","deg","20.000","°C","100.000","%a.s.","22.780","deg","20.000","°C","969.000","hPa","0.82","-0.015","0.00036","-0.00014","0","10","Humid","58.27","1","2500.00","297030.89","SADF0001000082","ABF0.1.0.10","4.0.0.2393","PSt7-10","250224-007","7/27/2025 6:28:56 PM","0000-00","0","no battery","V","","µV","","µV"
"03/05/2026","14:34:27","2","default","813736599","OXY_06","78.467","min","275.065","μmol/L","Humid","18.968","deg","57920","µV","24.068","°C","1017.000","hPa","34.9","pmil","0","55.710","deg","20.000","°C","100.000","%a.s.","22.780","deg","20.000","°C","969.000","hPa","0.82","-0.015","0.00036","-0.00014","0","10","Humid","58.27","1","2500.00","297039.14","SADF0001000082","ABF0.1.0.10","4.0.0.2393","PSt7-10","250224-007","7/27/2025 6:28:56 PM","0000-00","0","no battery","V","","µV","","µV"
"03/05/2026","14:34:29","2","default","813736599","OXY_06","78.500","min","275.291","μmol/L","Humid","18.961","deg","57913","µV","24.061","°C","1017.000","hPa","34.9","pmil","0","55.710","deg","20.000","°C","100.000","%a.s.","22.780","deg","20.000","°C","969.000","hPa","0.82","-0.015","0.00036","-0.00014","0","10","Humid","58.27","1","2500.00","297019.49","SADF0001000082","ABF0.1.0.10","4.0.0.2393","PSt7-10","250224-007","7/27/2025 6:28:56 PM","0000-00","0","no battery","V","","µV","","µV"
"03/05/2026","14:34:31","2","default","813736599","OXY_06","78.533","min","275.369","μmol/L","Humid","18.956","deg","57898","µV","24.068","°C","1017.000","hPa","34.9","pmil","0","55.710","deg","20.000","°C","100.000","%a.s.","22.780","deg","20.000","°C","969.000","hPa","0.82","-0.015","0.00036","-0.00014","0","10","Humid","58.27","1","2500.00","297024.73","SADF0001000082","ABF0.1.0.10","4.0.0.2393","PSt7-10","250224-007","7/27/2025 6:28:56 PM","0000-00","0","no battery","V","","µV","","µV"
"03/05/2026","14:34:33","2","default","813736599","OXY_06","78.567","min","275.542","μmol/L","Humid","18.953","deg","57895","µV","24.055","°C","1017.000","hPa","34.9","pmil","0","55.710","deg","20.000","°C","100.000","%a.s.","22.780","deg","20.000","°C","969.000","hPa","0.82","-0.015","0.00036","-0.00014","0","10","Humid","58.27","1","2500.00","297042.20","SADF0001000082","ABF0.1.0.10","4.0.0.2393","PSt7-10","250224-007","7/27/2025 6:28:56 PM","0000-00","0","no battery","V","","µV","","µV"
"03/05/2026","14:34:35","2","default","813736599","OXY_06","78.600","min","275.392","μmol/L","Humid","18.957","deg","57874","µV","24.061","°C","1017.000","hPa","34.9","pmil","0","55.710","deg","20.000","°C","100.000","%a.s.","22.780","deg","20.000","°C","969.000","hPa","0.82","-0.015","0.00036","-0.00014","0","10","Humid","58.27","1","2500.00","297024.26","SADF0001000082","ABF0.1.0.10","4.0.0.2393","PSt7-10","250224-007","7/27/2025 6:28:56 PM","0000-00","0","no battery","V","","µV","","µV"
"03/05/2026","14:34:37","2","default","813736599","OXY_06","78.633","min","275.567","μmol/L","Humid","18.952","deg","57875","µV","24.055","°C","1017.000","hPa","34.9","pmil","0","55.710","deg","20.000","°C","100.000","%a.s.","22.780","deg","20.000","°C","969.000","hPa","0.82","-0.015","0.00036","-0.00014","0","10","Humid","58.27","1","2500.00","297028.88","SADF0001000082","ABF0.1.0.10","4.0.0.2393","PSt7-10","250224-007","7/27/2025 6:28:56 PM","0000-00","0","no battery","V","","µV","","µV"
"03/05/2026","14:34:39","2","default","813736599","OXY_06","78.666","min","275.595","μmol/L","Humid","18.949","deg","57861","µV","24.061","°C","1017.000","hPa","34.9","pmil","0","55.710","deg","20.000","°C","100.000","%a.s.","22.780","deg","20.000","°C","969.000","hPa","0.82","-0.015","0.00036","-0.00014","0","10","Humid","58.27","1","2500.00","297027.89","SADF0001000082","ABF0.1.0.10","4.0.0.2393","PSt7-10","250224-007","7/27/2025 6:28:56 PM","0000-00","0","no battery","V","","µV","","µV"
"03/05/2026","14:34:41","2","default","813736599","OXY_06","78.700","min","275.791","μmol/L","Humid","18.947","deg","57858","µV","24.043","°C","1017.000","hPa","34.9","pmil","0","55.710","deg","20.000","°C","100.000","%a.s.","22.780","deg","20.000","°C","969.000","hPa","0.82","-0.015","0.00036","-0.00014","0","10","Humid","58.27","1","2500.00","297025.10","SADF0001000082","ABF0.1.0.10","4.0.0.2393","PSt7-10","250224-007","7/27/2025 6:28:56 PM","0000-00","0","no battery","V","","µV","","µV"
"03/05/2026","14:34:43","2","default","813736599","OXY_06","78.733","min","275.577","μmol/L","Humid","18.944","deg","57847","µV","24.080","°C","1017.000","hPa","34.9","pmil","0","55.710","deg","20.000","°C","100.000","%a.s.","22.780","deg","20.000","°C","969.000","hPa","0.82","-0.015","0.00036","-0.00014","0","10","Humid","58.27","1","2500.00","297037.15","SADF0001000082","ABF0.1.0.10","4.0.0.2393","PSt7-10","250224-007","7/27/2025 6:28:56 PM","0000-00","0","no battery","V","","µV","","µV"
"03/05/2026","14:34:45","2","default","813736599","OXY_06","78.766","min","275.921","μmol/L","Humid","18.940","deg","57838","µV","24.049","°C","1017.000","hPa","34.9","pmil","0","55.710","deg","20.000","°C","100.000","%a.s.","22.780","deg","20.000","°C","969.000","hPa","0.82","-0.015","0.00036","-0.00014","0","10","Humid","58.27","1","2500.00","297030.46","SADF0001000082","ABF0.1.0.10","4.0.0.2393","PSt7-10","250224-007","7/27/2025 6:28:56 PM","0000-00","0","no battery","V","","µV","","µV"
"03/05/2026","14:34:47","2","default","813736599","OXY_06","78.800","min","275.847","μmol/L","Humid","18.941","deg","57830","µV","24.055","°C","1017.000","hPa","34.9","pmil","0","55.710","deg","20.000","°C","100.000","%a.s.","22.780","deg","20.000","°C","969.000","hPa","0.82","-0.015","0.00036","-0.00014","0","10","Humid","58.27","1","2500.00","297029.59","SADF0001000082","ABF0.1.0.10","4.0.0.2393","PSt7-10","250224-007","7/27/2025 6:28:56 PM","0000-00","0","no battery","V","","µV","","µV"
"03/05/2026","14:34:49","2","default","813736599","OXY_06","78.833","min","275.821","μmol/L","Humid","18.942","deg","57827","µV","24.055","°C","1017.000","hPa","34.9","pmil","0","55.710","deg","20.000","°C","100.000","%a.s.","22.780","deg","20.000","°C","969.000","hPa","0.82","-0.015","0.00036","-0.00014","0","10","Humid","58.27","1","2500.00","297012.93","SADF0001000082","ABF0.1.0.10","4.0.0.2393","PSt7-10","250224-007","7/27/2025 6:28:56 PM","0000-00","0","no battery","V","","µV","","µV"
"03/05/2026","14:34:51","2","default","813736599","OXY_06","78.867","min","275.898","μmol/L","Humid","18.939","deg","57814","µV","24.055","°C","1017.000","hPa","34.9","pmil","0","55.710","deg","20.000","°C","100.000","%a.s.","22.780","deg","20.000","°C","969.000","hPa","0.82","-0.015","0.00036","-0.00014","0","10","Humid","58.27","1","2500.00","297030.16","SADF0001000082","ABF0.1.0.10","4.0.0.2393","PSt7-10","250224-007","7/27/2025 6:28:56 PM","0000-00","0","no battery","V","","µV","","µV"
"03/05/2026","14:34:53","2","default","813736599","OXY_06","78.900","min","276.020","μmol/L","Humid","18.938","deg","57806","µV","24.043","°C","1017.000","hPa","34.9","pmil","0","55.710","deg","20.000","°C","100.000","%a.s.","22.780","deg","20.000","°C","969.000","hPa","0.82","-0.015","0.00036","-0.00014","0","10","Humid","58.27","1","2500.00","297024.16","SADF0001000082","ABF0.1.0.10","4.0.0.2393","PSt7-10","250224-007","7/27/2025 6:28:56 PM","0000-00","0","no battery","V","","µV","","µV"
"03/05/2026","14:34:55","2","default","813736599","OXY_06","78.933","min","275.875","μmol/L","Humid","18.938","deg","57795","µV","24.061","°C","1017.000","hPa","34.9","pmil","0","55.710","deg","20.000","°C","100.000","%a.s.","22.780","deg","20.000","°C","969.000","hPa","0.82","-0.015","0.00036","-0.00014","0","10","Humid","58.27","1","2500.00","297022.36","SADF0001000082","ABF0.1.0.10","4.0.0.2393","PSt7-10","250224-007","7/27/2025 6:28:56 PM","0000-00","0","no battery","V","","µV","","µV"
"03/05/2026","14:34:57","2","default","813736599","OXY_06","78.967","min","276.050","μmol/L","Humid","18.933","deg","57788","µV","24.055","°C","1017.000","hPa","34.9","pmil","0","55.710","deg","20.000","°C","100.000","%a.s.","22.780","deg","20.000","°C","969.000","hPa","0.82","-0.015","0.00036","-0.00014","0","10","Humid","58.27","1","2500.00","297032.37","SADF0001000082","ABF0.1.0.10","4.0.0.2393","PSt7-10","250224-007","7/27/2025 6:28:56 PM","0000-00","0","no battery","V","","µV","","µV"
"03/05/2026","14:34:59","2","default","813736599","OXY_06","79.000","min","276.203","μmol/L","Humid","18.927","deg","57781","µV","24.055","°C","1017.000","hPa","34.9","pmil","0","55.710","deg","20.000","°C","100.000","%a.s.","22.780","deg","20.000","°C","969.000","hPa","0.82","-0.015","0.00036","-0.00014","0","10","Humid","58.27","1","2500.00","297034.36","SADF0001000082","ABF0.1.0.10","4.0.0.2393","PSt7-10","250224-007","7/27/2025 6:28:56 PM","0000-00","0","no battery","V","","µV","","µV"
"03/05/2026","14:35:01","2","default","813736599","OXY_06","79.033","min","276.104","μmol/L","Humid","18.929","deg","57774","µV","24.061","°C","1017.000","hPa","34.9","pmil","0","55.710","deg","20.000","°C","100.000","%a.s.","22.780","deg","20.000","°C","969.000","hPa","0.82","-0.015","0.00036","-0.00014","0","10","Humid","58.27","1","2500.00","297035.56","SADF0001000082","ABF0.1.0.10","4.0.0.2393","PSt7-10","250224-007","7/27/2025 6:28:56 PM","0000-00","0","no battery","V","","µV","","µV"
"03/05/2026","14:35:03","2","default","813736599","OXY_06","79.066","min","276.256","μmol/L","Humid","18.923","deg","57762","µV","24.061","°C","1017.000","hPa","34.9","pmil","0","55.710","deg","20.000","°C","100.000","%a.s.","22.780","deg","20.000","°C","969.000","hPa","0.82","-0.015","0.00036","-0.00014","0","10","Humid","58.27","1","2500.00","297023.23","SADF0001000082","ABF0.1.0.10","4.0.0.2393","PSt7-10","250224-007","7/27/2025 6:28:56 PM","0000-00","0","no battery","V","","µV","","µV"
"03/05/2026","14:35:05","2","default","813736599","OXY_06","79.100","min","276.210","μmol/L","Humid","18.921","deg","57752","µV","24.074","°C","1017.000","hPa","34.9","pmil","0","55.710","deg","20.000","°C","100.000","%a.s.","22.780","deg","20.000","°C","969.000","hPa","0.82","-0.015","0.00036","-0.00014","0","10","Humid","58.27","1","2500.00","297020.92","SADF0001000082","ABF0.1.0.10","4.0.0.2393","PSt7-10","250224-007","7/27/2025 6:28:56 PM","0000-00","0","no battery","V","","µV","","µV"
"03/05/2026","14:35:07","2","default","813736599","OXY_06","79.133","min","276.236","μmol/L","Humid","18.920","deg","57747","µV","24.074","°C","1017.000","hPa","34.9","pmil","0","55.710","deg","20.000","°C","100.000","%a.s.","22.780","deg","20.000","°C","969.000","hPa","0.82","-0.015","0.00036","-0.00014","0","10","Humid","58.27","1","2500.00","297012.97","SADF0001000082","ABF0.1.0.10","4.0.0.2393","PSt7-10","250224-007","7/27/2025 6:28:56 PM","0000-00","0","no battery","V","","µV","","µV"
"03/05/2026","14:35:09","2","default","813736599","OXY_06","79.166","min","276.460","μmol/L","Humid","18.915","deg","57745","µV","24.061","°C","1017.000","hPa","34.9","pmil","0","55.710","deg","20.000","°C","100.000","%a.s.","22.780","deg","20.000","°C","969.000","hPa","0.82","-0.015","0.00036","-0.00014","0","10","Humid","58.27","1","2500.00","297025.89","SADF0001000082","ABF0.1.0.10","4.0.0.2393","PSt7-10","250224-007","7/27/2025 6:28:56 PM","0000-00","0","no battery","V","","µV","","µV"
"03/05/2026","14:35:11","2","default","813736599","OXY_06","79.200","min","276.414","μmol/L","Humid","18.913","deg","57732","µV","24.074","°C","1017.000","hPa","34.9","pmil","0","55.710","deg","20.000","°C","100.000","%a.s.","22.780","deg","20.000","°C","969.000","hPa","0.82","-0.015","0.00036","-0.00014","0","10","Humid","58.27","1","2500.00","297027.29","SADF0001000082","ABF0.1.0.10","4.0.0.2393","PSt7-10","250224-007","7/27/2025 6:28:56 PM","0000-00","0","no battery","V","","µV","","µV"
"03/05/2026","14:35:13","2","default","813736599","OXY_06","79.233","min","276.731","μmol/L","Humid","18.912","deg","57729","µV","24.037","°C","1017.000","hPa","34.9","pmil","0","55.710","deg","20.000","°C","100.000","%a.s.","22.780","deg","20.000","°C","969.000","hPa","0.82","-0.015","0.00036","-0.00014","0","10","Humid","58.27","1","2500.00","297031.77","SADF0001000082","ABF0.1.0.10","4.0.0.2393","PSt7-10","250224-007","7/27/2025 6:28:56 PM","0000-00","0","no battery","V","","µV","","µV"
"03/05/2026","14:35:15","2","default","813736599","OXY_06","79.267","min","276.417","μmol/L","Humid","18.911","deg","57709","µV","24.080","°C","1017.000","hPa","34.9","pmil","0","55.710","deg","20.000","°C","100.000","%a.s.","22.780","deg","20.000","°C","969.000","hPa","0.82","-0.015","0.00036","-0.00014","0","10","Humid","58.27","1","2500.00","297027.84","SADF0001000082","ABF0.1.0.10","4.0.0.2393","PSt7-10","250224-007","7/27/2025 6:28:56 PM","0000-00","0","no battery","V","","µV","","µV"
"03/05/2026","14:35:17","2","default","813736599","OXY_06","79.300","min","276.688","μmol/L","Humid","18.908","deg","57703","µV","24.055","°C","1017.000","hPa","34.9","pmil","0","55.710","deg","20.000","°C","100.000","%a.s.","22.780","deg","20.000","°C","969.000","hPa","0.82","-0.015","0.00036","-0.00014","0","10","Humid","58.27","1","2500.00","297017.32","SADF0001000082","ABF0.1.0.10","4.0.0.2393","PSt7-10","250224-007","7/27/2025 6:28:56 PM","0000-00","0","no battery","V","","µV","","µV"
"03/05/2026","14:35:19","2","default","813736599","OXY_06","79.333","min","276.792","μmol/L","Humid","18.902","deg","57695","µV","24.061","°C","1017.000","hPa","34.9","pmil","0","55.710","deg","20.000","°C","100.000","%a.s.","22.780","deg","20.000","°C","969.000","hPa","0.82","-0.015","0.00036","-0.00014","0","10","Humid","58.27","1","2500.00","297018.34","SADF0001000082","ABF0.1.0.10","4.0.0.2393","PSt7-10","250224-007","7/27/2025 6:28:56 PM","0000-00","0","no battery","V","","µV","","µV"
"03/05/2026","14:35:21","2","default","813736599","OXY_06","79.366","min","276.894","μmol/L","Humid","18.898","deg","57689","µV","24.061","°C","1017.000","hPa","34.9","pmil","0","55.710","deg","20.000","°C","100.000","%a.s.","22.780","deg","20.000","°C","969.000","hPa","0.82","-0.015","0.00036","-0.00014","0","10","Humid","58.27","1","2500.00","297025.16","SADF0001000082","ABF0.1.0.10","4.0.0.2393","PSt7-10","250224-007","7/27/2025 6:28:56 PM","0000-00","0","no battery","V","","µV","","µV"
"03/05/2026","14:35:23","2","default","813736599","OXY_06","79.400","min","276.969","μmol/L","Humid","18.897","deg","57682","µV","24.055","°C","1017.000","hPa","34.9","pmil","0","55.710","deg","20.000","°C","100.000","%a.s.","22.780","deg","20.000","°C","969.000","hPa","0.82","-0.015","0.00036","-0.00014","0","10","Humid","58.27","1","2500.00","297030.91","SADF0001000082","ABF0.1.0.10","4.0.0.2393","PSt7-10","250224-007","7/27/2025 6:28:56 PM","0000-00","0","no battery","V","","µV","","µV"
"03/05/2026","14:35:25","2","default","813736599","OXY_06","79.433","min","276.746","μmol/L","Humid","18.900","deg","57669","µV","24.074","°C","1017.000","hPa","34.9","pmil","0","55.710","deg","20.000","°C","100.000","%a.s.","22.780","deg","20.000","°C","969.000","hPa","0.82","-0.015","0.00036","-0.00014","0","10","Humid","58.27","1","2500.00","297032.61","SADF0001000082","ABF0.1.0.10","4.0.0.2393","PSt7-10","250224-007","7/27/2025 6:28:56 PM","0000-00","0","no battery","V","","µV","","µV"
"03/05/2026","14:35:27","2","default","813736599","OXY_06","79.467","min","277.071","μmol/L","Humid","18.893","deg","57667","µV","24.055","°C","1017.000","hPa","34.9","pmil","0","55.710","deg","20.000","°C","100.000","%a.s.","22.780","deg","20.000","°C","969.000","hPa","0.82","-0.015","0.00036","-0.00014","0","10","Humid","58.27","1","2500.00","297033.67","SADF0001000082","ABF0.1.0.10","4.0.0.2393","PSt7-10","250224-007","7/27/2025 6:28:56 PM","0000-00","0","no battery","V","","µV","","µV"
"03/05/2026","14:35:29","2","default","813736599","OXY_06","79.499","min","276.997","μmol/L","Humid","18.894","deg","57657","µV","24.061","°C","1017.000","hPa","34.9","pmil","0","55.710","deg","20.000","°C","100.000","%a.s.","22.780","deg","20.000","°C","969.000","hPa","0.82","-0.015","0.00036","-0.00014","0","10","Humid","58.27","1","2500.00","297032.47","SADF0001000082","ABF0.1.0.10","4.0.0.2393","PSt7-10","250224-007","7/27/2025 6:28:56 PM","0000-00","0","no battery","V","","µV","","µV"
"03/05/2026","14:35:31","2","default","813736599","OXY_06","79.533","min","276.999","μmol/L","Humid","18.892","deg","57648","µV","24.068","°C","1017.000","hPa","34.9","pmil","0","55.710","deg","20.000","°C","100.000","%a.s.","22.780","deg","20.000","°C","969.000","hPa","0.82","-0.015","0.00036","-0.00014","0","10","Humid","58.27","1","2500.00","297026.69","SADF0001000082","ABF0.1.0.10","4.0.0.2393","PSt7-10","250224-007","7/27/2025 6:28:56 PM","0000-00","0","no battery","V","","µV","","µV"
"03/05/2026","14:35:33","2","default","813736599","OXY_06","79.567","min","277.048","μmol/L","Humid","18.892","deg","57645","µV","24.061","°C","1017.000","hPa","34.9","pmil","0","55.710","deg","20.000","°C","100.000","%a.s.","22.780","deg","20.000","°C","969.000","hPa","0.82","-0.015","0.00036","-0.00014","0","10","Humid","58.27","1","2500.00","297024.28","SADF0001000082","ABF0.1.0.10","4.0.0.2393","PSt7-10","250224-007","7/27/2025 6:28:56 PM","0000-00","0","no battery","V","","µV","","µV"
"03/05/2026","14:35:35","2","default","813736599","OXY_06","79.600","min","277.153","μmol/L","Humid","18.886","deg","57634","µV","24.068","°C","1017.000","hPa","34.9","pmil","0","55.710","deg","20.000","°C","100.000","%a.s.","22.780","deg","20.000","°C","969.000","hPa","0.82","-0.015","0.00036","-0.00014","0","10","Humid","58.27","1","2500.00","297037.75","SADF0001000082","ABF0.1.0.10","4.0.0.2393","PSt7-10","250224-007","7/27/2025 6:28:56 PM","0000-00","0","no battery","V","","µV","","µV"
"03/05/2026","14:35:37","2","default","813736599","OXY_06","79.633","min","277.301","μmol/L","Humid","18.884","deg","57628","µV","24.055","°C","1017.000","hPa","34.9","pmil","0","55.710","deg","20.000","°C","100.000","%a.s.","22.780","deg","20.000","°C","969.000","hPa","0.82","-0.015","0.00036","-0.00014","0","10","Humid","58.27","1","2500.00","297030.02","SADF0001000082","ABF0.1.0.10","4.0.0.2393","PSt7-10","250224-007","7/27/2025 6:28:56 PM","0000-00","0","no battery","V","","µV","","µV"
"03/05/2026","14:35:39","2","default","813736599","OXY_06","79.666","min","277.296","μmol/L","Humid","18.888","deg","57626","µV","24.043","°C","1017.000","hPa","34.9","pmil","0","55.710","deg","20.000","°C","100.000","%a.s.","22.780","deg","20.000","°C","969.000","hPa","0.82","-0.015","0.00036","-0.00014","0","10","Humid","58.27","1","2500.00","297030.23","SADF0001000082","ABF0.1.0.10","4.0.0.2393","PSt7-10","250224-007","7/27/2025 6:28:56 PM","0000-00","0","no battery","V","","µV","","µV"
"03/05/2026","14:35:41","2","default","813736599","OXY_06","79.700","min","277.224","μmol/L","Humid","18.887","deg","57620","µV","24.055","°C","1017.000","hPa","34.9","pmil","0","55.710","deg","20.000","°C","100.000","%a.s.","22.780","deg","20.000","°C","969.000","hPa","0.82","-0.015","0.00036","-0.00014","0","10","Humid","58.27","1","2500.00","297021.36","SADF0001000082","ABF0.1.0.10","4.0.0.2393","PSt7-10","250224-007","7/27/2025 6:28:56 PM","0000-00","0","no battery","V","","µV","","µV"
"03/05/2026","14:35:43","2","default","813736599","OXY_06","79.734","min","277.432","μmol/L","Humid","18.877","deg","57611","µV","24.061","°C","1017.000","hPa","34.9","pmil","0","55.710","deg","20.000","°C","100.000","%a.s.","22.780","deg","20.000","°C","969.000","hPa","0.82","-0.015","0.00036","-0.00014","0","10","Humid","58.27","1","2500.00","297035.57","SADF0001000082","ABF0.1.0.10","4.0.0.2393","PSt7-10","250224-007","7/27/2025 6:28:56 PM","0000-00","0","no battery","V","","µV","","µV"
"03/05/2026","14:35:45","2","default","813736599","OXY_06","79.766","min","277.534","μmol/L","Humid","18.873","deg","57600","µV","24.061","°C","1017.000","hPa","34.9","pmil","0","55.710","deg","20.000","°C","100.000","%a.s.","22.780","deg","20.000","°C","969.000","hPa","0.82","-0.015","0.00036","-0.00014","0","10","Humid","58.27","1","2500.00","297034.03","SADF0001000082","ABF0.1.0.10","4.0.0.2393","PSt7-10","250224-007","7/27/2025 6:28:56 PM","0000-00","0","no battery","V","","µV","","µV"
"03/05/2026","14:35:47","2","default","813736599","OXY_06","79.800","min","277.552","μmol/L","Humid","18.878","deg","57588","µV","24.043","°C","1017.000","hPa","34.9","pmil","0","55.710","deg","20.000","°C","100.000","%a.s.","22.780","deg","20.000","°C","969.000","hPa","0.82","-0.015","0.00036","-0.00014","0","10","Humid","58.27","1","2500.00","297016.62","SADF0001000082","ABF0.1.0.10","4.0.0.2393","PSt7-10","250224-007","7/27/2025 6:28:56 PM","0000-00","0","no battery","V","","µV","","µV"
"03/05/2026","14:35:49","2","default","813736599","OXY_06","79.833","min","277.357","μmol/L","Humid","18.878","deg","57586","µV","24.068","°C","1017.000","hPa","34.9","pmil","0","55.710","deg","20.000","°C","100.000","%a.s.","22.780","deg","20.000","°C","969.000","hPa","0.82","-0.015","0.00036","-0.00014","0","10","Humid","58.27","1","2500.00","297035.40","SADF0001000082","ABF0.1.0.10","4.0.0.2393","PSt7-10","250224-007","7/27/2025 6:28:56 PM","0000-00","0","no battery","V","","µV","","µV"
"03/05/2026","14:35:51","2","default","813736599","OXY_06","79.867","min","277.637","μmol/L","Humid","18.869","deg","57571","µV","24.061","°C","1017.000","hPa","34.9","pmil","0","55.710","deg","20.000","°C","100.000","%a.s.","22.780","deg","20.000","°C","969.000","hPa","0.82","-0.015","0.00036","-0.00014","0","10","Humid","58.27","1","2500.00","297031.13","SADF0001000082","ABF0.1.0.10","4.0.0.2393","PSt7-10","250224-007","7/27/2025 6:28:56 PM","0000-00","0","no battery","V","","µV","","µV"
"03/05/2026","14:35:53","2","default","813736599","OXY_06","79.900","min","277.714","μmol/L","Humid","18.866","deg","57561","µV","24.061","°C","1017.000","hPa","34.9","pmil","0","55.710","deg","20.000","°C","100.000","%a.s.","22.780","deg","20.000","°C","969.000","hPa","0.82","-0.015","0.00036","-0.00014","0","10","Humid","58.27","1","2500.00","297017.28","SADF0001000082","ABF0.1.0.10","4.0.0.2393","PSt7-10","250224-007","7/27/2025 6:28:56 PM","0000-00","0","no battery","V","","µV","","µV"
"03/05/2026","14:35:55","2","default","813736599","OXY_06","79.933","min","277.986","μmol/L","Humid","18.863","deg","57553","µV","24.037","°C","1017.000","hPa","34.9","pmil","0","55.710","deg","20.000","°C","100.000","%a.s.","22.780","deg","20.000","°C","969.000","hPa","0.82","-0.015","0.00036","-0.00014","0","10","Humid","58.27","1","2500.00","297025.62","SADF0001000082","ABF0.1.0.10","4.0.0.2393","PSt7-10","250224-007","7/27/2025 6:28:56 PM","0000-00","0","no battery","V","","µV","","µV"
"03/05/2026","14:35:57","2","default","813736599","OXY_06","79.967","min","277.914","μmol/L","Humid","18.862","deg","57551","µV","24.049","°C","1017.000","hPa","34.9","pmil","0","55.710","deg","20.000","°C","100.000","%a.s.","22.780","deg","20.000","°C","969.000","hPa","0.82","-0.015","0.00036","-0.00014","0","10","Humid","58.27","1","2500.00","297019.63","SADF0001000082","ABF0.1.0.10","4.0.0.2393","PSt7-10","250224-007","7/27/2025 6:28:56 PM","0000-00","0","no battery","V","","µV","","µV"
"03/05/2026","14:35:59","2","default","813736599","OXY_06","80.000","min","277.968","μmol/L","Humid","18.858","deg","57539","µV","24.055","°C","1017.000","hPa","34.9","pmil","0","55.710","deg","20.000","°C","100.000","%a.s.","22.780","deg","20.000","°C","969.000","hPa","0.82","-0.015","0.00036","-0.00014","0","10","Humid","58.27","1","2500.00","297024.61","SADF0001000082","ABF0.1.0.10","4.0.0.2393","PSt7-10","250224-007","7/27/2025 6:28:56 PM","0000-00","0","no battery","V","","µV","","µV"
"03/05/2026","14:36:01","2","default","813736599","OXY_06","80.034","min","278.012","μmol/L","Humid","18.862","deg","57535","µV","24.037","°C","1017.000","hPa","34.9","pmil","0","55.710","deg","20.000","°C","100.000","%a.s.","22.780","deg","20.000","°C","969.000","hPa","0.82","-0.015","0.00036","-0.00014","0","10","Humid","58.27","1","2500.00","297019.08","SADF0001000082","ABF0.1.0.10","4.0.0.2393","PSt7-10","250224-007","7/27/2025 6:28:56 PM","0000-00","0","no battery","V","","µV","","µV"
"03/05/2026","14:36:03","2","default","813736599","OXY_06","80.066","min","277.796","μmol/L","Humid","18.859","deg","57526","µV","24.074","°C","1017.000","hPa","34.9","pmil","0","55.710","deg","20.000","°C","100.000","%a.s.","22.780","deg","20.000","°C","969.000","hPa","0.82","-0.015","0.00036","-0.00014","0","10","Humid","58.27","1","2500.00","297030.31","SADF0001000082","ABF0.1.0.10","4.0.0.2393","PSt7-10","250224-007","7/27/2025 6:28:56 PM","0000-00","0","no battery","V","","µV","","µV"
"03/05/2026","14:36:05","2","default","813736599","OXY_06","80.100","min","277.993","μmol/L","Humid","18.857","deg","57520","µV","24.055","°C","1017.000","hPa","34.9","pmil","0","55.710","deg","20.000","°C","100.000","%a.s.","22.780","deg","20.000","°C","969.000","hPa","0.82","-0.015","0.00036","-0.00014","0","10","Humid","58.27","1","2500.00","297013.75","SADF0001000082","ABF0.1.0.10","4.0.0.2393","PSt7-10","250224-007","7/27/2025 6:28:56 PM","0000-00","0","no battery","V","","µV","","µV"
"03/05/2026","14:36:07","2","default","813736599","OXY_06","80.133","min","278.117","μmol/L","Humid","18.856","deg","57506","µV","24.043","°C","1017.000","hPa","34.9","pmil","0","55.710","deg","20.000","°C","100.000","%a.s.","22.780","deg","20.000","°C","969.000","hPa","0.82","-0.015","0.00036","-0.00014","0","10","Humid","58.27","1","2500.00","297017.08","SADF0001000082","ABF0.1.0.10","4.0.0.2393","PSt7-10","250224-007","7/27/2025 6:28:56 PM","0000-00","0","no battery","V","","µV","","µV"
"03/05/2026","14:36:09","2","default","813736599","OXY_06","80.167","min","278.220","μmol/L","Humid","18.852","deg","57504","µV","24.043","°C","1017.000","hPa","34.9","pmil","0","55.710","deg","20.000","°C","100.000","%a.s.","22.780","deg","20.000","°C","969.000","hPa","0.82","-0.015","0.00036","-0.00014","0","10","Humid","58.27","1","2500.00","297024.92","SADF0001000082","ABF0.1.0.10","4.0.0.2393","PSt7-10","250224-007","7/27/2025 6:28:56 PM","0000-00","0","no battery","V","","µV","","µV"
"03/05/2026","14:36:11","2","default","813736599","OXY_06","80.200","min","278.150","μmol/L","Humid","18.849","deg","57493","µV","24.061","°C","1017.000","hPa","34.9","pmil","0","55.710","deg","20.000","°C","100.000","%a.s.","22.780","deg","20.000","°C","969.000","hPa","0.82","-0.015","0.00036","-0.00014","0","10","Humid","58.27","1","2500.00","297028.44","SADF0001000082","ABF0.1.0.10","4.0.0.2393","PSt7-10","250224-007","7/27/2025 6:28:56 PM","0000-00","0","no battery","V","","µV","","µV"
"03/05/2026","14:36:13","2","default","813736599","OXY_06","80.233","min","278.302","μmol/L","Humid","18.845","deg","57485","µV","24.055","°C","1017.000","hPa","34.9","pmil","0","55.710","deg","20.000","°C","100.000","%a.s.","22.780","deg","20.000","°C","969.000","hPa","0.82","-0.015","0.00036","-0.00014","0","10","Humid","58.27","1","2500.00","297026.53","SADF0001000082","ABF0.1.0.10","4.0.0.2393","PSt7-10","250224-007","7/27/2025 6:28:56 PM","0000-00","0","no battery","V","","µV","","µV"
"03/05/2026","14:36:15","2","default","813736599","OXY_06","80.267","min","278.099","μmol/L","Humid","18.851","deg","57478","µV","24.061","°C","1017.000","hPa","34.9","pmil","0","55.710","deg","20.000","°C","100.000","%a.s.","22.780","deg","20.000","°C","969.000","hPa","0.82","-0.015","0.00036","-0.00014","0","10","Humid","58.27","1","2500.00","297035.25","SADF0001000082","ABF0.1.0.10","4.0.0.2393","PSt7-10","250224-007","7/27/2025 6:28:56 PM","0000-00","0","no battery","V","","µV","","µV"
"03/05/2026","14:36:17","2","default","813736599","OXY_06","80.300","min","278.549","μmol/L","Humid","18.843","deg","57469","µV","24.030","°C","1017.000","hPa","34.9","pmil","0","55.710","deg","20.000","°C","100.000","%a.s.","22.780","deg","20.000","°C","969.000","hPa","0.82","-0.015","0.00036","-0.00014","0","10","Humid","58.27","1","2500.00","297015.21","SADF0001000082","ABF0.1.0.10","4.0.0.2393","PSt7-10","250224-007","7/27/2025 6:28:56 PM","0000-00","0","no battery","V","","µV","","µV"
"03/05/2026","14:36:19","2","default","813736599","OXY_06","80.333","min","278.634","μmol/L","Humid","18.834","deg","57469","µV","24.049","°C","1017.000","hPa","34.9","pmil","0","55.710","deg","20.000","°C","100.000","%a.s.","22.780","deg","20.000","°C","969.000","hPa","0.82","-0.015","0.00036","-0.00014","0","10","Humid","58.27","1","2500.00","297028.29","SADF0001000082","ABF0.1.0.10","4.0.0.2393","PSt7-10","250224-007","7/27/2025 6:28:56 PM","0000-00","0","no battery","V","","µV","","µV"
"03/05/2026","14:36:21","2","default","813736599","OXY_06","80.366","min","278.335","μmol/L","Humid","18.838","deg","57457","µV","24.074","°C","1017.000","hPa","34.9","pmil","0","55.710","deg","20.000","°C","100.000","%a.s.","22.780","deg","20.000","°C","969.000","hPa","0.82","-0.015","0.00036","-0.00014","0","10","Humid","58.27","1","2500.00","297027.65","SADF0001000082","ABF0.1.0.10","4.0.0.2393","PSt7-10","250224-007","7/27/2025 6:28:56 PM","0000-00","0","no battery","V","","µV","","µV"
"03/05/2026","14:36:23","2","default","813736599","OXY_06","80.400","min","278.680","μmol/L","Humid","18.836","deg","57450","µV","24.037","°C","1017.000","hPa","34.9","pmil","0","55.710","deg","20.000","°C","100.000","%a.s.","22.780","deg","20.000","°C","969.000","hPa","0.82","-0.015","0.00036","-0.00014","0","10","Humid","58.27","1","2500.00","297032.25","SADF0001000082","ABF0.1.0.10","4.0.0.2393","PSt7-10","250224-007","7/27/2025 6:28:56 PM","0000-00","0","no battery","V","","µV","","µV"
"03/05/2026","14:36:25","2","default","813736599","OXY_06","80.434","min","278.660","μmol/L","Humid","18.833","deg","57445","µV","24.049","°C","1017.000","hPa","34.9","pmil","0","55.710","deg","20.000","°C","100.000","%a.s.","22.780","deg","20.000","°C","969.000","hPa","0.82","-0.015","0.00036","-0.00014","0","10","Humid","58.27","1","2500.00","297018.05","SADF0001000082","ABF0.1.0.10","4.0.0.2393","PSt7-10","250224-007","7/27/2025 6:28:56 PM","0000-00","0","no battery","V","","µV","","µV"
"03/05/2026","14:36:27","2","default","813736599","OXY_06","80.466","min","278.662","μmol/L","Humid","18.831","deg","57426","µV","24.055","°C","1017.000","hPa","34.9","pmil","0","55.710","deg","20.000","°C","100.000","%a.s.","22.780","deg","20.000","°C","969.000","hPa","0.82","-0.015","0.00036","-0.00014","0","10","Humid","58.27","1","2500.00","297015.78","SADF0001000082","ABF0.1.0.10","4.0.0.2393","PSt7-10","250224-007","7/27/2025 6:28:56 PM","0000-00","0","no battery","V","","µV","","µV"
"03/05/2026","14:36:29","2","default","813736599","OXY_06","80.500","min","278.665","μmol/L","Humid","18.829","deg","57418","µV","24.061","°C","1017.000","hPa","34.9","pmil","0","55.710","deg","20.000","°C","100.000","%a.s.","22.780","deg","20.000","°C","969.000","hPa","0.82","-0.015","0.00036","-0.00014","0","10","Humid","58.27","1","2500.00","297020.27","SADF0001000082","ABF0.1.0.10","4.0.0.2393","PSt7-10","250224-007","7/27/2025 6:28:56 PM","0000-00","0","no battery","V","","µV","","µV"
"03/05/2026","14:36:31","2","default","813736599","OXY_06","80.533","min","278.783","μmol/L","Humid","18.832","deg","57411","µV","24.037","°C","1017.000","hPa","34.9","pmil","0","55.710","deg","20.000","°C","100.000","%a.s.","22.780","deg","20.000","°C","969.000","hPa","0.82","-0.015","0.00036","-0.00014","0","10","Humid","58.27","1","2500.00","297011.61","SADF0001000082","ABF0.1.0.10","4.0.0.2393","PSt7-10","250224-007","7/27/2025 6:28:56 PM","0000-00","0","no battery","V","","µV","","µV"
"03/05/2026","14:36:33","2","default","813736599","OXY_06","80.567","min","278.892","μmol/L","Humid","18.824","deg","57406","µV","24.049","°C","1017.000","hPa","34.9","pmil","0","55.710","deg","20.000","°C","100.000","%a.s.","22.780","deg","20.000","°C","969.000","hPa","0.82","-0.015","0.00036","-0.00014","0","10","Humid","58.27","1","2500.00","297013.12","SADF0001000082","ABF0.1.0.10","4.0.0.2393","PSt7-10","250224-007","7/27/2025 6:28:56 PM","0000-00","0","no battery","V","","µV","","µV"
"03/05/2026","14:36:35","2","default","813736599","OXY_06","80.600","min","278.990","μmol/L","Humid","18.824","deg","57397","µV","24.037","°C","1017.000","hPa","34.9","pmil","0","55.710","deg","20.000","°C","100.000","%a.s.","22.780","deg","20.000","°C","969.000","hPa","0.82","-0.015","0.00036","-0.00014","0","10","Humid","58.27","1","2500.00","297005.99","SADF0001000082","ABF0.1.0.10","4.0.0.2393","PSt7-10","250224-007","7/27/2025 6:28:56 PM","0000-00","0","no battery","V","","µV","","µV"
"03/05/2026","14:36:37","2","default","813736599","OXY_06","80.633","min","278.964","μmol/L","Humid","18.825","deg","57392","µV","24.037","°C","1017.000","hPa","34.9","pmil","0","55.710","deg","20.000","°C","100.000","%a.s.","22.780","deg","20.000","°C","969.000","hPa","0.82","-0.015","0.00036","-0.00014","0","10","Humid","58.27","1","2500.00","297013.86","SADF0001000082","ABF0.1.0.10","4.0.0.2393","PSt7-10","250224-007","7/27/2025 6:28:56 PM","0000-00","0","no battery","V","","µV","","µV"
"03/05/2026","14:36:39","2","default","813736599","OXY_06","80.667","min","279.121","μmol/L","Humid","18.817","deg","57379","µV","24.043","°C","1017.000","hPa","34.9","pmil","0","55.710","deg","20.000","°C","100.000","%a.s.","22.780","deg","20.000","°C","969.000","hPa","0.82","-0.015","0.00036","-0.00014","0","10","Humid","58.27","1","2500.00","297007.54","SADF0001000082","ABF0.1.0.10","4.0.0.2393","PSt7-10","250224-007","7/27/2025 6:28:56 PM","0000-00","0","no battery","V","","µV","","µV"
"03/05/2026","14:36:41","2","default","813736599","OXY_06","80.700","min","279.049","μmol/L","Humid","18.816","deg","57379","µV","24.055","°C","1017.000","hPa","34.9","pmil","0","55.710","deg","20.000","°C","100.000","%a.s.","22.780","deg","20.000","°C","969.000","hPa","0.82","-0.015","0.00036","-0.00014","0","10","Humid","58.27","1","2500.00","297013.72","SADF0001000082","ABF0.1.0.10","4.0.0.2393","PSt7-10","250224-007","7/27/2025 6:28:56 PM","0000-00","0","no battery","V","","µV","","µV"
"03/05/2026","14:36:43","2","default","813736599","OXY_06","80.733","min","278.997","μmol/L","Humid","18.818","deg","57367","µV","24.055","°C","1017.000","hPa","34.9","pmil","0","55.710","deg","20.000","°C","100.000","%a.s.","22.780","deg","20.000","°C","969.000","hPa","0.82","-0.015","0.00036","-0.00014","0","10","Humid","58.27","1","2500.00","297015.28","SADF0001000082","ABF0.1.0.10","4.0.0.2393","PSt7-10","250224-007","7/27/2025 6:28:56 PM","0000-00","0","no battery","V","","µV","","µV"
"03/05/2026","14:36:45","2","default","813736599","OXY_06","80.767","min","279.354","μmol/L","Humid","18.808","deg","57362","µV","24.043","°C","1017.000","hPa","34.9","pmil","0","55.710","deg","20.000","°C","100.000","%a.s.","22.780","deg","20.000","°C","969.000","hPa","0.82","-0.015","0.00036","-0.00014","0","10","Humid","58.27","1","2500.00","297011.14","SADF0001000082","ABF0.1.0.10","4.0.0.2393","PSt7-10","250224-007","7/27/2025 6:28:56 PM","0000-00","0","no battery","V","","µV","","µV"
"03/05/2026","14:36:47","2","default","813736599","OXY_06","80.800","min","279.155","μmol/L","Humid","18.810","deg","57353","µV","24.061","°C","1017.000","hPa","34.9","pmil","0","55.710","deg","20.000","°C","100.000","%a.s.","22.780","deg","20.000","°C","969.000","hPa","0.82","-0.015","0.00036","-0.00014","0","10","Humid","58.27","1","2500.00","297010.91","SADF0001000082","ABF0.1.0.10","4.0.0.2393","PSt7-10","250224-007","7/27/2025 6:28:56 PM","0000-00","0","no battery","V","","µV","","µV"
"03/05/2026","14:36:49","2","default","813736599","OXY_06","80.833","min","279.553","μmol/L","Humid","18.806","deg","57349","µV","24.024","°C","1017.000","hPa","34.9","pmil","0","55.710","deg","20.000","°C","100.000","%a.s.","22.780","deg","20.000","°C","969.000","hPa","0.82","-0.015","0.00036","-0.00014","0","10","Humid","58.27","1","2500.00","297026.58","SADF0001000082","ABF0.1.0.10","4.0.0.2393","PSt7-10","250224-007","7/27/2025 6:28:56 PM","0000-00","0","no battery","V","","µV","","µV"
"03/05/2026","14:36:51","2","default","813736599","OXY_06","80.866","min","279.359","μmol/L","Humid","18.804","deg","57340","µV","24.055","°C","1017.000","hPa","34.9","pmil","0","55.710","deg","20.000","°C","100.000","%a.s.","22.780","deg","20.000","°C","969.000","hPa","0.82","-0.015","0.00036","-0.00014","0","10","Humid","58.27","1","2500.00","297017.90","SADF0001000082","ABF0.1.0.10","4.0.0.2393","PSt7-10","250224-007","7/27/2025 6:28:56 PM","0000-00","0","no battery","V","","µV","","µV"
"03/05/2026","14:36:53","2","default","813736599","OXY_06","80.900","min","279.584","μmol/L","Humid","18.801","deg","57332","µV","24.037","°C","1017.000","hPa","34.9","pmil","0","55.710","deg","20.000","°C","100.000","%a.s.","22.780","deg","20.000","°C","969.000","hPa","0.82","-0.015","0.00036","-0.00014","0","10","Humid","58.27","1","2500.00","297015.25","SADF0001000082","ABF0.1.0.10","4.0.0.2393","PSt7-10","250224-007","7/27/2025 6:28:56 PM","0000-00","0","no battery","V","","µV","","µV"
"03/05/2026","14:36:55","2","default","813736599","OXY_06","80.933","min","279.134","μmol/L","Humid","18.807","deg","57316","µV","24.074","°C","1017.000","hPa","34.9","pmil","0","55.710","deg","20.000","°C","100.000","%a.s.","22.780","deg","20.000","°C","969.000","hPa","0.82","-0.015","0.00036","-0.00014","0","10","Humid","58.27","1","2500.00","297011.11","SADF0001000082","ABF0.1.0.10","4.0.0.2393","PSt7-10","250224-007","7/27/2025 6:28:56 PM","0000-00","0","no battery","V","","µV","","µV"
"03/05/2026","14:36:57","2","default","813736599","OXY_06","80.966","min","279.667","μmol/L","Humid","18.794","deg","57308","µV","24.049","°C","1017.000","hPa","34.9","pmil","0","55.710","deg","20.000","°C","100.000","%a.s.","22.780","deg","20.000","°C","969.000","hPa","0.82","-0.015","0.00036","-0.00014","0","10","Humid","58.27","1","2500.00","297007.11","SADF0001000082","ABF0.1.0.10","4.0.0.2393","PSt7-10","250224-007","7/27/2025 6:28:56 PM","0000-00","0","no battery","V","","µV","","µV"
"03/05/2026","14:36:59","2","default","813736599","OXY_06","81.000","min","279.817","μmol/L","Humid","18.792","deg","57300","µV","24.037","°C","1017.000","hPa","34.9","pmil","0","55.710","deg","20.000","°C","100.000","%a.s.","22.780","deg","20.000","°C","969.000","hPa","0.82","-0.015","0.00036","-0.00014","0","10","Humid","58.27","1","2500.00","297018.46","SADF0001000082","ABF0.1.0.10","4.0.0.2393","PSt7-10","250224-007","7/27/2025 6:28:56 PM","0000-00","0","no battery","V","","µV","","µV"
"03/05/2026","14:37:01","2","default","813736599","OXY_06","81.034","min","279.744","μmol/L","Humid","18.791","deg","57290","µV","24.049","°C","1017.000","hPa","34.9","pmil","0","55.710","deg","20.000","°C","100.000","%a.s.","22.780","deg","20.000","°C","969.000","hPa","0.82","-0.015","0.00036","-0.00014","0","10","Humid","58.27","1","2500.00","297010.53","SADF0001000082","ABF0.1.0.10","4.0.0.2393","PSt7-10","250224-007","7/27/2025 6:28:56 PM","0000-00","0","no battery","V","","µV","","µV"
"03/05/2026","14:37:03","2","default","813736599","OXY_06","81.066","min","279.871","μmol/L","Humid","18.788","deg","57284","µV","24.043","°C","1017.000","hPa","34.9","pmil","0","55.710","deg","20.000","°C","100.000","%a.s.","22.780","deg","20.000","°C","969.000","hPa","0.82","-0.015","0.00036","-0.00014","0","10","Humid","58.27","1","2500.00","297014.61","SADF0001000082","ABF0.1.0.10","4.0.0.2393","PSt7-10","250224-007","7/27/2025 6:28:56 PM","0000-00","0","no battery","V","","µV","","µV"
"03/05/2026","14:37:05","2","default","813736599","OXY_06","81.100","min","279.773","μmol/L","Humid","18.788","deg","57275","µV","24.055","°C","1017.000","hPa","34.9","pmil","0","55.710","deg","20.000","°C","100.000","%a.s.","22.780","deg","20.000","°C","969.000","hPa","0.82","-0.015","0.00036","-0.00014","0","10","Humid","58.27","1","2500.00","297012.56","SADF0001000082","ABF0.1.0.10","4.0.0.2393","PSt7-10","250224-007","7/27/2025 6:28:56 PM","0000-00","0","no battery","V","","µV","","µV"
"03/05/2026","14:37:07","2","default","813736599","OXY_06","81.133","min","279.972","μmol/L","Humid","18.786","deg","57262","µV","24.037","°C","1017.000","hPa","34.9","pmil","0","55.710","deg","20.000","°C","100.000","%a.s.","22.780","deg","20.000","°C","969.000","hPa","0.82","-0.015","0.00036","-0.00014","0","10","Humid","58.27","1","2500.00","297013.40","SADF0001000082","ABF0.1.0.10","4.0.0.2393","PSt7-10","250224-007","7/27/2025 6:28:56 PM","0000-00","0","no battery","V","","µV","","µV"
"03/05/2026","14:37:09","2","default","813736599","OXY_06","81.167","min","280.001","μmol/L","Humid","18.783","deg","57261","µV","24.043","°C","1017.000","hPa","34.9","pmil","0","55.710","deg","20.000","°C","100.000","%a.s.","22.780","deg","20.000","°C","969.000","hPa","0.82","-0.015","0.00036","-0.00014","0","10","Humid","58.27","1","2500.00","297014.70","SADF0001000082","ABF0.1.0.10","4.0.0.2393","PSt7-10","250224-007","7/27/2025 6:28:56 PM","0000-00","0","no battery","V","","µV","","µV"
"03/05/2026","14:37:11","2","default","813736599","OXY_06","81.200","min","279.825","μmol/L","Humid","18.786","deg","57253","µV","24.055","°C","1017.000","hPa","34.9","pmil","0","55.710","deg","20.000","°C","100.000","%a.s.","22.780","deg","20.000","°C","969.000","hPa","0.82","-0.015","0.00036","-0.00014","0","10","Humid","58.27","1","2500.00","297011.98","SADF0001000082","ABF0.1.0.10","4.0.0.2393","PSt7-10","250224-007","7/27/2025 6:28:56 PM","0000-00","0","no battery","V","","µV","","µV"
"03/05/2026","14:37:13","2","default","813736599","OXY_06","81.233","min","279.952","μmol/L","Humid","18.783","deg","57243","µV","24.049","°C","1017.000","hPa","34.9","pmil","0","55.710","deg","20.000","°C","100.000","%a.s.","22.780","deg","20.000","°C","969.000","hPa","0.82","-0.015","0.00036","-0.00014","0","10","Humid","58.27","1","2500.00","297006.69","SADF0001000082","ABF0.1.0.10","4.0.0.2393","PSt7-10","250224-007","7/27/2025 6:28:56 PM","0000-00","0","no battery","V","","µV","","µV"
"03/05/2026","14:37:15","2","default","813736599","OXY_06","81.267","min","280.206","μmol/L","Humid","18.777","deg","57232","µV","24.037","°C","1017.000","hPa","34.9","pmil","0","55.710","deg","20.000","°C","100.000","%a.s.","22.780","deg","20.000","°C","969.000","hPa","0.82","-0.015","0.00036","-0.00014","0","10","Humid","58.27","1","2500.00","297012.35","SADF0001000082","ABF0.1.0.10","4.0.0.2393","PSt7-10","250224-007","7/27/2025 6:28:56 PM","0000-00","0","no battery","V","","µV","","µV"
"03/05/2026","14:37:17","2","default","813736599","OXY_06","81.300","min","280.185","μmol/L","Humid","18.774","deg","57226","µV","24.049","°C","1017.000","hPa","34.9","pmil","0","55.710","deg","20.000","°C","100.000","%a.s.","22.780","deg","20.000","°C","969.000","hPa","0.82","-0.015","0.00036","-0.00014","0","10","Humid","58.27","1","2500.00","297006.40","SADF0001000082","ABF0.1.0.10","4.0.0.2393","PSt7-10","250224-007","7/27/2025 6:28:56 PM","0000-00","0","no battery","V","","µV","","µV"
"03/05/2026","14:37:19","2","default","813736599","OXY_06","81.333","min","280.260","μmol/L","Humid","18.773","deg","57222","µV","24.043","°C","1017.000","hPa","34.9","pmil","0","55.710","deg","20.000","°C","100.000","%a.s.","22.780","deg","20.000","°C","969.000","hPa","0.82","-0.015","0.00036","-0.00014","0","10","Humid","58.27","1","2500.00","297019.08","SADF0001000082","ABF0.1.0.10","4.0.0.2393","PSt7-10","250224-007","7/27/2025 6:28:56 PM","0000-00","0","no battery","V","","µV","","µV"
"03/05/2026","14:37:21","2","default","813736599","OXY_06","81.367","min","280.136","μmol/L","Humid","18.774","deg","57210","µV","24.055","°C","1017.000","hPa","34.9","pmil","0","55.710","deg","20.000","°C","100.000","%a.s.","22.780","deg","20.000","°C","969.000","hPa","0.82","-0.015","0.00036","-0.00014","0","10","Humid","58.27","1","2500.00","297012.87","SADF0001000082","ABF0.1.0.10","4.0.0.2393","PSt7-10","250224-007","7/27/2025 6:28:56 PM","0000-00","0","no battery","V","","µV","","µV"
"03/05/2026","14:37:23","2","default","813736599","OXY_06","81.400","min","280.390","μmol/L","Humid","18.768","deg","57205","µV","24.043","°C","1017.000","hPa","34.9","pmil","0","55.710","deg","20.000","°C","100.000","%a.s.","22.780","deg","20.000","°C","969.000","hPa","0.82","-0.015","0.00036","-0.00014","0","10","Humid","58.27","1","2500.00","297012.55","SADF0001000082","ABF0.1.0.10","4.0.0.2393","PSt7-10","250224-007","7/27/2025 6:28:56 PM","0000-00","0","no battery","V","","µV","","µV"
"03/05/2026","14:37:25","2","default","813736599","OXY_06","81.433","min","280.242","μmol/L","Humid","18.768","deg","57198","µV","24.061","°C","1017.000","hPa","34.9","pmil","0","55.710","deg","20.000","°C","100.000","%a.s.","22.780","deg","20.000","°C","969.000","hPa","0.82","-0.015","0.00036","-0.00014","0","10","Humid","58.27","1","2500.00","297015.10","SADF0001000082","ABF0.1.0.10","4.0.0.2393","PSt7-10","250224-007","7/27/2025 6:28:56 PM","0000-00","0","no battery","V","","µV","","µV"
"03/05/2026","14:37:27","2","default","813736599","OXY_06","81.467","min","280.598","μmol/L","Humid","18.760","deg","57188","µV","24.043","°C","1017.000","hPa","34.9","pmil","0","55.710","deg","20.000","°C","100.000","%a.s.","22.780","deg","20.000","°C","969.000","hPa","0.82","-0.015","0.00036","-0.00014","0","10","Humid","58.27","1","2500.00","297005.20","SADF0001000082","ABF0.1.0.10","4.0.0.2393","PSt7-10","250224-007","7/27/2025 6:28:56 PM","0000-00","0","no battery","V","","µV","","µV"
"03/05/2026","14:37:29","2","default","813736599","OXY_06","81.500","min","280.497","μmol/L","Humid","18.762","deg","57175","µV","24.049","°C","1017.000","hPa","34.9","pmil","0","55.710","deg","20.000","°C","100.000","%a.s.","22.780","deg","20.000","°C","969.000","hPa","0.82","-0.015","0.00036","-0.00014","0","10","Humid","58.27","1","2500.00","297001.12","SADF0001000082","ABF0.1.0.10","4.0.0.2393","PSt7-10","250224-007","7/27/2025 6:28:56 PM","0000-00","0","no battery","V","","µV","","µV"
"03/05/2026","14:37:31","2","default","813736599","OXY_06","81.533","min","280.595","μmol/L","Humid","18.762","deg","57170","µV","24.037","°C","1017.000","hPa","34.9","pmil","0","55.710","deg","20.000","°C","100.000","%a.s.","22.780","deg","20.000","°C","969.000","hPa","0.82","-0.015","0.00036","-0.00014","0","10","Humid","58.27","1","2500.00","297007.11","SADF0001000082","ABF0.1.0.10","4.0.0.2393","PSt7-10","250224-007","7/27/2025 6:28:56 PM","0000-00","0","no battery","V","","µV","","µV"
"03/05/2026","14:37:33","2","default","813736599","OXY_06","81.567","min","280.806","μmol/L","Humid","18.752","deg","57157","µV","24.043","°C","1017.000","hPa","34.9","pmil","0","55.710","deg","20.000","°C","100.000","%a.s.","22.780","deg","20.000","°C","969.000","hPa","0.82","-0.015","0.00036","-0.00014","0","10","Humid","58.27","1","2500.00","297006.03","SADF0001000082","ABF0.1.0.10","4.0.0.2393","PSt7-10","250224-007","7/27/2025 6:28:56 PM","0000-00","0","no battery","V","","µV","","µV"
"03/05/2026","14:37:35","2","default","813736599","OXY_06","81.600","min","280.780","μmol/L","Humid","18.753","deg","57157","µV","24.043","°C","1017.000","hPa","34.9","pmil","0","55.710","deg","20.000","°C","100.000","%a.s.","22.780","deg","20.000","°C","969.000","hPa","0.82","-0.015","0.00036","-0.00014","0","10","Humid","58.27","1","2500.00","297004.07","SADF0001000082","ABF0.1.0.10","4.0.0.2393","PSt7-10","250224-007","7/27/2025 6:28:56 PM","0000-00","0","no battery","V","","µV","","µV"
"03/05/2026","14:37:37","2","default","813736599","OXY_06","81.634","min","280.681","μmol/L","Humid","18.753","deg","57146","µV","24.055","°C","1017.000","hPa","34.9","pmil","0","55.710","deg","20.000","°C","100.000","%a.s.","22.780","deg","20.000","°C","969.000","hPa","0.82","-0.015","0.00036","-0.00014","0","10","Humid","58.27","1","2500.00","297004.46","SADF0001000082","ABF0.1.0.10","4.0.0.2393","PSt7-10","250224-007","7/27/2025 6:28:56 PM","0000-00","0","no battery","V","","µV","","µV"
"03/05/2026","14:37:39","2","default","813736599","OXY_06","81.666","min","280.754","μmol/L","Humid","18.754","deg","57143","µV","24.043","°C","1017.000","hPa","34.9","pmil","0","55.710","deg","20.000","°C","100.000","%a.s.","22.780","deg","20.000","°C","969.000","hPa","0.82","-0.015","0.00036","-0.00014","0","10","Humid","58.27","1","2500.00","297001.92","SADF0001000082","ABF0.1.0.10","4.0.0.2393","PSt7-10","250224-007","7/27/2025 6:28:56 PM","0000-00","0","no battery","V","","µV","","µV"
"03/05/2026","14:37:41","2","default","813736599","OXY_06","81.700","min","281.087","μmol/L","Humid","18.745","deg","57129","µV","24.030","°C","1017.000","hPa","34.9","pmil","0","55.710","deg","20.000","°C","100.000","%a.s.","22.780","deg","20.000","°C","969.000","hPa","0.82","-0.015","0.00036","-0.00014","0","10","Humid","58.27","1","2500.00","297006.47","SADF0001000082","ABF0.1.0.10","4.0.0.2393","PSt7-10","250224-007","7/27/2025 6:28:56 PM","0000-00","0","no battery","V","","µV","","µV"
"03/05/2026","14:37:43","2","default","813736599","OXY_06","81.733","min","280.884","μmol/L","Humid","18.749","deg","57119","µV","24.043","°C","1017.000","hPa","34.9","pmil","0","55.710","deg","20.000","°C","100.000","%a.s.","22.780","deg","20.000","°C","969.000","hPa","0.82","-0.015","0.00036","-0.00014","0","10","Humid","58.27","1","2500.00","297005.04","SADF0001000082","ABF0.1.0.10","4.0.0.2393","PSt7-10","250224-007","7/27/2025 6:28:56 PM","0000-00","0","no battery","V","","µV","","µV"
"03/05/2026","14:37:45","2","default","813736599","OXY_06","81.767","min","280.884","μmol/L","Humid","18.749","deg","57116","µV","24.043","°C","1017.000","hPa","34.9","pmil","0","55.710","deg","20.000","°C","100.000","%a.s.","22.780","deg","20.000","°C","969.000","hPa","0.82","-0.015","0.00036","-0.00014","0","10","Humid","58.27","1","2500.00","297011.33","SADF0001000082","ABF0.1.0.10","4.0.0.2393","PSt7-10","250224-007","7/27/2025 6:28:56 PM","0000-00","0","no battery","V","","µV","","µV"
"03/05/2026","14:37:47","2","default","813736599","OXY_06","81.800","min","280.968","μmol/L","Humid","18.742","deg","57104","µV","24.055","°C","1017.000","hPa","34.9","pmil","0","55.710","deg","20.000","°C","100.000","%a.s.","22.780","deg","20.000","°C","969.000","hPa","0.82","-0.015","0.00036","-0.00014","0","10","Humid","58.27","1","2500.00","297007.15","SADF0001000082","ABF0.1.0.10","4.0.0.2393","PSt7-10","250224-007","7/27/2025 6:28:56 PM","0000-00","0","no battery","V","","µV","","µV"
"03/05/2026","14:37:49","2","default","813736599","OXY_06","81.833","min","281.017","μmol/L","Humid","18.742","deg","57096","µV","24.049","°C","1017.000","hPa","34.9","pmil","0","55.710","deg","20.000","°C","100.000","%a.s.","22.780","deg","20.000","°C","969.000","hPa","0.82","-0.015","0.00036","-0.00014","0","10","Humid","58.27","1","2500.00","297012.72","SADF0001000082","ABF0.1.0.10","4.0.0.2393","PSt7-10","250224-007","7/27/2025 6:28:56 PM","0000-00","0","no battery","V","","µV","","µV"
"03/05/2026","14:37:51","2","default","813736599","OXY_06","81.867","min","281.191","μmol/L","Humid","18.741","deg","57095","µV","24.030","°C","1017.000","hPa","34.9","pmil","0","55.710","deg","20.000","°C","100.000","%a.s.","22.780","deg","20.000","°C","969.000","hPa","0.82","-0.015","0.00036","-0.00014","0","10","Humid","58.27","1","2500.00","297013.75","SADF0001000082","ABF0.1.0.10","4.0.0.2393","PSt7-10","250224-007","7/27/2025 6:28:56 PM","0000-00","0","no battery","V","","µV","","µV"
"03/05/2026","14:37:53","2","default","813736599","OXY_06","81.900","min","281.121","μmol/L","Humid","18.738","deg","57082","µV","24.049","°C","1017.000","hPa","34.9","pmil","0","55.710","deg","20.000","°C","100.000","%a.s.","22.780","deg","20.000","°C","969.000","hPa","0.82","-0.015","0.00036","-0.00014","0","10","Humid","58.27","1","2500.00","297015.98","SADF0001000082","ABF0.1.0.10","4.0.0.2393","PSt7-10","250224-007","7/27/2025 6:28:56 PM","0000-00","0","no battery","V","","µV","","µV"
"03/05/2026","14:37:55","2","default","813736599","OXY_06","81.933","min","281.173","μmol/L","Humid","18.736","deg","57080","µV","24.049","°C","1017.000","hPa","34.9","pmil","0","55.710","deg","20.000","°C","100.000","%a.s.","22.780","deg","20.000","°C","969.000","hPa","0.82","-0.015","0.00036","-0.00014","0","10","Humid","58.27","1","2500.00","297009.68","SADF0001000082","ABF0.1.0.10","4.0.0.2393","PSt7-10","250224-007","7/27/2025 6:28:56 PM","0000-00","0","no battery","V","","µV","","µV"
"03/05/2026","14:37:57","2","default","813736599","OXY_06","81.967","min","281.127","μmol/L","Humid","18.734","deg","57074","µV","24.061","°C","1017.000","hPa","34.9","pmil","0","55.710","deg","20.000","°C","100.000","%a.s.","22.780","deg","20.000","°C","969.000","hPa","0.82","-0.015","0.00036","-0.00014","0","10","Humid","58.27","1","2500.00","297006.93","SADF0001000082","ABF0.1.0.10","4.0.0.2393","PSt7-10","250224-007","7/27/2025 6:28:56 PM","0000-00","0","no battery","V","","µV","","µV"
"03/05/2026","14:37:59","2","default","813736599","OXY_06","82.000","min","281.254","μmol/L","Humid","18.731","deg","57062","µV","24.055","°C","1017.000","hPa","34.9","pmil","0","55.710","deg","20.000","°C","100.000","%a.s.","22.780","deg","20.000","°C","969.000","hPa","0.82","-0.015","0.00036","-0.00014","0","10","Humid","58.27","1","2500.00","296999.01","SADF0001000082","ABF0.1.0.10","4.0.0.2393","PSt7-10","250224-007","7/27/2025 6:28:56 PM","0000-00","0","no battery","V","","µV","","µV"
"03/05/2026","14:38:01","2","default","813736599","OXY_06","82.033","min","281.280","μmol/L","Humid","18.730","deg","57057","µV","24.055","°C","1017.000","hPa","34.9","pmil","0","55.710","deg","20.000","°C","100.000","%a.s.","22.780","deg","20.000","°C","969.000","hPa","0.82","-0.015","0.00036","-0.00014","0","10","Humid","58.27","1","2500.00","296997.85","SADF0001000082","ABF0.1.0.10","4.0.0.2393","PSt7-10","250224-007","7/27/2025 6:28:56 PM","0000-00","0","no battery","V","","µV","","µV"
"03/05/2026","14:38:03","2","default","813736599","OXY_06","82.066","min","281.350","μmol/L","Humid","18.733","deg","57052","µV","24.037","°C","1017.000","hPa","34.9","pmil","0","55.710","deg","20.000","°C","100.000","%a.s.","22.780","deg","20.000","°C","969.000","hPa","0.82","-0.015","0.00036","-0.00014","0","10","Humid","58.27","1","2500.00","297013.17","SADF0001000082","ABF0.1.0.10","4.0.0.2393","PSt7-10","250224-007","7/27/2025 6:28:56 PM","0000-00","0","no battery","V","","µV","","µV"
"03/05/2026","14:38:05","2","default","813736599","OXY_06","82.100","min","281.431","μmol/L","Humid","18.728","deg","57044","µV","24.043","°C","1017.000","hPa","34.9","pmil","0","55.710","deg","20.000","°C","100.000","%a.s.","22.780","deg","20.000","°C","969.000","hPa","0.82","-0.015","0.00036","-0.00014","0","10","Humid","58.27","1","2500.00","297003.29","SADF0001000082","ABF0.1.0.10","4.0.0.2393","PSt7-10","250224-007","7/27/2025 6:28:56 PM","0000-00","0","no battery","V","","µV","","µV"
"03/05/2026","14:38:07","2","default","813736599","OXY_06","82.133","min","281.614","μmol/L","Humid","18.721","deg","57039","µV","24.043","°C","1017.000","hPa","34.9","pmil","0","55.710","deg","20.000","°C","100.000","%a.s.","22.780","deg","20.000","°C","969.000","hPa","0.82","-0.015","0.00036","-0.00014","0","10","Humid","58.27","1","2500.00","297022.97","SADF0001000082","ABF0.1.0.10","4.0.0.2393","PSt7-10","250224-007","7/27/2025 6:28:56 PM","0000-00","0","no battery","V","","µV","","µV"
"03/05/2026","14:38:09","2","default","813736599","OXY_06","82.167","min","281.745","μmol/L","Humid","18.716","deg","57036","µV","24.043","°C","1017.000","hPa","34.9","pmil","0","55.710","deg","20.000","°C","100.000","%a.s.","22.780","deg","20.000","°C","969.000","hPa","0.82","-0.015","0.00036","-0.00014","0","10","Humid","58.27","1","2500.00","297020.19","SADF0001000082","ABF0.1.0.10","4.0.0.2393","PSt7-10","250224-007","7/27/2025 6:28:56 PM","0000-00","0","no battery","V","","µV","","µV"
"03/05/2026","14:38:11","2","default","813736599","OXY_06","82.200","min","281.463","μmol/L","Humid","18.723","deg","57021","µV","24.055","°C","1017.000","hPa","34.9","pmil","0","55.710","deg","20.000","°C","100.000","%a.s.","22.780","deg","20.000","°C","969.000","hPa","0.82","-0.015","0.00036","-0.00014","0","10","Humid","58.27","1","2500.00","297007.10","SADF0001000082","ABF0.1.0.10","4.0.0.2393","PSt7-10","250224-007","7/27/2025 6:28:56 PM","0000-00","0","no battery","V","","µV","","µV"
"03/05/2026","14:38:13","2","default","813736599","OXY_06","82.233","min","281.591","μmol/L","Humid","18.720","deg","57016","µV","24.049","°C","1017.000","hPa","34.9","pmil","0","55.710","deg","20.000","°C","100.000","%a.s.","22.780","deg","20.000","°C","969.000","hPa","0.82","-0.015","0.00036","-0.00014","0","10","Humid","58.27","1","2500.00","297008.39","SADF0001000082","ABF0.1.0.10","4.0.0.2393","PSt7-10","250224-007","7/27/2025 6:28:56 PM","0000-00","0","no battery","V","","µV","","µV"
"03/05/2026","14:38:15","2","default","813736599","OXY_06","82.267","min","281.695","μmol/L","Humid","18.716","deg","57008","µV","24.049","°C","1017.000","hPa","34.9","pmil","0","55.710","deg","20.000","°C","100.000","%a.s.","22.780","deg","20.000","°C","969.000","hPa","0.82","-0.015","0.00036","-0.00014","0","10","Humid","58.27","1","2500.00","297005.77","SADF0001000082","ABF0.1.0.10","4.0.0.2393","PSt7-10","250224-007","7/27/2025 6:28:56 PM","0000-00","0","no battery","V","","µV","","µV"
"03/05/2026","14:38:17","2","default","813736599","OXY_06","82.300","min","281.794","μmol/L","Humid","18.716","deg","56999","µV","24.037","°C","1017.000","hPa","34.9","pmil","0","55.710","deg","20.000","°C","100.000","%a.s.","22.780","deg","20.000","°C","969.000","hPa","0.82","-0.015","0.00036","-0.00014","0","10","Humid","58.27","1","2500.00","297001.62","SADF0001000082","ABF0.1.0.10","4.0.0.2393","PSt7-10","250224-007","7/27/2025 6:28:56 PM","0000-00","0","no battery","V","","µV","","µV"
"03/05/2026","14:38:19","2","default","813736599","OXY_06","82.333","min","281.977","μmol/L","Humid","18.709","deg","56998","µV","24.037","°C","1017.000","hPa","34.9","pmil","0","55.710","deg","20.000","°C","100.000","%a.s.","22.780","deg","20.000","°C","969.000","hPa","0.82","-0.015","0.00036","-0.00014","0","10","Humid","58.27","1","2500.00","297013.72","SADF0001000082","ABF0.1.0.10","4.0.0.2393","PSt7-10","250224-007","7/27/2025 6:28:56 PM","0000-00","0","no battery","V","","µV","","µV"
"03/05/2026","14:38:21","2","default","813736599","OXY_06","82.367","min","281.974","μmol/L","Humid","18.711","deg","56987","µV","24.030","°C","1017.000","hPa","34.9","pmil","0","55.710","deg","20.000","°C","100.000","%a.s.","22.780","deg","20.000","°C","969.000","hPa","0.82","-0.015","0.00036","-0.00014","0","10","Humid","58.27","1","2500.00","297020.39","SADF0001000082","ABF0.1.0.10","4.0.0.2393","PSt7-10","250224-007","7/27/2025 6:28:56 PM","0000-00","0","no battery","V","","µV","","µV"
"03/05/2026","14:38:23","2","default","813736599","OXY_06","82.400","min","281.849","μmol/L","Humid","18.712","deg","56979","µV","24.043","°C","1017.000","hPa","34.9","pmil","0","55.710","deg","20.000","°C","100.000","%a.s.","22.780","deg","20.000","°C","969.000","hPa","0.82","-0.015","0.00036","-0.00014","0","10","Humid","58.27","1","2500.00","297009.48","SADF0001000082","ABF0.1.0.10","4.0.0.2393","PSt7-10","250224-007","7/27/2025 6:28:56 PM","0000-00","0","no battery","V","","µV","","µV"
"03/05/2026","14:38:25","2","default","813736599","OXY_06","82.434","min","281.855","μmol/L","Humid","18.708","deg","56974","µV","24.055","°C","1017.000","hPa","34.9","pmil","0","55.710","deg","20.000","°C","100.000","%a.s.","22.780","deg","20.000","°C","969.000","hPa","0.82","-0.015","0.00036","-0.00014","0","10","Humid","58.27","1","2500.00","297015.74","SADF0001000082","ABF0.1.0.10","4.0.0.2393","PSt7-10","250224-007","7/27/2025 6:28:56 PM","0000-00","0","no battery","V","","µV","","µV"
"03/05/2026","14:38:27","2","default","813736599","OXY_06","82.466","min","281.884","μmol/L","Humid","18.705","deg","56971","µV","24.061","°C","1017.000","hPa","34.9","pmil","0","55.710","deg","20.000","°C","100.000","%a.s.","22.780","deg","20.000","°C","969.000","hPa","0.82","-0.015","0.00036","-0.00014","0","10","Humid","58.27","1","2500.00","297016.49","SADF0001000082","ABF0.1.0.10","4.0.0.2393","PSt7-10","250224-007","7/27/2025 6:28:56 PM","0000-00","0","no battery","V","","µV","","µV"
"03/05/2026","14:38:29","2","default","813736599","OXY_06","82.500","min","282.233","μmol/L","Humid","18.703","deg","56966","µV","24.024","°C","1017.000","hPa","34.9","pmil","0","55.710","deg","20.000","°C","100.000","%a.s.","22.780","deg","20.000","°C","969.000","hPa","0.82","-0.015","0.00036","-0.00014","0","10","Humid","58.27","1","2500.00","297013.54","SADF0001000082","ABF0.1.0.10","4.0.0.2393","PSt7-10","250224-007","7/27/2025 6:28:56 PM","0000-00","0","no battery","V","","µV","","µV"
"03/05/2026","14:38:31","2","default","813736599","OXY_06","82.533","min","282.111","μmol/L","Humid","18.702","deg","56949","µV","24.043","°C","1017.000","hPa","34.9","pmil","0","55.710","deg","20.000","°C","100.000","%a.s.","22.780","deg","20.000","°C","969.000","hPa","0.82","-0.015","0.00036","-0.00014","0","10","Humid","58.27","1","2500.00","296997.27","SADF0001000082","ABF0.1.0.10","4.0.0.2393","PSt7-10","250224-007","7/27/2025 6:28:56 PM","0000-00","0","no battery","V","","µV","","µV"
"03/05/2026","14:38:33","2","default","813736599","OXY_06","82.567","min","282.320","μmol/L","Humid","18.694","deg","56942","µV","24.043","°C","1017.000","hPa","34.9","pmil","0","55.710","deg","20.000","°C","100.000","%a.s.","22.780","deg","20.000","°C","969.000","hPa","0.82","-0.015","0.00036","-0.00014","0","10","Humid","58.27","1","2500.00","296993.03","SADF0001000082","ABF0.1.0.10","4.0.0.2393","PSt7-10","250224-007","7/27/2025 6:28:56 PM","0000-00","0","no battery","V","","µV","","µV"
"03/05/2026","14:38:35","2","default","813736599","OXY_06","82.600","min","282.216","μmol/L","Humid","18.698","deg","56936","µV","24.043","°C","1017.000","hPa","34.9","pmil","0","55.710","deg","20.000","°C","100.000","%a.s.","22.780","deg","20.000","°C","969.000","hPa","0.82","-0.015","0.00036","-0.00014","0","10","Humid","58.27","1","2500.00","297010.64","SADF0001000082","ABF0.1.0.10","4.0.0.2393","PSt7-10","250224-007","7/27/2025 6:28:56 PM","0000-00","0","no battery","V","","µV","","µV"
"03/05/2026","14:38:37","2","default","813736599","OXY_06","82.633","min","282.323","μmol/L","Humid","18.692","deg","56932","µV","24.049","°C","1017.000","hPa","34.9","pmil","0","55.710","deg","20.000","°C","100.000","%a.s.","22.780","deg","20.000","°C","969.000","hPa","0.82","-0.015","0.00036","-0.00014","0","10","Humid","58.27","1","2500.00","297007.69","SADF0001000082","ABF0.1.0.10","4.0.0.2393","PSt7-10","250224-007","7/27/2025 6:28:56 PM","0000-00","0","no battery","V","","µV","","µV"
"03/05/2026","14:38:39","2","default","813736599","OXY_06","82.667","min","282.297","μmol/L","Humid","18.693","deg","56920","µV","24.049","°C","1017.000","hPa","34.9","pmil","0","55.710","deg","20.000","°C","100.000","%a.s.","22.780","deg","20.000","°C","969.000","hPa","0.82","-0.015","0.00036","-0.00014","0","10","Humid","58.27","1","2500.00","297005.39","SADF0001000082","ABF0.1.0.10","4.0.0.2393","PSt7-10","250224-007","7/27/2025 6:28:56 PM","0000-00","0","no battery","V","","µV","","µV"
"03/05/2026","14:38:41","2","default","813736599","OXY_06","82.700","min","282.475","μmol/L","Humid","18.690","deg","56913","µV","24.037","°C","1017.000","hPa","34.9","pmil","0","55.710","deg","20.000","°C","100.000","%a.s.","22.780","deg","20.000","°C","969.000","hPa","0.82","-0.015","0.00036","-0.00014","0","10","Humid","58.27","1","2500.00","297002.24","SADF0001000082","ABF0.1.0.10","4.0.0.2393","PSt7-10","250224-007","7/27/2025 6:28:56 PM","0000-00","0","no battery","V","","µV","","µV"
"03/05/2026","14:38:43","2","default","813736599","OXY_06","82.733","min","282.556","μmol/L","Humid","18.685","deg","56906","µV","24.043","°C","1017.000","hPa","34.9","pmil","0","55.710","deg","20.000","°C","100.000","%a.s.","22.780","deg","20.000","°C","969.000","hPa","0.82","-0.015","0.00036","-0.00014","0","10","Humid","58.27","1","2500.00","297009.39","SADF0001000082","ABF0.1.0.10","4.0.0.2393","PSt7-10","250224-007","7/27/2025 6:28:56 PM","0000-00","0","no battery","V","","µV","","µV"
"03/05/2026","14:38:45","2","default","813736599","OXY_06","82.766","min","282.591","μmol/L","Humid","18.678","deg","56902","µV","24.061","°C","1017.000","hPa","34.9","pmil","0","55.710","deg","20.000","°C","100.000","%a.s.","22.780","deg","20.000","°C","969.000","hPa","0.82","-0.015","0.00036","-0.00014","0","10","Humid","58.27","1","2500.00","297006.22","SADF0001000082","ABF0.1.0.10","4.0.0.2393","PSt7-10","250224-007","7/27/2025 6:28:56 PM","0000-00","0","no battery","V","","µV","","µV"
"03/05/2026","14:38:47","2","default","813736599","OXY_06","82.800","min","282.711","μmol/L","Humid","18.681","deg","56893","µV","24.037","°C","1017.000","hPa","34.9","pmil","0","55.710","deg","20.000","°C","100.000","%a.s.","22.780","deg","20.000","°C","969.000","hPa","0.82","-0.015","0.00036","-0.00014","0","10","Humid","58.27","1","2500.00","297000.44","SADF0001000082","ABF0.1.0.10","4.0.0.2393","PSt7-10","250224-007","7/27/2025 6:28:56 PM","0000-00","0","no battery","V","","µV","","µV"
"03/05/2026","14:38:49","2","default","813736599","OXY_06","82.833","min","282.457","μmol/L","Humid","18.685","deg","56888","µV","24.055","°C","1017.000","hPa","34.9","pmil","0","55.710","deg","20.000","°C","100.000","%a.s.","22.780","deg","20.000","°C","969.000","hPa","0.82","-0.015","0.00036","-0.00014","0","10","Humid","58.27","1","2500.00","296995.86","SADF0001000082","ABF0.1.0.10","4.0.0.2393","PSt7-10","250224-007","7/27/2025 6:28:56 PM","0000-00","0","no battery","V","","µV","","µV"
"03/05/2026","14:38:51","2","default","813736599","OXY_06","82.866","min","282.781","μmol/L","Humid","18.684","deg","56878","µV","24.018","°C","1017.000","hPa","34.9","pmil","0","55.710","deg","20.000","°C","100.000","%a.s.","22.780","deg","20.000","°C","969.000","hPa","0.82","-0.015","0.00036","-0.00014","0","10","Humid","58.27","1","2500.00","297009.29","SADF0001000082","ABF0.1.0.10","4.0.0.2393","PSt7-10","250224-007","7/27/2025 6:28:56 PM","0000-00","0","no battery","V","","µV","","µV"
"03/05/2026","14:38:53","2","default","813736599","OXY_06","82.900","min","282.670","μmol/L","Humid","18.675","deg","56867","µV","24.061","°C","1017.000","hPa","34.9","pmil","0","55.710","deg","20.000","°C","100.000","%a.s.","22.780","deg","20.000","°C","969.000","hPa","0.82","-0.015","0.00036","-0.00014","0","10","Humid","58.27","1","2500.00","297009.99","SADF0001000082","ABF0.1.0.10","4.0.0.2393","PSt7-10","250224-007","7/27/2025 6:28:56 PM","0000-00","0","no battery","V","","µV","","µV"
"03/05/2026","14:38:55","2","default","813736599","OXY_06","82.933","min","282.638","μmol/L","Humid","18.680","deg","56860","µV","24.049","°C","1017.000","hPa","34.9","pmil","0","55.710","deg","20.000","°C","100.000","%a.s.","22.780","deg","20.000","°C","969.000","hPa","0.82","-0.015","0.00036","-0.00014","0","10","Humid","58.27","1","2500.00","296996.22","SADF0001000082","ABF0.1.0.10","4.0.0.2393","PSt7-10","250224-007","7/27/2025 6:28:56 PM","0000-00","0","no battery","V","","µV","","µV"
"03/05/2026","14:38:57","2","default","813736599","OXY_06","82.967","min","282.822","μmol/L","Humid","18.673","deg","56849","µV","24.049","°C","1017.000","hPa","34.9","pmil","0","55.710","deg","20.000","°C","100.000","%a.s.","22.780","deg","20.000","°C","969.000","hPa","0.82","-0.015","0.00036","-0.00014","0","10","Humid","58.27","1","2500.00","297015.33","SADF0001000082","ABF0.1.0.10","4.0.0.2393","PSt7-10","250224-007","7/27/2025 6:28:56 PM","0000-00","0","no battery","V","","µV","","µV"
"03/05/2026","14:38:59","2","default","813736599","OXY_06","83.000","min","282.614","μmol/L","Humid","18.679","deg","56840","µV","24.055","°C","1017.000","hPa","34.9","pmil","0","55.710","deg","20.000","°C","100.000","%a.s.","22.780","deg","20.000","°C","969.000","hPa","0.82","-0.015","0.00036","-0.00014","0","10","Humid","58.27","1","2500.00","297011.27","SADF0001000082","ABF0.1.0.10","4.0.0.2393","PSt7-10","250224-007","7/27/2025 6:28:56 PM","0000-00","0","no battery","V","","µV","","µV"
"03/05/2026","14:39:01","2","default","813736599","OXY_06","83.033","min","283.152","μmol/L","Humid","18.668","deg","56838","µV","24.024","°C","1017.000","hPa","34.9","pmil","0","55.710","deg","20.000","°C","100.000","%a.s.","22.780","deg","20.000","°C","969.000","hPa","0.82","-0.015","0.00036","-0.00014","0","10","Humid","58.27","1","2500.00","297008.39","SADF0001000082","ABF0.1.0.10","4.0.0.2393","PSt7-10","250224-007","7/27/2025 6:28:56 PM","0000-00","0","no battery","V","","µV","","µV"
"03/05/2026","14:39:03","2","default","813736599","OXY_06","83.067","min","283.055","μmol/L","Humid","18.666","deg","56825","µV","24.043","°C","1017.000","hPa","34.9","pmil","0","55.710","deg","20.000","°C","100.000","%a.s.","22.780","deg","20.000","°C","969.000","hPa","0.82","-0.015","0.00036","-0.00014","0","10","Humid","58.27","1","2500.00","297008.61","SADF0001000082","ABF0.1.0.10","4.0.0.2393","PSt7-10","250224-007","7/27/2025 6:28:56 PM","0000-00","0","no battery","V","","µV","","µV"
"03/05/2026","14:39:05","2","default","813736599","OXY_06","83.100","min","283.239","μmol/L","Humid","18.659","deg","56813","µV","24.043","°C","1017.000","hPa","34.9","pmil","0","55.710","deg","20.000","°C","100.000","%a.s.","22.780","deg","20.000","°C","969.000","hPa","0.82","-0.015","0.00036","-0.00014","0","10","Humid","58.27","1","2500.00","296998.59","SADF0001000082","ABF0.1.0.10","4.0.0.2393","PSt7-10","250224-007","7/27/2025 6:28:56 PM","0000-00","0","no battery","V","","µV","","µV"
"03/05/2026","14:39:07","2","default","813736599","OXY_06","83.133","min","283.052","μmol/L","Humid","18.668","deg","56807","µV","24.037","°C","1017.000","hPa","34.9","pmil","0","55.710","deg","20.000","°C","100.000","%a.s.","22.780","deg","20.000","°C","969.000","hPa","0.82","-0.015","0.00036","-0.00014","0","10","Humid","58.27","1","2500.00","296997.33","SADF0001000082","ABF0.1.0.10","4.0.0.2393","PSt7-10","250224-007","7/27/2025 6:28:56 PM","0000-00","0","no battery","V","","µV","","µV"
"03/05/2026","14:39:09","2","default","813736599","OXY_06","83.166","min","283.283","μmol/L","Humid","18.663","deg","56805","µV","24.024","°C","1017.000","hPa","34.9","pmil","0","55.710","deg","20.000","°C","100.000","%a.s.","22.780","deg","20.000","°C","969.000","hPa","0.82","-0.015","0.00036","-0.00014","0","10","Humid","58.27","1","2500.00","296999.62","SADF0001000082","ABF0.1.0.10","4.0.0.2393","PSt7-10","250224-007","7/27/2025 6:28:56 PM","0000-00","0","no battery","V","","µV","","µV"
"03/05/2026","14:39:11","2","default","813736599","OXY_06","83.200","min","283.216","μmol/L","Humid","18.658","deg","56791","µV","24.049","°C","1017.000","hPa","34.9","pmil","0","55.710","deg","20.000","°C","100.000","%a.s.","22.780","deg","20.000","°C","969.000","hPa","0.82","-0.015","0.00036","-0.00014","0","10","Humid","58.27","1","2500.00","296999.87","SADF0001000082","ABF0.1.0.10","4.0.0.2393","PSt7-10","250224-007","7/27/2025 6:28:56 PM","0000-00","0","no battery","V","","µV","","µV"
"03/05/2026","14:39:13","2","default","813736599","OXY_06","83.234","min","283.318","μmol/L","Humid","18.656","deg","56786","µV","24.043","°C","1017.000","hPa","34.9","pmil","0","55.710","deg","20.000","°C","100.000","%a.s.","22.780","deg","20.000","°C","969.000","hPa","0.82","-0.015","0.00036","-0.00014","0","10","Humid","58.27","1","2500.00","296991.66","SADF0001000082","ABF0.1.0.10","4.0.0.2393","PSt7-10","250224-007","7/27/2025 6:28:56 PM","0000-00","0","no battery","V","","µV","","µV"
"03/05/2026","14:39:15","2","default","813736599","OXY_06","83.266","min","283.473","μmol/L","Humid","18.652","deg","56774","µV","24.037","°C","1017.000","hPa","34.9","pmil","0","55.710","deg","20.000","°C","100.000","%a.s.","22.780","deg","20.000","°C","969.000","hPa","0.82","-0.015","0.00036","-0.00014","0","10","Humid","58.27","1","2500.00","296995.41","SADF0001000082","ABF0.1.0.10","4.0.0.2393","PSt7-10","250224-007","7/27/2025 6:28:56 PM","0000-00","0","no battery","V","","µV","","µV"
"03/05/2026","14:39:17","2","default","813736599","OXY_06","83.300","min","283.503","μmol/L","Humid","18.649","deg","56766","µV","24.043","°C","1017.000","hPa","34.9","pmil","0","55.710","deg","20.000","°C","100.000","%a.s.","22.780","deg","20.000","°C","969.000","hPa","0.82","-0.015","0.00036","-0.00014","0","10","Humid","58.27","1","2500.00","296998.62","SADF0001000082","ABF0.1.0.10","4.0.0.2393","PSt7-10","250224-007","7/27/2025 6:28:56 PM","0000-00","0","no battery","V","","µV","","µV"
"03/05/2026","14:39:19","2","default","813736599","OXY_06","83.333","min","283.634","μmol/L","Humid","18.644","deg","56754","µV","24.043","°C","1017.000","hPa","34.9","pmil","0","55.710","deg","20.000","°C","100.000","%a.s.","22.780","deg","20.000","°C","969.000","hPa","0.82","-0.015","0.00036","-0.00014","0","10","Humid","58.27","1","2500.00","296999.65","SADF0001000082","ABF0.1.0.10","4.0.0.2393","PSt7-10","250224-007","7/27/2025 6:28:56 PM","0000-00","0","no battery","V","","µV","","µV"
"03/05/2026","14:39:21","2","default","813736599","OXY_06","83.367","min","283.734","μmol/L","Humid","18.644","deg","56745","µV","24.030","°C","1017.000","hPa","34.9","pmil","0","55.710","deg","20.000","°C","100.000","%a.s.","22.780","deg","20.000","°C","969.000","hPa","0.82","-0.015","0.00036","-0.00014","0","10","Humid","58.27","1","2500.00","296998.30","SADF0001000082","ABF0.1.0.10","4.0.0.2393","PSt7-10","250224-007","7/27/2025 6:28:56 PM","0000-00","0","no battery","V","","µV","","µV"
"03/05/2026","14:39:23","2","default","813736599","OXY_06","83.400","min","283.793","μmol/L","Humid","18.638","deg","56739","µV","24.043","°C","1017.000","hPa","34.9","pmil","0","55.710","deg","20.000","°C","100.000","%a.s.","22.780","deg","20.000","°C","969.000","hPa","0.82","-0.015","0.00036","-0.00014","0","10","Humid","58.27","1","2500.00","296991.78","SADF0001000082","ABF0.1.0.10","4.0.0.2393","PSt7-10","250224-007","7/27/2025 6:28:56 PM","0000-00","0","no battery","V","","µV","","µV"
"03/05/2026","14:39:25","2","default","813736599","OXY_06","83.433","min","283.740","μmol/L","Humid","18.640","deg","56734","µV","24.043","°C","1017.000","hPa","34.9","pmil","0","55.710","deg","20.000","°C","100.000","%a.s.","22.780","deg","20.000","°C","969.000","hPa","0.82","-0.015","0.00036","-0.00014","0","10","Humid","58.27","1","2500.00","297007.92","SADF0001000082","ABF0.1.0.10","4.0.0.2393","PSt7-10","250224-007","7/27/2025 6:28:56 PM","0000-00","0","no battery","V","","µV","","µV"
"03/05/2026","14:39:27","2","default","813736599","OXY_06","83.466","min","283.766","μmol/L","Humid","18.639","deg","56722","µV","24.043","°C","1017.000","hPa","34.9","pmil","0","55.710","deg","20.000","°C","100.000","%a.s.","22.780","deg","20.000","°C","969.000","hPa","0.82","-0.015","0.00036","-0.00014","0","10","Humid","58.27","1","2500.00","296996.68","SADF0001000082","ABF0.1.0.10","4.0.0.2393","PSt7-10","250224-007","7/27/2025 6:28:56 PM","0000-00","0","no battery","V","","µV","","µV"
"03/05/2026","14:39:29","2","default","813736599","OXY_06","83.500","min","283.822","μmol/L","Humid","18.635","deg","56722","µV","24.049","°C","1017.000","hPa","34.9","pmil","0","55.710","deg","20.000","°C","100.000","%a.s.","22.780","deg","20.000","°C","969.000","hPa","0.82","-0.015","0.00036","-0.00014","0","10","Humid","58.27","1","2500.00","297000.99","SADF0001000082","ABF0.1.0.10","4.0.0.2393","PSt7-10","250224-007","7/27/2025 6:28:56 PM","0000-00","0","no battery","V","","µV","","µV"
"03/05/2026","14:39:31","2","default","813736599","OXY_06","83.534","min","283.716","μmol/L","Humid","18.639","deg","56702","µV","24.049","°C","1017.000","hPa","34.9","pmil","0","55.710","deg","20.000","°C","100.000","%a.s.","22.780","deg","20.000","°C","969.000","hPa","0.82","-0.015","0.00036","-0.00014","0","10","Humid","58.27","1","2500.00","296990.65","SADF0001000082","ABF0.1.0.10","4.0.0.2393","PSt7-10","250224-007","7/27/2025 6:28:56 PM","0000-00","0","no battery","V","","µV","","µV"
"03/05/2026","14:39:33","2","default","813736599","OXY_06","83.566","min","283.819","μmol/L","Humid","18.637","deg","56702","µV","24.043","°C","1017.000","hPa","34.9","pmil","0","55.710","deg","20.000","°C","100.000","%a.s.","22.780","deg","20.000","°C","969.000","hPa","0.82","-0.015","0.00036","-0.00014","0","10","Humid","58.27","1","2500.00","296990.77","SADF0001000082","ABF0.1.0.10","4.0.0.2393","PSt7-10","250224-007","7/27/2025 6:28:56 PM","0000-00","0","no battery","V","","µV","","µV"
"03/05/2026","14:39:35","2","default","813736599","OXY_06","83.600","min","283.796","μmol/L","Humid","18.636","deg","56695","µV","24.049","°C","1017.000","hPa","34.9","pmil","0","55.710","deg","20.000","°C","100.000","%a.s.","22.780","deg","20.000","°C","969.000","hPa","0.82","-0.015","0.00036","-0.00014","0","10","Humid","58.27","1","2500.00","296998.69","SADF0001000082","ABF0.1.0.10","4.0.0.2393","PSt7-10","250224-007","7/27/2025 6:28:56 PM","0000-00","0","no battery","V","","µV","","µV"
"03/05/2026","14:39:37","2","default","813736599","OXY_06","83.634","min","284.159","μmol/L","Humid","18.626","deg","56687","µV","24.037","°C","1017.000","hPa","34.9","pmil","0","55.710","deg","20.000","°C","100.000","%a.s.","22.780","deg","20.000","°C","969.000","hPa","0.82","-0.015","0.00036","-0.00014","0","10","Humid","58.27","1","2500.00","296992.44","SADF0001000082","ABF0.1.0.10","4.0.0.2393","PSt7-10","250224-007","7/27/2025 6:28:56 PM","0000-00","0","no battery","V","","µV","","µV"
"03/05/2026","14:39:39","2","default","813736599","OXY_06","83.666","min","284.186","μmol/L","Humid","18.625","deg","56679","µV","24.037","°C","1017.000","hPa","34.9","pmil","0","55.710","deg","20.000","°C","100.000","%a.s.","22.780","deg","20.000","°C","969.000","hPa","0.82","-0.015","0.00036","-0.00014","0","10","Humid","58.27","1","2500.00","296996.03","SADF0001000082","ABF0.1.0.10","4.0.0.2393","PSt7-10","250224-007","7/27/2025 6:28:56 PM","0000-00","0","no battery","V","","µV","","µV"
"03/05/2026","14:39:41","2","default","813736599","OXY_06","83.700","min","284.341","μmol/L","Humid","18.621","deg","56668","µV","24.030","°C","1017.000","hPa","34.9","pmil","0","55.710","deg","20.000","°C","100.000","%a.s.","22.780","deg","20.000","°C","969.000","hPa","0.82","-0.015","0.00036","-0.00014","0","10","Humid","58.27","1","2500.00","296991.94","SADF0001000082","ABF0.1.0.10","4.0.0.2393","PSt7-10","250224-007","7/27/2025 6:28:56 PM","0000-00","0","no battery","V","","µV","","µV"
"03/05/2026","14:39:43","2","default","813736599","OXY_06","83.733","min","284.441","μmol/L","Humid","18.621","deg","56666","µV","24.018","°C","1017.000","hPa","34.9","pmil","0","55.710","deg","20.000","°C","100.000","%a.s.","22.780","deg","20.000","°C","969.000","hPa","0.82","-0.015","0.00036","-0.00014","0","10","Humid","58.27","1","2500.00","297003.17","SADF0001000082","ABF0.1.0.10","4.0.0.2393","PSt7-10","250224-007","7/27/2025 6:28:56 PM","0000-00","0","no battery","V","","µV","","µV"
"03/05/2026","14:39:45","2","default","813736599","OXY_06","83.767","min","284.418","μmol/L","Humid","18.620","deg","56656","µV","24.024","°C","1017.000","hPa","34.9","pmil","0","55.710","deg","20.000","°C","100.000","%a.s.","22.780","deg","20.000","°C","969.000","hPa","0.82","-0.015","0.00036","-0.00014","0","10","Humid","58.27","1","2500.00","296998.97","SADF0001000082","ABF0.1.0.10","4.0.0.2393","PSt7-10","250224-007","7/27/2025 6:28:56 PM","0000-00","0","no battery","V","","µV","","µV"
"03/05/2026","14:39:47","2","default","813736599","OXY_06","83.800","min","284.268","μmol/L","Humid","18.620","deg","56651","µV","24.043","°C","1017.000","hPa","34.9","pmil","0","55.710","deg","20.000","°C","100.000","%a.s.","22.780","deg","20.000","°C","969.000","hPa","0.82","-0.015","0.00036","-0.00014","0","10","Humid","58.27","1","2500.00","296995.95","SADF0001000082","ABF0.1.0.10","4.0.0.2393","PSt7-10","250224-007","7/27/2025 6:28:56 PM","0000-00","0","no battery","V","","µV","","µV"
"03/05/2026","14:39:49","2","default","813736599","OXY_06","83.833","min","284.394","μmol/L","Humid","18.619","deg","56643","µV","24.030","°C","1017.000","hPa","34.9","pmil","0","55.710","deg","20.000","°C","100.000","%a.s.","22.780","deg","20.000","°C","969.000","hPa","0.82","-0.015","0.00036","-0.00014","0","10","Humid","58.27","1","2500.00","296994.84","SADF0001000082","ABF0.1.0.10","4.0.0.2393","PSt7-10","250224-007","7/27/2025 6:28:56 PM","0000-00","0","no battery","V","","µV","","µV"
"03/05/2026","14:39:51","2","default","813736599","OXY_06","83.867","min","284.606","μmol/L","Humid","18.611","deg","56639","µV","24.030","°C","1017.000","hPa","34.9","pmil","0","55.710","deg","20.000","°C","100.000","%a.s.","22.780","deg","20.000","°C","969.000","hPa","0.82","-0.015","0.00036","-0.00014","0","10","Humid","58.27","1","2500.00","297001.59","SADF0001000082","ABF0.1.0.10","4.0.0.2393","PSt7-10","250224-007","7/27/2025 6:28:56 PM","0000-00","0","no battery","V","","µV","","µV"
"03/05/2026","14:39:53","2","default","813736599","OXY_06","83.900","min","284.506","μmol/L","Humid","18.611","deg","56628","µV","24.043","°C","1017.000","hPa","34.9","pmil","0","55.710","deg","20.000","°C","100.000","%a.s.","22.780","deg","20.000","°C","969.000","hPa","0.82","-0.015","0.00036","-0.00014","0","10","Humid","58.27","1","2500.00","297006.40","SADF0001000082","ABF0.1.0.10","4.0.0.2393","PSt7-10","250224-007","7/27/2025 6:28:56 PM","0000-00","0","no battery","V","","µV","","µV"
"03/05/2026","14:39:55","2","default","813736599","OXY_06","83.933","min","284.532","μmol/L","Humid","18.610","deg","56615","µV","24.043","°C","1017.000","hPa","34.9","pmil","0","55.710","deg","20.000","°C","100.000","%a.s.","22.780","deg","20.000","°C","969.000","hPa","0.82","-0.015","0.00036","-0.00014","0","10","Humid","58.27","1","2500.00","296993.73","SADF0001000082","ABF0.1.0.10","4.0.0.2393","PSt7-10","250224-007","7/27/2025 6:28:56 PM","0000-00","0","no battery","V","","µV","","µV"
"03/05/2026","14:39:57","2","default","813736599","OXY_06","83.966","min","284.671","μmol/L","Humid","18.601","deg","56612","µV","24.055","°C","1017.000","hPa","34.9","pmil","0","55.710","deg","20.000","°C","100.000","%a.s.","22.780","deg","20.000","°C","969.000","hPa","0.82","-0.015","0.00036","-0.00014","0","10","Humid","58.27","1","2500.00","296987.65","SADF0001000082","ABF0.1.0.10","4.0.0.2393","PSt7-10","250224-007","7/27/2025 6:28:56 PM","0000-00","0","no battery","V","","µV","","µV"
"03/05/2026","14:39:59","2","default","813736599","OXY_06","84.000","min","284.721","μmol/L","Humid","18.601","deg","56591","µV","24.049","°C","1017.000","hPa","34.9","pmil","0","55.710","deg","20.000","°C","100.000","%a.s.","22.780","deg","20.000","°C","969.000","hPa","0.82","-0.015","0.00036","-0.00014","0","10","Humid","58.27","1","2500.00","296987.40","SADF0001000082","ABF0.1.0.10","4.0.0.2393","PSt7-10","250224-007","7/27/2025 6:28:56 PM","0000-00","0","no battery","V","","µV","","µV"
"03/05/2026","14:40:01","2","default","813736599","OXY_06","84.033","min","284.515","μmol/L","Humid","18.605","deg","56590","µV","24.061","°C","1017.000","hPa","34.9","pmil","0","55.710","deg","20.000","°C","100.000","%a.s.","22.780","deg","20.000","°C","969.000","hPa","0.82","-0.015","0.00036","-0.00014","0","10","Humid","58.27","1","2500.00","297000.36","SADF0001000082","ABF0.1.0.10","4.0.0.2393","PSt7-10","250224-007","7/27/2025 6:28:56 PM","0000-00","0","no battery","V","","µV","","µV"
"03/05/2026","14:40:03","2","default","813736599","OXY_06","84.066","min","284.668","μmol/L","Humid","18.603","deg","56586","µV","24.049","°C","1017.000","hPa","34.9","pmil","0","55.710","deg","20.000","°C","100.000","%a.s.","22.780","deg","20.000","°C","969.000","hPa","0.82","-0.015","0.00036","-0.00014","0","10","Humid","58.27","1","2500.00","297003.58","SADF0001000082","ABF0.1.0.10","4.0.0.2393","PSt7-10","250224-007","7/27/2025 6:28:56 PM","0000-00","0","no battery","V","","µV","","µV"
"03/05/2026","14:40:05","2","default","813736599","OXY_06","84.100","min","285.057","μmol/L","Humid","18.594","deg","56576","µV","24.030","°C","1017.000","hPa","34.9","pmil","0","55.710","deg","20.000","°C","100.000","%a.s.","22.780","deg","20.000","°C","969.000","hPa","0.82","-0.015","0.00036","-0.00014","0","10","Humid","58.27","1","2500.00","296994.14","SADF0001000082","ABF0.1.0.10","4.0.0.2393","PSt7-10","250224-007","7/27/2025 6:28:56 PM","0000-00","0","no battery","V","","µV","","µV"
"03/05/2026","14:40:07","2","default","813736599","OXY_06","84.133","min","285.057","μmol/L","Humid","18.594","deg","56572","µV","24.030","°C","1017.000","hPa","34.9","pmil","0","55.710","deg","20.000","°C","100.000","%a.s.","22.780","deg","20.000","°C","969.000","hPa","0.82","-0.015","0.00036","-0.00014","0","10","Humid","58.27","1","2500.00","296994.12","SADF0001000082","ABF0.1.0.10","4.0.0.2393","PSt7-10","250224-007","7/27/2025 6:28:56 PM","0000-00","0","no battery","V","","µV","","µV"
"03/05/2026","14:40:09","2","default","813736599","OXY_06","84.167","min","284.956","μmol/L","Humid","18.594","deg","56559","µV","24.043","°C","1017.000","hPa","34.9","pmil","0","55.710","deg","20.000","°C","100.000","%a.s.","22.780","deg","20.000","°C","969.000","hPa","0.82","-0.015","0.00036","-0.00014","0","10","Humid","58.27","1","2500.00","296987.90","SADF0001000082","ABF0.1.0.10","4.0.0.2393","PSt7-10","250224-007","7/27/2025 6:28:56 PM","0000-00","0","no battery","V","","µV","","µV"
"03/05/2026","14:40:11","2","default","813736599","OXY_06","84.200","min","285.210","μmol/L","Humid","18.592","deg","56552","µV","24.018","°C","1017.000","hPa","34.9","pmil","0","55.710","deg","20.000","°C","100.000","%a.s.","22.780","deg","20.000","°C","969.000","hPa","0.82","-0.015","0.00036","-0.00014","0","10","Humid","58.27","1","2500.00","296982.53","SADF0001000082","ABF0.1.0.10","4.0.0.2393","PSt7-10","250224-007","7/27/2025 6:28:56 PM","0000-00","0","no battery","V","","µV","","µV"
"03/05/2026","14:40:13","2","default","813736599","OXY_06","84.234","min","285.219","μmol/L","Humid","18.586","deg","56548","µV","24.037","°C","1017.000","hPa","34.9","pmil","0","55.710","deg","20.000","°C","100.000","%a.s.","22.780","deg","20.000","°C","969.000","hPa","0.82","-0.015","0.00036","-0.00014","0","10","Humid","58.27","1","2500.00","296989.35","SADF0001000082","ABF0.1.0.10","4.0.0.2393","PSt7-10","250224-007","7/27/2025 6:28:56 PM","0000-00","0","no battery","V","","µV","","µV"
"03/05/2026","14:40:15","2","default","813736599","OXY_06","84.266","min","285.242","μmol/L","Humid","18.587","deg","56543","µV","24.030","°C","1017.000","hPa","34.9","pmil","0","55.710","deg","20.000","°C","100.000","%a.s.","22.780","deg","20.000","°C","969.000","hPa","0.82","-0.015","0.00036","-0.00014","0","10","Humid","58.27","1","2500.00","296994.10","SADF0001000082","ABF0.1.0.10","4.0.0.2393","PSt7-10","250224-007","7/27/2025 6:28:56 PM","0000-00","0","no battery","V","","µV","","µV"
"03/05/2026","14:40:17","2","default","813736599","OXY_06","84.300","min","285.219","μmol/L","Humid","18.586","deg","56543","µV","24.037","°C","1017.000","hPa","34.9","pmil","0","55.710","deg","20.000","°C","100.000","%a.s.","22.780","deg","20.000","°C","969.000","hPa","0.82","-0.015","0.00036","-0.00014","0","10","Humid","58.27","1","2500.00","296987.29","SADF0001000082","ABF0.1.0.10","4.0.0.2393","PSt7-10","250224-007","7/27/2025 6:28:56 PM","0000-00","0","no battery","V","","µV","","µV"
"03/05/2026","14:40:19","2","default","813736599","OXY_06","84.334","min","285.251","μmol/L","Humid","18.581","deg","56524","µV","24.049","°C","1017.000","hPa","34.9","pmil","0","55.710","deg","20.000","°C","100.000","%a.s.","22.780","deg","20.000","°C","969.000","hPa","0.82","-0.015","0.00036","-0.00014","0","10","Humid","58.27","1","2500.00","296988.48","SADF0001000082","ABF0.1.0.10","4.0.0.2393","PSt7-10","250224-007","7/27/2025 6:28:56 PM","0000-00","0","no battery","V","","µV","","µV"
"03/05/2026","14:40:21","2","default","813736599","OXY_06","84.366","min","285.292","μmol/L","Humid","18.587","deg","56518","µV","24.024","°C","1017.000","hPa","34.9","pmil","0","55.710","deg","20.000","°C","100.000","%a.s.","22.780","deg","20.000","°C","969.000","hPa","0.82","-0.015","0.00036","-0.00014","0","10","Humid","58.27","1","2500.00","296983.06","SADF0001000082","ABF0.1.0.10","4.0.0.2393","PSt7-10","250224-007","7/27/2025 6:28:56 PM","0000-00","0","no battery","V","","µV","","µV"
"03/05/2026","14:40:23","2","default","813736599","OXY_06","84.400","min","285.585","μmol/L","Humid","18.576","deg","56512","µV","24.024","°C","1017.000","hPa","34.9","pmil","0","55.710","deg","20.000","°C","100.000","%a.s.","22.780","deg","20.000","°C","969.000","hPa","0.82","-0.015","0.00036","-0.00014","0","10","Humid","58.27","1","2500.00","296991.13","SADF0001000082","ABF0.1.0.10","4.0.0.2393","PSt7-10","250224-007","7/27/2025 6:28:56 PM","0000-00","0","no battery","V","","µV","","µV"
"03/05/2026","14:40:25","2","default","813736599","OXY_06","84.433","min","285.204","μmol/L","Humid","18.579","deg","56504","µV","24.061","°C","1017.000","hPa","34.9","pmil","0","55.710","deg","20.000","°C","100.000","%a.s.","22.780","deg","20.000","°C","969.000","hPa","0.82","-0.015","0.00036","-0.00014","0","10","Humid","58.27","1","2500.00","297004.68","SADF0001000082","ABF0.1.0.10","4.0.0.2393","PSt7-10","250224-007","7/27/2025 6:28:56 PM","0000-00","0","no battery","V","","µV","","µV"
"03/05/2026","14:40:27","2","default","813736599","OXY_06","84.467","min","285.638","μmol/L","Humid","18.574","deg","56502","µV","24.024","°C","1017.000","hPa","34.9","pmil","0","55.710","deg","20.000","°C","100.000","%a.s.","22.780","deg","20.000","°C","969.000","hPa","0.82","-0.015","0.00036","-0.00014","0","10","Humid","58.27","1","2500.00","296999.15","SADF0001000082","ABF0.1.0.10","4.0.0.2393","PSt7-10","250224-007","7/27/2025 6:28:56 PM","0000-00","0","no battery","V","","µV","","µV"
"03/05/2026","14:40:29","2","default","813736599","OXY_06","84.500","min","285.597","μmol/L","Humid","18.568","deg","56490","µV","24.049","°C","1017.000","hPa","34.9","pmil","0","55.710","deg","20.000","°C","100.000","%a.s.","22.780","deg","20.000","°C","969.000","hPa","0.82","-0.015","0.00036","-0.00014","0","10","Humid","58.27","1","2500.00","296988.06","SADF0001000082","ABF0.1.0.10","4.0.0.2393","PSt7-10","250224-007","7/27/2025 6:28:56 PM","0000-00","0","no battery","V","","µV","","µV"
"03/05/2026","14:40:31","2","default","813736599","OXY_06","84.533","min","285.724","μmol/L","Humid","18.567","deg","56484","µV","24.037","°C","1017.000","hPa","34.9","pmil","0","55.710","deg","20.000","°C","100.000","%a.s.","22.780","deg","20.000","°C","969.000","hPa","0.82","-0.015","0.00036","-0.00014","0","10","Humid","58.27","1","2500.00","296982.78","SADF0001000082","ABF0.1.0.10","4.0.0.2393","PSt7-10","250224-007","7/27/2025 6:28:56 PM","0000-00","0","no battery","V","","µV","","µV"
"03/05/2026","14:40:33","2","default","813736599","OXY_06","84.567","min","285.771","μmol/L","Humid","18.569","deg","56479","µV","24.024","°C","1017.000","hPa","34.9","pmil","0","55.710","deg","20.000","°C","100.000","%a.s.","22.780","deg","20.000","°C","969.000","hPa","0.82","-0.015","0.00036","-0.00014","0","10","Humid","58.27","1","2500.00","296992.08","SADF0001000082","ABF0.1.0.10","4.0.0.2393","PSt7-10","250224-007","7/27/2025 6:28:56 PM","0000-00","0","no battery","V","","µV","","µV"
"03/05/2026","14:40:35","2","default","813736599","OXY_06","84.600","min","285.600","μmol/L","Humid","18.566","deg","56465","µV","24.055","°C","1017.000","hPa","34.9","pmil","0","55.710","deg","20.000","°C","100.000","%a.s.","22.780","deg","20.000","°C","969.000","hPa","0.82","-0.015","0.00036","-0.00014","0","10","Humid","58.27","1","2500.00","296983.23","SADF0001000082","ABF0.1.0.10","4.0.0.2393","PSt7-10","250224-007","7/27/2025 6:28:56 PM","0000-00","0","no battery","V","","µV","","µV"
"03/05/2026","14:40:37","2","default","813736599","OXY_06","84.633","min","285.703","μmol/L","Humid","18.564","deg","56457","µV","24.049","°C","1017.000","hPa","34.9","pmil","0","55.710","deg","20.000","°C","100.000","%a.s.","22.780","deg","20.000","°C","969.000","hPa","0.82","-0.015","0.00036","-0.00014","0","10","Humid","58.27","1","2500.00","297003.62","SADF0001000082","ABF0.1.0.10","4.0.0.2393","PSt7-10","250224-007","7/27/2025 6:28:56 PM","0000-00","0","no battery","V","","µV","","µV"
"03/05/2026","14:40:39","2","default","813736599","OXY_06","84.667","min","286.011","μmol/L","Humid","18.560","deg","56450","µV","24.024","°C","1017.000","hPa","34.9","pmil","0","55.710","deg","20.000","°C","100.000","%a.s.","22.780","deg","20.000","°C","969.000","hPa","0.82","-0.015","0.00036","-0.00014","0","10","Humid","58.27","1","2500.00","297001.63","SADF0001000082","ABF0.1.0.10","4.0.0.2393","PSt7-10","250224-007","7/27/2025 6:28:56 PM","0000-00","0","no battery","V","","µV","","µV"
"03/05/2026","14:40:41","2","default","813736599","OXY_06","84.700","min","285.833","μmol/L","Humid","18.561","deg","56440","µV","24.043","°C","1017.000","hPa","34.9","pmil","0","55.710","deg","20.000","°C","100.000","%a.s.","22.780","deg","20.000","°C","969.000","hPa","0.82","-0.015","0.00036","-0.00014","0","10","Humid","58.27","1","2500.00","297000.00","SADF0001000082","ABF0.1.0.10","4.0.0.2393","PSt7-10","250224-007","7/27/2025 6:28:56 PM","0000-00","0","no battery","V","","µV","","µV"
"03/05/2026","14:40:43","2","default","813736599","OXY_06","84.733","min","286.197","μmol/L","Humid","18.553","deg","56437","µV","24.024","°C","1017.000","hPa","34.9","pmil","0","55.710","deg","20.000","°C","100.000","%a.s.","22.780","deg","20.000","°C","969.000","hPa","0.82","-0.015","0.00036","-0.00014","0","10","Humid","58.27","1","2500.00","296995.08","SADF0001000082","ABF0.1.0.10","4.0.0.2393","PSt7-10","250224-007","7/27/2025 6:28:56 PM","0000-00","0","no battery","V","","µV","","µV"
"03/05/2026","14:40:45","2","default","813736599","OXY_06","84.766","min","285.966","μmol/L","Humid","18.556","deg","56429","µV","24.043","°C","1017.000","hPa","34.9","pmil","0","55.710","deg","20.000","°C","100.000","%a.s.","22.780","deg","20.000","°C","969.000","hPa","0.82","-0.015","0.00036","-0.00014","0","10","Humid","58.27","1","2500.00","297007.75","SADF0001000082","ABF0.1.0.10","4.0.0.2393","PSt7-10","250224-007","7/27/2025 6:28:56 PM","0000-00","0","no battery","V","","µV","","µV"
"03/05/2026","14:40:47","2","default","813736599","OXY_06","84.800","min","286.141","μmol/L","Humid","18.557","deg","56425","µV","24.018","°C","1017.000","hPa","34.9","pmil","0","55.710","deg","20.000","°C","100.000","%a.s.","22.780","deg","20.000","°C","969.000","hPa","0.82","-0.015","0.00036","-0.00014","0","10","Humid","58.27","1","2500.00","296999.99","SADF0001000082","ABF0.1.0.10","4.0.0.2393","PSt7-10","250224-007","7/27/2025 6:28:56 PM","0000-00","0","no battery","V","","µV","","µV"
"03/05/2026","14:40:49","2","default","813736599","OXY_06","84.833","min","286.144","μmol/L","Humid","18.555","deg","56415","µV","24.024","°C","1017.000","hPa","34.9","pmil","0","55.710","deg","20.000","°C","100.000","%a.s.","22.780","deg","20.000","°C","969.000","hPa","0.82","-0.015","0.00036","-0.00014","0","10","Humid","58.27","1","2500.00","296985.26","SADF0001000082","ABF0.1.0.10","4.0.0.2393","PSt7-10","250224-007","7/27/2025 6:28:56 PM","0000-00","0","no battery","V","","µV","","µV"
"03/05/2026","14:40:51","2","default","813736599","OXY_06","84.867","min","286.183","μmol/L","Humid","18.546","deg","56402","µV","24.049","°C","1017.000","hPa","34.9","pmil","0","55.710","deg","20.000","°C","100.000","%a.s.","22.780","deg","20.000","°C","969.000","hPa","0.82","-0.015","0.00036","-0.00014","0","10","Humid","58.27","1","2500.00","296986.98","SADF0001000082","ABF0.1.0.10","4.0.0.2393","PSt7-10","250224-007","7/27/2025 6:28:56 PM","0000-00","0","no battery","V","","µV","","µV"
"03/05/2026","14:40:53","2","default","813736599","OXY_06","84.900","min","286.174","μmol/L","Humid","18.552","deg","56401","µV","24.030","°C","1017.000","hPa","34.9","pmil","0","55.710","deg","20.000","°C","100.000","%a.s.","22.780","deg","20.000","°C","969.000","hPa","0.82","-0.015","0.00036","-0.00014","0","10","Humid","58.27","1","2500.00","296993.80","SADF0001000082","ABF0.1.0.10","4.0.0.2393","PSt7-10","250224-007","7/27/2025 6:28:56 PM","0000-00","0","no battery","V","","µV","","µV"
"03/05/2026","14:40:55","2","default","813736599","OXY_06","84.933","min","286.565","μmol/L","Humid","18.543","deg","56392","µV","24.012","°C","1017.000","hPa","34.9","pmil","0","55.710","deg","20.000","°C","100.000","%a.s.","22.780","deg","20.000","°C","969.000","hPa","0.82","-0.015","0.00036","-0.00014","0","10","Humid","58.27","1","2500.00","297003.39","SADF0001000082","ABF0.1.0.10","4.0.0.2393","PSt7-10","250224-007","7/27/2025 6:28:56 PM","0000-00","0","no battery","V","","µV","","µV"
"03/05/2026","14:40:57","2","default","813736599","OXY_06","84.966","min","286.162","μmol/L","Humid","18.543","deg","56378","µV","24.061","°C","1017.000","hPa","34.9","pmil","0","55.710","deg","20.000","°C","100.000","%a.s.","22.780","deg","20.000","°C","969.000","hPa","0.82","-0.015","0.00036","-0.00014","0","10","Humid","58.27","1","2500.00","296994.83","SADF0001000082","ABF0.1.0.10","4.0.0.2393","PSt7-10","250224-007","7/27/2025 6:28:56 PM","0000-00","0","no battery","V","","µV","","µV"
"03/05/2026","14:40:59","2","default","813736599","OXY_06","85.000","min","286.521","μmol/L","Humid","18.539","deg","56376","µV","24.030","°C","1017.000","hPa","34.9","pmil","0","55.710","deg","20.000","°C","100.000","%a.s.","22.780","deg","20.000","°C","969.000","hPa","0.82","-0.015","0.00036","-0.00014","0","10","Humid","58.27","1","2500.00","296987.44","SADF0001000082","ABF0.1.0.10","4.0.0.2393","PSt7-10","250224-007","7/27/2025 6:28:56 PM","0000-00","0","no battery","V","","µV","","µV"
"03/05/2026","14:41:01","2","default","813736599","OXY_06","85.034","min","286.517","μmol/L","Humid","18.541","deg","56368","µV","24.024","°C","1017.000","hPa","34.9","pmil","0","55.710","deg","20.000","°C","100.000","%a.s.","22.780","deg","20.000","°C","969.000","hPa","0.82","-0.015","0.00036","-0.00014","0","10","Humid","58.27","1","2500.00","296983.46","SADF0001000082","ABF0.1.0.10","4.0.0.2393","PSt7-10","250224-007","7/27/2025 6:28:56 PM","0000-00","0","no battery","V","","µV","","µV"
"03/05/2026","14:41:03","2","default","813736599","OXY_06","85.066","min","286.476","μmol/L","Humid","18.535","deg","56366","µV","24.049","°C","1017.000","hPa","34.9","pmil","0","55.710","deg","20.000","°C","100.000","%a.s.","22.780","deg","20.000","°C","969.000","hPa","0.82","-0.015","0.00036","-0.00014","0","10","Humid","58.27","1","2500.00","296990.46","SADF0001000082","ABF0.1.0.10","4.0.0.2393","PSt7-10","250224-007","7/27/2025 6:28:56 PM","0000-00","0","no battery","V","","µV","","µV"
"03/05/2026","14:41:05","2","default","813736599","OXY_06","85.100","min","286.370","μmol/L","Humid","18.539","deg","56354","µV","24.049","°C","1017.000","hPa","34.9","pmil","0","55.710","deg","20.000","°C","100.000","%a.s.","22.780","deg","20.000","°C","969.000","hPa","0.82","-0.015","0.00036","-0.00014","0","10","Humid","58.27","1","2500.00","296982.88","SADF0001000082","ABF0.1.0.10","4.0.0.2393","PSt7-10","250224-007","7/27/2025 6:28:56 PM","0000-00","0","no battery","V","","µV","","µV"
"03/05/2026","14:41:07","2","default","813736599","OXY_06","85.133","min","286.654","μmol/L","Humid","18.534","deg","56341","µV","24.030","°C","1017.000","hPa","34.9","pmil","0","55.710","deg","20.000","°C","100.000","%a.s.","22.780","deg","20.000","°C","969.000","hPa","0.82","-0.015","0.00036","-0.00014","0","10","Humid","58.27","1","2500.00","296991.50","SADF0001000082","ABF0.1.0.10","4.0.0.2393","PSt7-10","250224-007","7/27/2025 6:28:56 PM","0000-00","0","no battery","V","","µV","","µV"
"03/05/2026","14:41:09","2","default","813736599","OXY_06","85.167","min","286.660","μmol/L","Humid","18.530","deg","56345","µV","24.043","°C","1017.000","hPa","34.9","pmil","0","55.710","deg","20.000","°C","100.000","%a.s.","22.780","deg","20.000","°C","969.000","hPa","0.82","-0.015","0.00036","-0.00014","0","10","Humid","58.27","1","2500.00","296983.42","SADF0001000082","ABF0.1.0.10","4.0.0.2393","PSt7-10","250224-007","7/27/2025 6:28:56 PM","0000-00","0","no battery","V","","µV","","µV"
"03/05/2026","14:41:11","2","default","813736599","OXY_06","85.200","min","286.794","μmol/L","Humid","18.525","deg","56335","µV","24.043","°C","1017.000","hPa","34.9","pmil","0","55.710","deg","20.000","°C","100.000","%a.s.","22.780","deg","20.000","°C","969.000","hPa","0.82","-0.015","0.00036","-0.00014","0","10","Humid","58.27","1","2500.00","296983.34","SADF0001000082","ABF0.1.0.10","4.0.0.2393","PSt7-10","250224-007","7/27/2025 6:28:56 PM","0000-00","0","no battery","V","","µV","","µV"
"03/05/2026","14:41:13","2","default","813736599","OXY_06","85.233","min","286.503","μmol/L","Humid","18.534","deg","56322","µV","24.049","°C","1017.000","hPa","34.9","pmil","0","55.710","deg","20.000","°C","100.000","%a.s.","22.780","deg","20.000","°C","969.000","hPa","0.82","-0.015","0.00036","-0.00014","0","10","Humid","58.27","1","2500.00","296989.62","SADF0001000082","ABF0.1.0.10","4.0.0.2393","PSt7-10","250224-007","7/27/2025 6:28:56 PM","0000-00","0","no battery","V","","µV","","µV"
"03/05/2026","14:41:15","2","default","813736599","OXY_06","85.267","min","286.717","μmol/L","Humid","18.526","deg","56319","µV","24.049","°C","1017.000","hPa","34.9","pmil","0","55.710","deg","20.000","°C","100.000","%a.s.","22.780","deg","20.000","°C","969.000","hPa","0.82","-0.015","0.00036","-0.00014","0","10","Humid","58.27","1","2500.00","296992.09","SADF0001000082","ABF0.1.0.10","4.0.0.2393","PSt7-10","250224-007","7/27/2025 6:28:56 PM","0000-00","0","no battery","V","","µV","","µV"
"03/05/2026","14:41:17","2","default","813736599","OXY_06","85.300","min","286.912","μmol/L","Humid","18.530","deg","56316","µV","24.012","°C","1017.000","hPa","34.9","pmil","0","55.710","deg","20.000","°C","100.000","%a.s.","22.780","deg","20.000","°C","969.000","hPa","0.82","-0.015","0.00036","-0.00014","0","10","Humid","58.27","1","2500.00","296990.85","SADF0001000082","ABF0.1.0.10","4.0.0.2393","PSt7-10","250224-007","7/27/2025 6:28:56 PM","0000-00","0","no battery","V","","µV","","µV"
"03/05/2026","14:41:19","2","default","813736599","OXY_06","85.333","min","286.871","μmol/L","Humid","18.524","deg","56309","µV","24.037","°C","1017.000","hPa","34.9","pmil","0","55.710","deg","20.000","°C","100.000","%a.s.","22.780","deg","20.000","°C","969.000","hPa","0.82","-0.015","0.00036","-0.00014","0","10","Humid","58.27","1","2500.00","296985.56","SADF0001000082","ABF0.1.0.10","4.0.0.2393","PSt7-10","250224-007","7/27/2025 6:28:56 PM","0000-00","0","no battery","V","","µV","","µV"
"03/05/2026","14:41:21","2","default","813736599","OXY_06","85.366","min","286.901","μmol/L","Humid","18.521","deg","56304","µV","24.043","°C","1017.000","hPa","34.9","pmil","0","55.710","deg","20.000","°C","100.000","%a.s.","22.780","deg","20.000","°C","969.000","hPa","0.82","-0.015","0.00036","-0.00014","0","10","Humid","58.27","1","2500.00","296984.80","SADF0001000082","ABF0.1.0.10","4.0.0.2393","PSt7-10","250224-007","7/27/2025 6:28:56 PM","0000-00","0","no battery","V","","µV","","µV"
"03/05/2026","14:41:23","2","default","813736599","OXY_06","85.400","min","287.153","μmol/L","Humid","18.521","deg","56285","µV","24.012","°C","1017.000","hPa","34.9","pmil","0","55.710","deg","20.000","°C","100.000","%a.s.","22.780","deg","20.000","°C","969.000","hPa","0.82","-0.015","0.00036","-0.00014","0","10","Humid","58.27","1","2500.00","296988.83","SADF0001000082","ABF0.1.0.10","4.0.0.2393","PSt7-10","250224-007","7/27/2025 6:28:56 PM","0000-00","0","no battery","V","","µV","","µV"
"03/05/2026","14:41:25","2","default","813736599","OXY_06","85.434","min","287.213","μmol/L","Humid","18.515","deg","56287","µV","24.024","°C","1017.000","hPa","34.9","pmil","0","55.710","deg","20.000","°C","100.000","%a.s.","22.780","deg","20.000","°C","969.000","hPa","0.82","-0.015","0.00036","-0.00014","0","10","Humid","58.27","1","2500.00","296989.20","SADF0001000082","ABF0.1.0.10","4.0.0.2393","PSt7-10","250224-007","7/27/2025 6:28:56 PM","0000-00","0","no battery","V","","µV","","µV"
"03/05/2026","14:41:27","2","default","813736599","OXY_06","85.466","min","287.112","μmol/L","Humid","18.515","deg","56281","µV","24.037","°C","1017.000","hPa","34.9","pmil","0","55.710","deg","20.000","°C","100.000","%a.s.","22.780","deg","20.000","°C","969.000","hPa","0.82","-0.015","0.00036","-0.00014","0","10","Humid","58.27","1","2500.00","296994.49","SADF0001000082","ABF0.1.0.10","4.0.0.2393","PSt7-10","250224-007","7/27/2025 6:28:56 PM","0000-00","0","no battery","V","","µV","","µV"
"03/05/2026","14:41:29","2","default","813736599","OXY_06","85.500","min","287.314","μmol/L","Humid","18.515","deg","56265","µV","24.012","°C","1017.000","hPa","34.9","pmil","0","55.710","deg","20.000","°C","100.000","%a.s.","22.780","deg","20.000","°C","969.000","hPa","0.82","-0.015","0.00036","-0.00014","0","10","Humid","58.27","1","2500.00","296977.08","SADF0001000082","ABF0.1.0.10","4.0.0.2393","PSt7-10","250224-007","7/27/2025 6:28:56 PM","0000-00","0","no battery","V","","µV","","µV"
"03/05/2026","14:41:31","2","default","813736599","OXY_06","85.533","min","287.240","μmol/L","Humid","18.514","deg","56262","µV","24.024","°C","1017.000","hPa","34.9","pmil","0","55.710","deg","20.000","°C","100.000","%a.s.","22.780","deg","20.000","°C","969.000","hPa","0.82","-0.015","0.00036","-0.00014","0","10","Humid","58.27","1","2500.00","296982.23","SADF0001000082","ABF0.1.0.10","4.0.0.2393","PSt7-10","250224-007","7/27/2025 6:28:56 PM","0000-00","0","no battery","V","","µV","","µV"
"03/05/2026","14:41:33","2","default","813736599","OXY_06","85.567","min","287.270","μmol/L","Humid","18.511","deg","56251","µV","24.030","°C","1017.000","hPa","34.9","pmil","0","55.710","deg","20.000","°C","100.000","%a.s.","22.780","deg","20.000","°C","969.000","hPa","0.82","-0.015","0.00036","-0.00014","0","10","Humid","58.27","1","2500.00","296990.94","SADF0001000082","ABF0.1.0.10","4.0.0.2393","PSt7-10","250224-007","7/27/2025 6:28:56 PM","0000-00","0","no battery","V","","µV","","µV"
"03/05/2026","14:41:35","2","default","813736599","OXY_06","85.600","min","287.350","μmol/L","Humid","18.508","deg","56250","µV","24.030","°C","1017.000","hPa","34.9","pmil","0","55.710","deg","20.000","°C","100.000","%a.s.","22.780","deg","20.000","°C","969.000","hPa","0.82","-0.015","0.00036","-0.00014","0","10","Humid","58.27","1","2500.00","296989.08","SADF0001000082","ABF0.1.0.10","4.0.0.2393","PSt7-10","250224-007","7/27/2025 6:28:56 PM","0000-00","0","no battery","V","","µV","","µV"
"03/05/2026","14:41:37","2","default","813736599","OXY_06","85.633","min","287.501","μmol/L","Humid","18.508","deg","56245","µV","24.012","°C","1017.000","hPa","34.9","pmil","0","55.710","deg","20.000","°C","100.000","%a.s.","22.780","deg","20.000","°C","969.000","hPa","0.82","-0.015","0.00036","-0.00014","0","10","Humid","58.27","1","2500.00","296984.46","SADF0001000082","ABF0.1.0.10","4.0.0.2393","PSt7-10","250224-007","7/27/2025 6:28:56 PM","0000-00","0","no battery","V","","µV","","µV"
"03/05/2026","14:41:39","2","default","813736599","OXY_06","85.667","min","287.582","μmol/L","Humid","18.505","deg","56241","µV","24.012","°C","1017.000","hPa","34.9","pmil","0","55.710","deg","20.000","°C","100.000","%a.s.","22.780","deg","20.000","°C","969.000","hPa","0.82","-0.015","0.00036","-0.00014","0","10","Humid","58.27","1","2500.00","296986.46","SADF0001000082","ABF0.1.0.10","4.0.0.2393","PSt7-10","250224-007","7/27/2025 6:28:56 PM","0000-00","0","no battery","V","","µV","","µV"
"03/05/2026","14:41:41","2","default","813736599","OXY_06","85.700","min","287.356","μmol/L","Humid","18.504","deg","56240","µV","24.043","°C","1017.000","hPa","34.9","pmil","0","55.710","deg","20.000","°C","100.000","%a.s.","22.780","deg","20.000","°C","969.000","hPa","0.82","-0.015","0.00036","-0.00014","0","10","Humid","58.27","1","2500.00","296988.26","SADF0001000082","ABF0.1.0.10","4.0.0.2393","PSt7-10","250224-007","7/27/2025 6:28:56 PM","0000-00","0","no battery","V","","µV","","µV"
"03/05/2026","14:41:43","2","default","813736599","OXY_06","85.733","min","287.726","μmol/L","Humid","18.494","deg","56233","µV","24.030","°C","1017.000","hPa","34.9","pmil","0","55.710","deg","20.000","°C","100.000","%a.s.","22.780","deg","20.000","°C","969.000","hPa","0.82","-0.015","0.00036","-0.00014","0","10","Humid","58.27","1","2500.00","296991.28","SADF0001000082","ABF0.1.0.10","4.0.0.2393","PSt7-10","250224-007","7/27/2025 6:28:56 PM","0000-00","0","no battery","V","","µV","","µV"
"03/05/2026","14:41:45","2","default","813736599","OXY_06","85.766","min","287.487","μmol/L","Humid","18.501","deg","56228","µV","24.037","°C","1017.000","hPa","34.9","pmil","0","55.710","deg","20.000","°C","100.000","%a.s.","22.780","deg","20.000","°C","969.000","hPa","0.82","-0.015","0.00036","-0.00014","0","10","Humid","58.27","1","2500.00","296995.78","SADF0001000082","ABF0.1.0.10","4.0.0.2393","PSt7-10","250224-007","7/27/2025 6:28:56 PM","0000-00","0","no battery","V","","µV","","µV"
"03/05/2026","14:41:47","2","default","813736599","OXY_06","85.800","min","287.565","μmol/L","Humid","18.500","deg","56216","µV","24.030","°C","1017.000","hPa","34.9","pmil","0","55.710","deg","20.000","°C","100.000","%a.s.","22.780","deg","20.000","°C","969.000","hPa","0.82","-0.015","0.00036","-0.00014","0","10","Humid","58.27","1","2500.00","296995.69","SADF0001000082","ABF0.1.0.10","4.0.0.2393","PSt7-10","250224-007","7/27/2025 6:28:56 PM","0000-00","0","no battery","V","","µV","","µV"
"03/05/2026","14:41:49","2","default","813736599","OXY_06","85.833","min","287.726","μmol/L","Humid","18.494","deg","56206","µV","24.030","°C","1017.000","hPa","34.9","pmil","0","55.710","deg","20.000","°C","100.000","%a.s.","22.780","deg","20.000","°C","969.000","hPa","0.82","-0.015","0.00036","-0.00014","0","10","Humid","58.27","1","2500.00","296995.47","SADF0001000082","ABF0.1.0.10","4.0.0.2393","PSt7-10","250224-007","7/27/2025 6:28:56 PM","0000-00","0","no battery","V","","µV","","µV"
"03/05/2026","14:41:51","2","default","813736599","OXY_06","85.866","min","287.699","μmol/L","Humid","18.495","deg","56206","µV","24.030","°C","1017.000","hPa","34.9","pmil","0","55.710","deg","20.000","°C","100.000","%a.s.","22.780","deg","20.000","°C","969.000","hPa","0.82","-0.015","0.00036","-0.00014","0","10","Humid","58.27","1","2500.00","296986.64","SADF0001000082","ABF0.1.0.10","4.0.0.2393","PSt7-10","250224-007","7/27/2025 6:28:56 PM","0000-00","0","no battery","V","","µV","","µV"
"03/05/2026","14:41:53","2","default","813736599","OXY_06","85.900","min","287.618","μmol/L","Humid","18.498","deg","56195","µV","24.030","°C","1017.000","hPa","34.9","pmil","0","55.710","deg","20.000","°C","100.000","%a.s.","22.780","deg","20.000","°C","969.000","hPa","0.82","-0.015","0.00036","-0.00014","0","10","Humid","58.27","1","2500.00","297001.78","SADF0001000082","ABF0.1.0.10","4.0.0.2393","PSt7-10","250224-007","7/27/2025 6:28:56 PM","0000-00","0","no battery","V","","µV","","µV"
"03/05/2026","14:41:55","2","default","813736599","OXY_06","85.934","min","287.783","μmol/L","Humid","18.490","deg","56186","µV","24.037","°C","1017.000","hPa","34.9","pmil","0","55.710","deg","20.000","°C","100.000","%a.s.","22.780","deg","20.000","°C","969.000","hPa","0.82","-0.015","0.00036","-0.00014","0","10","Humid","58.27","1","2500.00","296998.18","SADF0001000082","ABF0.1.0.10","4.0.0.2393","PSt7-10","250224-007","7/27/2025 6:28:56 PM","0000-00","0","no battery","V","","µV","","µV"
"03/05/2026","14:41:57","2","default","813736599","OXY_06","85.966","min","288.042","μmol/L","Humid","18.486","deg","56182","µV","24.018","°C","1017.000","hPa","34.9","pmil","0","55.710","deg","20.000","°C","100.000","%a.s.","22.780","deg","20.000","°C","969.000","hPa","0.82","-0.015","0.00036","-0.00014","0","10","Humid","58.27","1","2500.00","296988.86","SADF0001000082","ABF0.1.0.10","4.0.0.2393","PSt7-10","250224-007","7/27/2025 6:28:56 PM","0000-00","0","no battery","V","","µV","","µV"
"03/05/2026","14:41:59","2","default","813736599","OXY_06","86.000","min","287.944","μmol/L","Humid","18.484","deg","56179","µV","24.037","°C","1017.000","hPa","34.9","pmil","0","55.710","deg","20.000","°C","100.000","%a.s.","22.780","deg","20.000","°C","969.000","hPa","0.82","-0.015","0.00036","-0.00014","0","10","Humid","58.27","1","2500.00","296986.65","SADF0001000082","ABF0.1.0.10","4.0.0.2393","PSt7-10","250224-007","7/27/2025 6:28:56 PM","0000-00","0","no battery","V","","µV","","µV"
"03/05/2026","14:42:01","2","default","813736599","OXY_06","86.033","min","287.991","μmol/L","Humid","18.486","deg","56169","µV","24.024","°C","1017.000","hPa","34.9","pmil","0","55.710","deg","20.000","°C","100.000","%a.s.","22.780","deg","20.000","°C","969.000","hPa","0.82","-0.015","0.00036","-0.00014","0","10","Humid","58.27","1","2500.00","296999.54","SADF0001000082","ABF0.1.0.10","4.0.0.2393","PSt7-10","250224-007","7/27/2025 6:28:56 PM","0000-00","0","no battery","V","","µV","","µV"
"03/05/2026","14:42:03","2","default","813736599","OXY_06","86.067","min","288.048","μmol/L","Humid","18.482","deg","56166","µV","24.030","°C","1017.000","hPa","34.9","pmil","0","55.710","deg","20.000","°C","100.000","%a.s.","22.780","deg","20.000","°C","969.000","hPa","0.82","-0.015","0.00036","-0.00014","0","10","Humid","58.27","1","2500.00","297000.23","SADF0001000082","ABF0.1.0.10","4.0.0.2393","PSt7-10","250224-007","7/27/2025 6:28:56 PM","0000-00","0","no battery","V","","µV","","µV"
"03/05/2026","14:42:05","2","default","813736599","OXY_06","86.100","min","288.055","μmol/L","Humid","18.478","deg","56144","µV","24.043","°C","1017.000","hPa","34.9","pmil","0","55.710","deg","20.000","°C","100.000","%a.s.","22.780","deg","20.000","°C","969.000","hPa","0.82","-0.015","0.00036","-0.00014","0","10","Humid","58.27","1","2500.00","296992.29","SADF0001000082","ABF0.1.0.10","4.0.0.2393","PSt7-10","250224-007","7/27/2025 6:28:56 PM","0000-00","0","no battery","V","","µV","","µV"
"03/05/2026","14:42:07","2","default","813736599","OXY_06","86.133","min","288.149","μmol/L","Humid","18.482","deg","56144","µV","24.018","°C","1017.000","hPa","34.9","pmil","0","55.710","deg","20.000","°C","100.000","%a.s.","22.780","deg","20.000","°C","969.000","hPa","0.82","-0.015","0.00036","-0.00014","0","10","Humid","58.27","1","2500.00","296990.64","SADF0001000082","ABF0.1.0.10","4.0.0.2393","PSt7-10","250224-007","7/27/2025 6:28:56 PM","0000-00","0","no battery","V","","µV","","µV"
"03/05/2026","14:42:09","2","default","813736599","OXY_06","86.167","min","288.425","μmol/L","Humid","18.468","deg","56132","µV","24.030","°C","1017.000","hPa","34.9","pmil","0","55.710","deg","20.000","°C","100.000","%a.s.","22.780","deg","20.000","°C","969.000","hPa","0.82","-0.015","0.00036","-0.00014","0","10","Humid","58.27","1","2500.00","296986.59","SADF0001000082","ABF0.1.0.10","4.0.0.2393","PSt7-10","250224-007","7/27/2025 6:28:56 PM","0000-00","0","no battery","V","","µV","","µV"
"03/05/2026","14:42:11","2","default","813736599","OXY_06","86.200","min","288.263","μmol/L","Humid","18.474","deg","56128","µV","24.030","°C","1017.000","hPa","34.9","pmil","0","55.710","deg","20.000","°C","100.000","%a.s.","22.780","deg","20.000","°C","969.000","hPa","0.82","-0.015","0.00036","-0.00014","0","10","Humid","58.27","1","2500.00","296983.25","SADF0001000082","ABF0.1.0.10","4.0.0.2393","PSt7-10","250224-007","7/27/2025 6:28:56 PM","0000-00","0","no battery","V","","µV","","µV"
"03/05/2026","14:42:13","2","default","813736599","OXY_06","86.233","min","288.436","μmol/L","Humid","18.477","deg","56112","µV","23.999","°C","1017.000","hPa","34.9","pmil","0","55.710","deg","20.000","°C","100.000","%a.s.","22.780","deg","20.000","°C","969.000","hPa","0.82","-0.015","0.00036","-0.00014","0","10","Humid","58.27","1","2500.00","296977.71","SADF0001000082","ABF0.1.0.10","4.0.0.2393","PSt7-10","250224-007","7/27/2025 6:28:56 PM","0000-00","0","no battery","V","","µV","","µV"
"03/05/2026","14:42:15","2","default","813736599","OXY_06","86.267","min","288.418","μmol/L","Humid","18.472","deg","56102","µV","24.018","°C","1017.000","hPa","34.9","pmil","0","55.710","deg","20.000","°C","100.000","%a.s.","22.780","deg","20.000","°C","969.000","hPa","0.82","-0.015","0.00036","-0.00014","0","10","Humid","58.27","1","2500.00","296977.04","SADF0001000082","ABF0.1.0.10","4.0.0.2393","PSt7-10","250224-007","7/27/2025 6:28:56 PM","0000-00","0","no battery","V","","µV","","µV"
"03/05/2026","14:42:17","2","default","813736599","OXY_06","86.300","min","288.398","μmol/L","Humid","18.469","deg","56099","µV","24.030","°C","1017.000","hPa","34.9","pmil","0","55.710","deg","20.000","°C","100.000","%a.s.","22.780","deg","20.000","°C","969.000","hPa","0.82","-0.015","0.00036","-0.00014","0","10","Humid","58.27","1","2500.00","296975.60","SADF0001000082","ABF0.1.0.10","4.0.0.2393","PSt7-10","250224-007","7/27/2025 6:28:56 PM","0000-00","0","no battery","V","","µV","","µV"
"03/05/2026","14:42:19","2","default","813736599","OXY_06","86.334","min","288.482","μmol/L","Humid","18.464","deg","56092","µV","24.037","°C","1017.000","hPa","34.9","pmil","0","55.710","deg","20.000","°C","100.000","%a.s.","22.780","deg","20.000","°C","969.000","hPa","0.82","-0.015","0.00036","-0.00014","0","10","Humid","58.27","1","2500.00","296977.61","SADF0001000082","ABF0.1.0.10","4.0.0.2393","PSt7-10","250224-007","7/27/2025 6:28:56 PM","0000-00","0","no battery","V","","µV","","µV"
"03/05/2026","14:42:21","2","default","813736599","OXY_06","86.366","min","288.485","μmol/L","Humid","18.462","deg","56089","µV","24.043","°C","1017.000","hPa","34.9","pmil","0","55.710","deg","20.000","°C","100.000","%a.s.","22.780","deg","20.000","°C","969.000","hPa","0.82","-0.015","0.00036","-0.00014","0","10","Humid","58.27","1","2500.00","296984.75","SADF0001000082","ABF0.1.0.10","4.0.0.2393","PSt7-10","250224-007","7/27/2025 6:28:56 PM","0000-00","0","no battery","V","","µV","","µV"
"03/05/2026","14:42:23","2","default","813736599","OXY_06","86.400","min","288.691","μmol/L","Humid","18.460","deg","56083","µV","24.024","°C","1017.000","hPa","34.9","pmil","0","55.710","deg","20.000","°C","100.000","%a.s.","22.780","deg","20.000","°C","969.000","hPa","0.82","-0.015","0.00036","-0.00014","0","10","Humid","58.27","1","2500.00","296987.77","SADF0001000082","ABF0.1.0.10","4.0.0.2393","PSt7-10","250224-007","7/27/2025 6:28:56 PM","0000-00","0","no battery","V","","µV","","µV"
"03/05/2026","14:42:25","2","default","813736599","OXY_06","86.433","min","288.593","μmol/L","Humid","18.458","deg","56080","µV","24.043","°C","1017.000","hPa","34.9","pmil","0","55.710","deg","20.000","°C","100.000","%a.s.","22.780","deg","20.000","°C","969.000","hPa","0.82","-0.015","0.00036","-0.00014","0","10","Humid","58.27","1","2500.00","296985.86","SADF0001000082","ABF0.1.0.10","4.0.0.2393","PSt7-10","250224-007","7/27/2025 6:28:56 PM","0000-00","0","no battery","V","","µV","","µV"
"03/05/2026","14:42:27","2","default","813736599","OXY_06","86.467","min","288.772","μmol/L","Humid","18.457","deg","56067","µV","24.024","°C","1017.000","hPa","34.9","pmil","0","55.710","deg","20.000","°C","100.000","%a.s.","22.780","deg","20.000","°C","969.000","hPa","0.82","-0.015","0.00036","-0.00014","0","10","Humid","58.27","1","2500.00","296980.98","SADF0001000082","ABF0.1.0.10","4.0.0.2393","PSt7-10","250224-007","7/27/2025 6:28:56 PM","0000-00","0","no battery","V","","µV","","µV"
"03/05/2026","14:42:29","2","default","813736599","OXY_06","86.500","min","288.823","μmol/L","Humid","18.457","deg","56056","µV","24.018","°C","1017.000","hPa","34.9","pmil","0","55.710","deg","20.000","°C","100.000","%a.s.","22.780","deg","20.000","°C","969.000","hPa","0.82","-0.015","0.00036","-0.00014","0","10","Humid","58.27","1","2500.00","296968.66","SADF0001000082","ABF0.1.0.10","4.0.0.2393","PSt7-10","250224-007","7/27/2025 6:28:56 PM","0000-00","0","no battery","V","","µV","","µV"
"03/05/2026","14:42:31","2","default","813736599","OXY_06","86.533","min","288.856","μmol/L","Humid","18.452","deg","56045","µV","24.030","°C","1017.000","hPa","34.9","pmil","0","55.710","deg","20.000","°C","100.000","%a.s.","22.780","deg","20.000","°C","969.000","hPa","0.82","-0.015","0.00036","-0.00014","0","10","Humid","58.27","1","2500.00","296972.30","SADF0001000082","ABF0.1.0.10","4.0.0.2393","PSt7-10","250224-007","7/27/2025 6:28:56 PM","0000-00","0","no battery","V","","µV","","µV"
"03/05/2026","14:42:33","2","default","813736599","OXY_06","86.567","min","289.018","μmol/L","Humid","18.446","deg","56042","µV","24.030","°C","1017.000","hPa","34.9","pmil","0","55.710","deg","20.000","°C","100.000","%a.s.","22.780","deg","20.000","°C","969.000","hPa","0.82","-0.015","0.00036","-0.00014","0","10","Humid","58.27","1","2500.00","296974.96","SADF0001000082","ABF0.1.0.10","4.0.0.2393","PSt7-10","250224-007","7/27/2025 6:28:56 PM","0000-00","0","no battery","V","","µV","","µV"
"03/05/2026","14:42:35","2","default","813736599","OXY_06","86.600","min","288.890","μmol/L","Humid","18.447","deg","56027","µV","24.043","°C","1017.000","hPa","34.9","pmil","0","55.710","deg","20.000","°C","100.000","%a.s.","22.780","deg","20.000","°C","969.000","hPa","0.82","-0.015","0.00036","-0.00014","0","10","Humid","58.27","1","2500.00","296976.02","SADF0001000082","ABF0.1.0.10","4.0.0.2393","PSt7-10","250224-007","7/27/2025 6:28:56 PM","0000-00","0","no battery","V","","µV","","µV"
"03/05/2026","14:42:37","2","default","813736599","OXY_06","86.633","min","289.069","μmol/L","Humid","18.446","deg","56019","µV","24.024","°C","1017.000","hPa","34.9","pmil","0","55.710","deg","20.000","°C","100.000","%a.s.","22.780","deg","20.000","°C","969.000","hPa","0.82","-0.015","0.00036","-0.00014","0","10","Humid","58.27","1","2500.00","296972.54","SADF0001000082","ABF0.1.0.10","4.0.0.2393","PSt7-10","250224-007","7/27/2025 6:28:56 PM","0000-00","0","no battery","V","","µV","","µV"
"03/05/2026","14:42:39","2","default","813736599","OXY_06","86.666","min","289.360","μmol/L","Humid","18.439","deg","56012","µV","24.012","°C","1017.000","hPa","34.9","pmil","0","55.710","deg","20.000","°C","100.000","%a.s.","22.780","deg","20.000","°C","969.000","hPa","0.82","-0.015","0.00036","-0.00014","0","10","Humid","58.27","1","2500.00","296977.30","SADF0001000082","ABF0.1.0.10","4.0.0.2393","PSt7-10","250224-007","7/27/2025 6:28:56 PM","0000-00","0","no battery","V","","µV","","µV"
"03/05/2026","14:42:41","2","default","813736599","OXY_06","86.700","min","289.181","μmol/L","Humid","18.440","deg","55999","µV","24.030","°C","1017.000","hPa","34.9","pmil","0","55.710","deg","20.000","°C","100.000","%a.s.","22.780","deg","20.000","°C","969.000","hPa","0.82","-0.015","0.00036","-0.00014","0","10","Humid","58.27","1","2500.00","296960.60","SADF0001000082","ABF0.1.0.10","4.0.0.2393","PSt7-10","250224-007","7/27/2025 6:28:56 PM","0000-00","0","no battery","V","","µV","","µV"
"03/05/2026","14:42:43","2","default","813736599","OXY_06","86.734","min","288.930","μmol/L","Humid","18.438","deg","55997","µV","24.068","°C","1017.000","hPa","34.9","pmil","0","55.710","deg","20.000","°C","100.000","%a.s.","22.780","deg","20.000","°C","969.000","hPa","0.82","-0.015","0.00036","-0.00014","0","10","Humid","58.27","1","2500.00","296973.41","SADF0001000082","ABF0.1.0.10","4.0.0.2393","PSt7-10","250224-007","7/27/2025 6:28:56 PM","0000-00","0","no battery","V","","µV","","µV"
"03/05/2026","14:42:45","2","default","813736599","OXY_06","86.767","min","289.394","μmol/L","Humid","18.434","deg","55983","µV","24.024","°C","1017.000","hPa","34.9","pmil","0","55.710","deg","20.000","°C","100.000","%a.s.","22.780","deg","20.000","°C","969.000","hPa","0.82","-0.015","0.00036","-0.00014","0","10","Humid","58.27","1","2500.00","296968.01","SADF0001000082","ABF0.1.0.10","4.0.0.2393","PSt7-10","250224-007","7/27/2025 6:28:56 PM","0000-00","0","no battery","V","","µV","","µV"
"03/05/2026","14:42:47","2","default","813736599","OXY_06","86.800","min","289.235","μmol/L","Humid","18.438","deg","55980","µV","24.030","°C","1017.000","hPa","34.9","pmil","0","55.710","deg","20.000","°C","100.000","%a.s.","22.780","deg","20.000","°C","969.000","hPa","0.82","-0.015","0.00036","-0.00014","0","10","Humid","58.27","1","2500.00","296979.91","SADF0001000082","ABF0.1.0.10","4.0.0.2393","PSt7-10","250224-007","7/27/2025 6:28:56 PM","0000-00","0","no battery","V","","µV","","µV"
"03/05/2026","14:42:49","2","default","813736599","OXY_06","86.833","min","289.451","μmol/L","Humid","18.430","deg","55968","µV","24.030","°C","1017.000","hPa","34.9","pmil","0","55.710","deg","20.000","°C","100.000","%a.s.","22.780","deg","20.000","°C","969.000","hPa","0.82","-0.015","0.00036","-0.00014","0","10","Humid","58.27","1","2500.00","296982.37","SADF0001000082","ABF0.1.0.10","4.0.0.2393","PSt7-10","250224-007","7/27/2025 6:28:56 PM","0000-00","0","no battery","V","","µV","","µV"
"03/05/2026","14:42:51","2","default","813736599","OXY_06","86.867","min","289.478","μmol/L","Humid","18.429","deg","55960","µV","24.030","°C","1017.000","hPa","34.9","pmil","0","55.710","deg","20.000","°C","100.000","%a.s.","22.780","deg","20.000","°C","969.000","hPa","0.82","-0.015","0.00036","-0.00014","0","10","Humid","58.27","1","2500.00","296981.65","SADF0001000082","ABF0.1.0.10","4.0.0.2393","PSt7-10","250224-007","7/27/2025 6:28:56 PM","0000-00","0","no battery","V","","µV","","µV"
"03/05/2026","14:42:53","2","default","813736599","OXY_06","86.900","min","289.583","μmol/L","Humid","18.427","deg","55956","µV","24.024","°C","1017.000","hPa","34.9","pmil","0","55.710","deg","20.000","°C","100.000","%a.s.","22.780","deg","20.000","°C","969.000","hPa","0.82","-0.015","0.00036","-0.00014","0","10","Humid","58.27","1","2500.00","296983.30","SADF0001000082","ABF0.1.0.10","4.0.0.2393","PSt7-10","250224-007","7/27/2025 6:28:56 PM","0000-00","0","no battery","V","","µV","","µV"
"03/05/2026","14:42:55","2","default","813736599","OXY_06","86.933","min","289.532","μmol/L","Humid","18.427","deg","55949","µV","24.030","°C","1017.000","hPa","34.9","pmil","0","55.710","deg","20.000","°C","100.000","%a.s.","22.780","deg","20.000","°C","969.000","hPa","0.82","-0.015","0.00036","-0.00014","0","10","Humid","58.27","1","2500.00","296974.66","SADF0001000082","ABF0.1.0.10","4.0.0.2393","PSt7-10","250224-007","7/27/2025 6:28:56 PM","0000-00","0","no battery","V","","µV","","µV"
"03/05/2026","14:42:57","2","default","813736599","OXY_06","86.966","min","289.746","μmol/L","Humid","18.421","deg","55938","µV","24.024","°C","1017.000","hPa","34.9","pmil","0","55.710","deg","20.000","°C","100.000","%a.s.","22.780","deg","20.000","°C","969.000","hPa","0.82","-0.015","0.00036","-0.00014","0","10","Humid","58.27","1","2500.00","296984.83","SADF0001000082","ABF0.1.0.10","4.0.0.2393","PSt7-10","250224-007","7/27/2025 6:28:56 PM","0000-00","0","no battery","V","","µV","","µV"
"03/05/2026","14:42:59","2","default","813736599","OXY_06","87.000","min","289.644","μmol/L","Humid","18.421","deg","55927","µV","24.037","°C","1017.000","hPa","34.9","pmil","0","55.710","deg","20.000","°C","100.000","%a.s.","22.780","deg","20.000","°C","969.000","hPa","0.82","-0.015","0.00036","-0.00014","0","10","Humid","58.27","1","2500.00","296994.42","SADF0001000082","ABF0.1.0.10","4.0.0.2393","PSt7-10","250224-007","7/27/2025 6:28:56 PM","0000-00","0","no battery","V","","µV","","µV"
"03/05/2026","14:43:01","2","default","813736599","OXY_06","87.033","min","290.013","μmol/L","Humid","18.413","deg","55920","µV","24.018","°C","1017.000","hPa","34.9","pmil","0","55.710","deg","20.000","°C","100.000","%a.s.","22.780","deg","20.000","°C","969.000","hPa","0.82","-0.015","0.00036","-0.00014","0","10","Humid","58.27","1","2500.00","296986.38","SADF0001000082","ABF0.1.0.10","4.0.0.2393","PSt7-10","250224-007","7/27/2025 6:28:56 PM","0000-00","0","no battery","V","","µV","","µV"
"03/05/2026","14:43:03","2","default","813736599","OXY_06","87.066","min","289.735","μmol/L","Humid","18.412","deg","55916","µV","24.055","°C","1017.000","hPa","34.9","pmil","0","55.710","deg","20.000","°C","100.000","%a.s.","22.780","deg","20.000","°C","969.000","hPa","0.82","-0.015","0.00036","-0.00014","0","10","Humid","58.27","1","2500.00","296979.25","SADF0001000082","ABF0.1.0.10","4.0.0.2393","PSt7-10","250224-007","7/27/2025 6:28:56 PM","0000-00","0","no battery","V","","µV","","µV"
"03/05/2026","14:43:05","2","default","813736599","OXY_06","87.100","min","289.617","μmol/L","Humid","18.422","deg","55904","µV","24.037","°C","1017.000","hPa","34.9","pmil","0","55.710","deg","20.000","°C","100.000","%a.s.","22.780","deg","20.000","°C","969.000","hPa","0.82","-0.015","0.00036","-0.00014","0","10","Humid","58.27","1","2500.00","296979.77","SADF0001000082","ABF0.1.0.10","4.0.0.2393","PSt7-10","250224-007","7/27/2025 6:28:56 PM","0000-00","0","no battery","V","","µV","","µV"
"03/05/2026","14:43:07","2","default","813736599","OXY_06","87.133","min","289.776","μmol/L","Humid","18.418","deg","55896","µV","24.030","°C","1017.000","hPa","34.9","pmil","0","55.710","deg","20.000","°C","100.000","%a.s.","22.780","deg","20.000","°C","969.000","hPa","0.82","-0.015","0.00036","-0.00014","0","10","Humid","58.27","1","2500.00","296976.58","SADF0001000082","ABF0.1.0.10","4.0.0.2393","PSt7-10","250224-007","7/27/2025 6:28:56 PM","0000-00","0","no battery","V","","µV","","µV"
"03/05/2026","14:43:09","2","default","813736599","OXY_06","87.167","min","290.264","μmol/L","Humid","18.400","deg","55892","µV","24.030","°C","1017.000","hPa","34.9","pmil","0","55.710","deg","20.000","°C","100.000","%a.s.","22.780","deg","20.000","°C","969.000","hPa","0.82","-0.015","0.00036","-0.00014","0","10","Humid","58.27","1","2500.00","296976.27","SADF0001000082","ABF0.1.0.10","4.0.0.2393","PSt7-10","250224-007","7/27/2025 6:28:56 PM","0000-00","0","no battery","V","","µV","","µV"
"03/05/2026","14:43:11","2","default","813736599","OXY_06","87.200","min","290.095","μmol/L","Humid","18.410","deg","55890","µV","24.018","°C","1017.000","hPa","34.9","pmil","0","55.710","deg","20.000","°C","100.000","%a.s.","22.780","deg","20.000","°C","969.000","hPa","0.82","-0.015","0.00036","-0.00014","0","10","Humid","58.27","1","2500.00","296980.37","SADF0001000082","ABF0.1.0.10","4.0.0.2393","PSt7-10","250224-007","7/27/2025 6:28:56 PM","0000-00","0","no battery","V","","µV","","µV"
"03/05/2026","14:43:13","2","default","813736599","OXY_06","87.233","min","289.918","μmol/L","Humid","18.409","deg","55884","µV","24.043","°C","1017.000","hPa","34.9","pmil","0","55.710","deg","20.000","°C","100.000","%a.s.","22.780","deg","20.000","°C","969.000","hPa","0.82","-0.015","0.00036","-0.00014","0","10","Humid","58.27","1","2500.00","296987.67","SADF0001000082","ABF0.1.0.10","4.0.0.2393","PSt7-10","250224-007","7/27/2025 6:28:56 PM","0000-00","0","no battery","V","","µV","","µV"
"03/05/2026","14:43:15","2","default","813736599","OXY_06","87.267","min","290.183","μmol/L","Humid","18.403","deg","55878","µV","24.030","°C","1017.000","hPa","34.9","pmil","0","55.710","deg","20.000","°C","100.000","%a.s.","22.780","deg","20.000","°C","969.000","hPa","0.82","-0.015","0.00036","-0.00014","0","10","Humid","58.27","1","2500.00","296983.16","SADF0001000082","ABF0.1.0.10","4.0.0.2393","PSt7-10","250224-007","7/27/2025 6:28:56 PM","0000-00","0","no battery","V","","µV","","µV"
"03/05/2026","14:43:17","2","default","813736599","OXY_06","87.299","min","290.339","μmol/L","Humid","18.401","deg","55867","µV","24.018","°C","1017.000","hPa","34.9","pmil","0","55.710","deg","20.000","°C","100.000","%a.s.","22.780","deg","20.000","°C","969.000","hPa","0.82","-0.015","0.00036","-0.00014","0","10","Humid","58.27","1","2500.00","296973.79","SADF0001000082","ABF0.1.0.10","4.0.0.2393","PSt7-10","250224-007","7/27/2025 6:28:56 PM","0000-00","0","no battery","V","","µV","","µV"
"03/05/2026","14:43:19","2","default","813736599","OXY_06","87.333","min","290.451","μmol/L","Humid","18.395","deg","55862","µV","24.024","°C","1017.000","hPa","34.9","pmil","0","55.710","deg","20.000","°C","100.000","%a.s.","22.780","deg","20.000","°C","969.000","hPa","0.82","-0.015","0.00036","-0.00014","0","10","Humid","58.27","1","2500.00","296978.67","SADF0001000082","ABF0.1.0.10","4.0.0.2393","PSt7-10","250224-007","7/27/2025 6:28:56 PM","0000-00","0","no battery","V","","µV","","µV"
"03/05/2026","14:43:21","2","default","813736599","OXY_06","87.367","min","290.298","μmol/L","Humid","18.395","deg","55854","µV","24.043","°C","1017.000","hPa","34.9","pmil","0","55.710","deg","20.000","°C","100.000","%a.s.","22.780","deg","20.000","°C","969.000","hPa","0.82","-0.015","0.00036","-0.00014","0","10","Humid","58.27","1","2500.00","296981.54","SADF0001000082","ABF0.1.0.10","4.0.0.2393","PSt7-10","250224-007","7/27/2025 6:28:56 PM","0000-00","0","no battery","V","","µV","","µV"
"03/05/2026","14:43:23","2","default","813736599","OXY_06","87.400","min","290.325","μmol/L","Humid","18.394","deg","55849","µV","24.043","°C","1017.000","hPa","34.9","pmil","0","55.710","deg","20.000","°C","100.000","%a.s.","22.780","deg","20.000","°C","969.000","hPa","0.82","-0.015","0.00036","-0.00014","0","10","Humid","58.27","1","2500.00","296979.04","SADF0001000082","ABF0.1.0.10","4.0.0.2393","PSt7-10","250224-007","7/27/2025 6:28:56 PM","0000-00","0","no battery","V","","µV","","µV"
"03/05/2026","14:43:25","2","default","813736599","OXY_06","87.433","min","290.451","μmol/L","Humid","18.395","deg","55838","µV","24.024","°C","1017.000","hPa","34.9","pmil","0","55.710","deg","20.000","°C","100.000","%a.s.","22.780","deg","20.000","°C","969.000","hPa","0.82","-0.015","0.00036","-0.00014","0","10","Humid","58.27","1","2500.00","296988.15","SADF0001000082","ABF0.1.0.10","4.0.0.2393","PSt7-10","250224-007","7/27/2025 6:28:56 PM","0000-00","0","no battery","V","","µV","","µV"
"03/05/2026","14:43:27","2","default","813736599","OXY_06","87.466","min","290.519","μmol/L","Humid","18.385","deg","55834","µV","24.049","°C","1017.000","hPa","34.9","pmil","0","55.710","deg","20.000","°C","100.000","%a.s.","22.780","deg","20.000","°C","969.000","hPa","0.82","-0.015","0.00036","-0.00014","0","10","Humid","58.27","1","2500.00","296987.27","SADF0001000082","ABF0.1.0.10","4.0.0.2393","PSt7-10","250224-007","7/27/2025 6:28:56 PM","0000-00","0","no battery","V","","µV","","µV"
"03/05/2026","14:43:29","2","default","813736599","OXY_06","87.500","min","290.461","μmol/L","Humid","18.389","deg","55820","µV","24.043","°C","1017.000","hPa","34.9","pmil","0","55.710","deg","20.000","°C","100.000","%a.s.","22.780","deg","20.000","°C","969.000","hPa","0.82","-0.015","0.00036","-0.00014","0","10","Humid","58.27","1","2500.00","296985.95","SADF0001000082","ABF0.1.0.10","4.0.0.2393","PSt7-10","250224-007","7/27/2025 6:28:56 PM","0000-00","0","no battery","V","","µV","","µV"
"03/05/2026","14:43:31","2","default","813736599","OXY_06","87.534","min","290.591","μmol/L","Humid","18.388","deg","55820","µV","24.030","°C","1017.000","hPa","34.9","pmil","0","55.710","deg","20.000","°C","100.000","%a.s.","22.780","deg","20.000","°C","969.000","hPa","0.82","-0.015","0.00036","-0.00014","0","10","Humid","58.27","1","2500.00","296979.71","SADF0001000082","ABF0.1.0.10","4.0.0.2393","PSt7-10","250224-007","7/27/2025 6:28:56 PM","0000-00","0","no battery","V","","µV","","µV"
"03/05/2026","14:43:33","2","default","813736599","OXY_06","87.566","min","290.802","μmol/L","Humid","18.384","deg","55800","µV","24.018","°C","1017.000","hPa","34.9","pmil","0","55.710","deg","20.000","°C","100.000","%a.s.","22.780","deg","20.000","°C","969.000","hPa","0.82","-0.015","0.00036","-0.00014","0","10","Humid","58.27","1","2500.00","296983.89","SADF0001000082","ABF0.1.0.10","4.0.0.2393","PSt7-10","250224-007","7/27/2025 6:28:56 PM","0000-00","0","no battery","V","","µV","","µV"
"03/05/2026","14:43:35","2","default","813736599","OXY_06","87.600","min","291.019","μmol/L","Humid","18.376","deg","55802","µV","24.018","°C","1017.000","hPa","34.9","pmil","0","55.710","deg","20.000","°C","100.000","%a.s.","22.780","deg","20.000","°C","969.000","hPa","0.82","-0.015","0.00036","-0.00014","0","10","Humid","58.27","1","2500.00","296983.11","SADF0001000082","ABF0.1.0.10","4.0.0.2393","PSt7-10","250224-007","7/27/2025 6:28:56 PM","0000-00","0","no battery","V","","µV","","µV"
"03/05/2026","14:43:37","2","default","813736599","OXY_06","87.633","min","290.757","μmol/L","Humid","18.380","deg","55788","µV","24.037","°C","1017.000","hPa","34.9","pmil","0","55.710","deg","20.000","°C","100.000","%a.s.","22.780","deg","20.000","°C","969.000","hPa","0.82","-0.015","0.00036","-0.00014","0","10","Humid","58.27","1","2500.00","296978.29","SADF0001000082","ABF0.1.0.10","4.0.0.2393","PSt7-10","250224-007","7/27/2025 6:28:56 PM","0000-00","0","no battery","V","","µV","","µV"
"03/05/2026","14:43:39","2","default","813736599","OXY_06","87.667","min","290.914","μmol/L","Humid","18.378","deg","55780","µV","24.024","°C","1017.000","hPa","34.9","pmil","0","55.710","deg","20.000","°C","100.000","%a.s.","22.780","deg","20.000","°C","969.000","hPa","0.82","-0.015","0.00036","-0.00014","0","10","Humid","58.27","1","2500.00","296988.50","SADF0001000082","ABF0.1.0.10","4.0.0.2393","PSt7-10","250224-007","7/27/2025 6:28:56 PM","0000-00","0","no battery","V","","µV","","µV"
"03/05/2026","14:43:41","2","default","813736599","OXY_06","87.700","min","290.682","μmol/L","Humid","18.379","deg","55773","µV","24.049","°C","1017.000","hPa","34.9","pmil","0","55.710","deg","20.000","°C","100.000","%a.s.","22.780","deg","20.000","°C","969.000","hPa","0.82","-0.015","0.00036","-0.00014","0","10","Humid","58.27","1","2500.00","296983.43","SADF0001000082","ABF0.1.0.10","4.0.0.2393","PSt7-10","250224-007","7/27/2025 6:28:56 PM","0000-00","0","no battery","V","","µV","","µV"
"03/05/2026","14:43:43","2","default","813736599","OXY_06","87.733","min","291.077","μmol/L","Humid","18.372","deg","55767","µV","24.024","°C","1017.000","hPa","34.9","pmil","0","55.710","deg","20.000","°C","100.000","%a.s.","22.780","deg","20.000","°C","969.000","hPa","0.82","-0.015","0.00036","-0.00014","0","10","Humid","58.27","1","2500.00","296980.30","SADF0001000082","ABF0.1.0.10","4.0.0.2393","PSt7-10","250224-007","7/27/2025 6:28:56 PM","0000-00","0","no battery","V","","µV","","µV"
"03/05/2026","14:43:45","2","default","813736599","OXY_06","87.767","min","291.241","μmol/L","Humid","18.366","deg","55753","µV","24.024","°C","1017.000","hPa","34.9","pmil","0","55.710","deg","20.000","°C","100.000","%a.s.","22.780","deg","20.000","°C","969.000","hPa","0.82","-0.015","0.00036","-0.00014","0","10","Humid","58.27","1","2500.00","296973.70","SADF0001000082","ABF0.1.0.10","4.0.0.2393","PSt7-10","250224-007","7/27/2025 6:28:56 PM","0000-00","0","no battery","V","","µV","","µV"
"03/05/2026","14:43:47","2","default","813736599","OXY_06","87.800","min","291.343","μmol/L","Humid","18.366","deg","55750","µV","24.012","°C","1017.000","hPa","34.9","pmil","0","55.710","deg","20.000","°C","100.000","%a.s.","22.780","deg","20.000","°C","969.000","hPa","0.82","-0.015","0.00036","-0.00014","0","10","Humid","58.27","1","2500.00","296984.32","SADF0001000082","ABF0.1.0.10","4.0.0.2393","PSt7-10","250224-007","7/27/2025 6:28:56 PM","0000-00","0","no battery","V","","µV","","µV"
"03/05/2026","14:43:49","2","default","813736599","OXY_06","87.833","min","291.084","μmol/L","Humid","18.368","deg","55737","µV","24.037","°C","1017.000","hPa","34.9","pmil","0","55.710","deg","20.000","°C","100.000","%a.s.","22.780","deg","20.000","°C","969.000","hPa","0.82","-0.015","0.00036","-0.00014","0","10","Humid","58.27","1","2500.00","296986.85","SADF0001000082","ABF0.1.0.10","4.0.0.2393","PSt7-10","250224-007","7/27/2025 6:28:56 PM","0000-00","0","no battery","V","","µV","","µV"
"03/05/2026","14:43:51","2","default","813736599","OXY_06","87.866","min","291.398","μmol/L","Humid","18.364","deg","55737","µV","24.012","°C","1017.000","hPa","34.9","pmil","0","55.710","deg","20.000","°C","100.000","%a.s.","22.780","deg","20.000","°C","969.000","hPa","0.82","-0.015","0.00036","-0.00014","0","10","Humid","58.27","1","2500.00","296977.24","SADF0001000082","ABF0.1.0.10","4.0.0.2393","PSt7-10","250224-007","7/27/2025 6:28:56 PM","0000-00","0","no battery","V","","µV","","µV"
"03/05/2026","14:43:53","2","default","813736599","OXY_06","87.900","min","291.299","μmol/L","Humid","18.362","deg","55721","µV","24.030","°C","1017.000","hPa","34.9","pmil","0","55.710","deg","20.000","°C","100.000","%a.s.","22.780","deg","20.000","°C","969.000","hPa","0.82","-0.015","0.00036","-0.00014","0","10","Humid","58.27","1","2500.00","296980.62","SADF0001000082","ABF0.1.0.10","4.0.0.2393","PSt7-10","250224-007","7/27/2025 6:28:56 PM","0000-00","0","no battery","V","","µV","","µV"
"03/05/2026","14:43:55","2","default","813736599","OXY_06","87.934","min","291.279","μmol/L","Humid","18.359","deg","55716","µV","24.043","°C","1017.000","hPa","34.9","pmil","0","55.710","deg","20.000","°C","100.000","%a.s.","22.780","deg","20.000","°C","969.000","hPa","0.82","-0.015","0.00036","-0.00014","0","10","Humid","58.27","1","2500.00","296971.77","SADF0001000082","ABF0.1.0.10","4.0.0.2393","PSt7-10","250224-007","7/27/2025 6:28:56 PM","0000-00","0","no battery","V","","µV","","µV"
"03/05/2026","14:43:57","2","default","813736599","OXY_06","87.966","min","291.326","μmol/L","Humid","18.361","deg","55711","µV","24.030","°C","1017.000","hPa","34.9","pmil","0","55.710","deg","20.000","°C","100.000","%a.s.","22.780","deg","20.000","°C","969.000","hPa","0.82","-0.015","0.00036","-0.00014","0","10","Humid","58.27","1","2500.00","296979.38","SADF0001000082","ABF0.1.0.10","4.0.0.2393","PSt7-10","250224-007","7/27/2025 6:28:56 PM","0000-00","0","no battery","V","","µV","","µV"
"03/05/2026","14:43:59","2","default","813736599","OXY_06","88.000","min","291.435","μmol/L","Humid","18.357","deg","55699","µV","24.030","°C","1017.000","hPa","34.9","pmil","0","55.710","deg","20.000","°C","100.000","%a.s.","22.780","deg","20.000","°C","969.000","hPa","0.82","-0.015","0.00036","-0.00014","0","10","Humid","58.27","1","2500.00","296975.53","SADF0001000082","ABF0.1.0.10","4.0.0.2393","PSt7-10","250224-007","7/27/2025 6:28:56 PM","0000-00","0","no battery","V","","µV","","µV"
"03/05/2026","14:44:01","2","default","813736599","OXY_06","88.033","min","291.435","μmol/L","Humid","18.357","deg","55698","µV","24.030","°C","1017.000","hPa","34.9","pmil","0","55.710","deg","20.000","°C","100.000","%a.s.","22.780","deg","20.000","°C","969.000","hPa","0.82","-0.015","0.00036","-0.00014","0","10","Humid","58.27","1","2500.00","296964.99","SADF0001000082","ABF0.1.0.10","4.0.0.2393","PSt7-10","250224-007","7/27/2025 6:28:56 PM","0000-00","0","no battery","V","","µV","","µV"
"03/05/2026","14:44:03","2","default","813736599","OXY_06","88.067","min","291.576","μmol/L","Humid","18.350","deg","55690","µV","24.037","°C","1017.000","hPa","34.9","pmil","0","55.710","deg","20.000","°C","100.000","%a.s.","22.780","deg","20.000","°C","969.000","hPa","0.82","-0.015","0.00036","-0.00014","0","10","Humid","58.27","1","2500.00","296981.96","SADF0001000082","ABF0.1.0.10","4.0.0.2393","PSt7-10","250224-007","7/27/2025 6:28:56 PM","0000-00","0","no battery","V","","µV","","µV"
"03/05/2026","14:44:05","2","default","813736599","OXY_06","88.100","min","291.524","μmol/L","Humid","18.350","deg","55681","µV","24.043","°C","1017.000","hPa","34.9","pmil","0","55.710","deg","20.000","°C","100.000","%a.s.","22.780","deg","20.000","°C","969.000","hPa","0.82","-0.015","0.00036","-0.00014","0","10","Humid","58.27","1","2500.00","296974.55","SADF0001000082","ABF0.1.0.10","4.0.0.2393","PSt7-10","250224-007","7/27/2025 6:28:56 PM","0000-00","0","no battery","V","","µV","","µV"
"03/05/2026","14:44:07","2","default","813736599","OXY_06","88.133","min","291.869","μmol/L","Humid","18.343","deg","55674","µV","24.024","°C","1017.000","hPa","34.9","pmil","0","55.710","deg","20.000","°C","100.000","%a.s.","22.780","deg","20.000","°C","969.000","hPa","0.82","-0.015","0.00036","-0.00014","0","10","Humid","58.27","1","2500.00","296969.57","SADF0001000082","ABF0.1.0.10","4.0.0.2393","PSt7-10","250224-007","7/27/2025 6:28:56 PM","0000-00","0","no battery","V","","µV","","µV"
"03/05/2026","14:44:09","2","default","813736599","OXY_06","88.167","min","291.582","μmol/L","Humid","18.346","deg","55656","µV","24.049","°C","1017.000","hPa","34.9","pmil","0","55.710","deg","20.000","°C","100.000","%a.s.","22.780","deg","20.000","°C","969.000","hPa","0.82","-0.015","0.00036","-0.00014","0","10","Humid","58.27","1","2500.00","296973.45","SADF0001000082","ABF0.1.0.10","4.0.0.2393","PSt7-10","250224-007","7/27/2025 6:28:56 PM","0000-00","0","no battery","V","","µV","","µV"
"03/05/2026","14:44:11","2","default","813736599","OXY_06","88.200","min","291.842","μmol/L","Humid","18.344","deg","55655","µV","24.024","°C","1017.000","hPa","34.9","pmil","0","55.710","deg","20.000","°C","100.000","%a.s.","22.780","deg","20.000","°C","969.000","hPa","0.82","-0.015","0.00036","-0.00014","0","10","Humid","58.27","1","2500.00","296973.08","SADF0001000082","ABF0.1.0.10","4.0.0.2393","PSt7-10","250224-007","7/27/2025 6:28:56 PM","0000-00","0","no battery","V","","µV","","µV"
"03/05/2026","14:44:13","2","default","813736599","OXY_06","88.233","min","291.825","μmol/L","Humid","18.339","deg","55645","µV","24.043","°C","1017.000","hPa","34.9","pmil","0","55.710","deg","20.000","°C","100.000","%a.s.","22.780","deg","20.000","°C","969.000","hPa","0.82","-0.015","0.00036","-0.00014","0","10","Humid","58.27","1","2500.00","296971.51","SADF0001000082","ABF0.1.0.10","4.0.0.2393","PSt7-10","250224-007","7/27/2025 6:28:56 PM","0000-00","0","no battery","V","","µV","","µV"
"03/05/2026","14:44:15","2","default","813736599","OXY_06","88.267","min","291.951","μmol/L","Humid","18.340","deg","55635","µV","24.024","°C","1017.000","hPa","34.9","pmil","0","55.710","deg","20.000","°C","100.000","%a.s.","22.780","deg","20.000","°C","969.000","hPa","0.82","-0.015","0.00036","-0.00014","0","10","Humid","58.27","1","2500.00","296970.42","SADF0001000082","ABF0.1.0.10","4.0.0.2393","PSt7-10","250224-007","7/27/2025 6:28:56 PM","0000-00","0","no battery","V","","µV","","µV"
"03/05/2026","14:44:17","2","default","813736599","OXY_06","88.300","min","291.897","μmol/L","Humid","18.342","deg","55631","µV","24.024","°C","1017.000","hPa","34.9","pmil","0","55.710","deg","20.000","°C","100.000","%a.s.","22.780","deg","20.000","°C","969.000","hPa","0.82","-0.015","0.00036","-0.00014","0","10","Humid","58.27","1","2500.00","296970.82","SADF0001000082","ABF0.1.0.10","4.0.0.2393","PSt7-10","250224-007","7/27/2025 6:28:56 PM","0000-00","0","no battery","V","","µV","","µV"
"03/05/2026","14:44:19","2","default","813736599","OXY_06","88.333","min","292.123","μmol/L","Humid","18.330","deg","55621","µV","24.037","°C","1017.000","hPa","34.9","pmil","0","55.710","deg","20.000","°C","100.000","%a.s.","22.780","deg","20.000","°C","969.000","hPa","0.82","-0.015","0.00036","-0.00014","0","10","Humid","58.27","1","2500.00","296977.93","SADF0001000082","ABF0.1.0.10","4.0.0.2393","PSt7-10","250224-007","7/27/2025 6:28:56 PM","0000-00","0","no battery","V","","µV","","µV"
"03/05/2026","14:44:21","2","default","813736599","OXY_06","88.367","min","292.119","μmol/L","Humid","18.332","deg","55618","µV","24.030","°C","1017.000","hPa","34.9","pmil","0","55.710","deg","20.000","°C","100.000","%a.s.","22.780","deg","20.000","°C","969.000","hPa","0.82","-0.015","0.00036","-0.00014","0","10","Humid","58.27","1","2500.00","296987.34","SADF0001000082","ABF0.1.0.10","4.0.0.2393","PSt7-10","250224-007","7/27/2025 6:28:56 PM","0000-00","0","no battery","V","","µV","","µV"
"03/05/2026","14:44:23","2","default","813736599","OXY_06","88.400","min","292.150","μmol/L","Humid","18.329","deg","55608","µV","24.037","°C","1017.000","hPa","34.9","pmil","0","55.710","deg","20.000","°C","100.000","%a.s.","22.780","deg","20.000","°C","969.000","hPa","0.82","-0.015","0.00036","-0.00014","0","10","Humid","58.27","1","2500.00","296982.69","SADF0001000082","ABF0.1.0.10","4.0.0.2393","PSt7-10","250224-007","7/27/2025 6:28:56 PM","0000-00","0","no battery","V","","µV","","µV"
"03/05/2026","14:44:25","2","default","813736599","OXY_06","88.433","min","292.239","μmol/L","Humid","18.322","deg","55599","µV","24.049","°C","1017.000","hPa","34.9","pmil","0","55.710","deg","20.000","°C","100.000","%a.s.","22.780","deg","20.000","°C","969.000","hPa","0.82","-0.015","0.00036","-0.00014","0","10","Humid","58.27","1","2500.00","296989.17","SADF0001000082","ABF0.1.0.10","4.0.0.2393","PSt7-10","250224-007","7/27/2025 6:28:56 PM","0000-00","0","no battery","V","","µV","","µV"
"03/05/2026","14:44:27","2","default","813736599","OXY_06","88.466","min","292.284","μmol/L","Humid","18.326","deg","55586","µV","24.030","°C","1017.000","hPa","34.9","pmil","0","55.710","deg","20.000","°C","100.000","%a.s.","22.780","deg","20.000","°C","969.000","hPa","0.82","-0.015","0.00036","-0.00014","0","10","Humid","58.27","1","2500.00","296981.13","SADF0001000082","ABF0.1.0.10","4.0.0.2393","PSt7-10","250224-007","7/27/2025 6:28:56 PM","0000-00","0","no battery","V","","µV","","µV"
"03/05/2026","14:44:29","2","default","813736599","OXY_06","88.500","min","292.366","μmol/L","Humid","18.323","deg","55583","µV","24.030","°C","1017.000","hPa","34.9","pmil","0","55.710","deg","20.000","°C","100.000","%a.s.","22.780","deg","20.000","°C","969.000","hPa","0.82","-0.015","0.00036","-0.00014","0","10","Humid","58.27","1","2500.00","296987.97","SADF0001000082","ABF0.1.0.10","4.0.0.2393","PSt7-10","250224-007","7/27/2025 6:28:56 PM","0000-00","0","no battery","V","","µV","","µV"
"03/05/2026","14:44:31","2","default","813736599","OXY_06","88.534","min","292.476","μmol/L","Humid","18.319","deg","55581","µV","24.030","°C","1017.000","hPa","34.9","pmil","0","55.710","deg","20.000","°C","100.000","%a.s.","22.780","deg","20.000","°C","969.000","hPa","0.82","-0.015","0.00036","-0.00014","0","10","Humid","58.27","1","2500.00","296981.48","SADF0001000082","ABF0.1.0.10","4.0.0.2393","PSt7-10","250224-007","7/27/2025 6:28:56 PM","0000-00","0","no battery","V","","µV","","µV"
"03/05/2026","14:44:33","2","default","813736599","OXY_06","88.566","min","292.428","μmol/L","Humid","18.317","deg","55573","µV","24.043","°C","1017.000","hPa","34.9","pmil","0","55.710","deg","20.000","°C","100.000","%a.s.","22.780","deg","20.000","°C","969.000","hPa","0.82","-0.015","0.00036","-0.00014","0","10","Humid","58.27","1","2500.00","296986.81","SADF0001000082","ABF0.1.0.10","4.0.0.2393","PSt7-10","250224-007","7/27/2025 6:28:56 PM","0000-00","0","no battery","V","","µV","","µV"
"03/05/2026","14:44:35","2","default","813736599","OXY_06","88.600","min","292.534","μmol/L","Humid","18.315","deg","55563","µV","24.037","°C","1017.000","hPa","34.9","pmil","0","55.710","deg","20.000","°C","100.000","%a.s.","22.780","deg","20.000","°C","969.000","hPa","0.82","-0.015","0.00036","-0.00014","0","10","Humid","58.27","1","2500.00","296983.62","SADF0001000082","ABF0.1.0.10","4.0.0.2393","PSt7-10","250224-007","7/27/2025 6:28:56 PM","0000-00","0","no battery","V","","µV","","µV"
"03/05/2026","14:44:37","2","default","813736599","OXY_06","88.634","min","292.602","μmol/L","Humid","18.320","deg","55559","µV","24.012","°C","1017.000","hPa","34.9","pmil","0","55.710","deg","20.000","°C","100.000","%a.s.","22.780","deg","20.000","°C","969.000","hPa","0.82","-0.015","0.00036","-0.00014","0","10","Humid","58.27","1","2500.00","296993.40","SADF0001000082","ABF0.1.0.10","4.0.0.2393","PSt7-10","250224-007","7/27/2025 6:28:56 PM","0000-00","0","no battery","V","","µV","","µV"
"03/05/2026","14:44:39","2","default","813736599","OXY_06","88.666","min","292.620","μmol/L","Humid","18.310","deg","55557","µV","24.043","°C","1017.000","hPa","34.9","pmil","0","55.710","deg","20.000","°C","100.000","%a.s.","22.780","deg","20.000","°C","969.000","hPa","0.82","-0.015","0.00036","-0.00014","0","10","Humid","58.27","1","2500.00","296979.82","SADF0001000082","ABF0.1.0.10","4.0.0.2393","PSt7-10","250224-007","7/27/2025 6:28:56 PM","0000-00","0","no battery","V","","µV","","µV"
"03/05/2026","14:44:41","2","default","813736599","OXY_06","88.700","min","292.719","μmol/L","Humid","18.312","deg","55543","µV","24.024","°C","1017.000","hPa","34.9","pmil","0","55.710","deg","20.000","°C","100.000","%a.s.","22.780","deg","20.000","°C","969.000","hPa","0.82","-0.015","0.00036","-0.00014","0","10","Humid","58.27","1","2500.00","296988.36","SADF0001000082","ABF0.1.0.10","4.0.0.2393","PSt7-10","250224-007","7/27/2025 6:28:56 PM","0000-00","0","no battery","V","","µV","","µV"
"03/05/2026","14:44:43","2","default","813736599","OXY_06","88.733","min","292.935","μmol/L","Humid","18.306","deg","55533","µV","24.018","°C","1017.000","hPa","34.9","pmil","0","55.710","deg","20.000","°C","100.000","%a.s.","22.780","deg","20.000","°C","969.000","hPa","0.82","-0.015","0.00036","-0.00014","0","10","Humid","58.27","1","2500.00","296983.70","SADF0001000082","ABF0.1.0.10","4.0.0.2393","PSt7-10","250224-007","7/27/2025 6:28:56 PM","0000-00","0","no battery","V","","µV","","µV"
"03/05/2026","14:44:45","2","default","813736599","OXY_06","88.767","min","292.805","μmol/L","Humid","18.307","deg","55530","µV","24.030","°C","1017.000","hPa","34.9","pmil","0","55.710","deg","20.000","°C","100.000","%a.s.","22.780","deg","20.000","°C","969.000","hPa","0.82","-0.015","0.00036","-0.00014","0","10","Humid","58.27","1","2500.00","296977.52","SADF0001000082","ABF0.1.0.10","4.0.0.2393","PSt7-10","250224-007","7/27/2025 6:28:56 PM","0000-00","0","no battery","V","","µV","","µV"
"03/05/2026","14:44:47","2","default","813736599","OXY_06","88.799","min","292.860","μmol/L","Humid","18.305","deg","55517","µV","24.030","°C","1017.000","hPa","34.9","pmil","0","55.710","deg","20.000","°C","100.000","%a.s.","22.780","deg","20.000","°C","969.000","hPa","0.82","-0.015","0.00036","-0.00014","0","10","Humid","58.27","1","2500.00","296967.36","SADF0001000082","ABF0.1.0.10","4.0.0.2393","PSt7-10","250224-007","7/27/2025 6:28:56 PM","0000-00","0","no battery","V","","µV","","µV"
"03/05/2026","14:44:49","2","default","813736599","OXY_06","88.833","min","292.911","μmol/L","Humid","18.305","deg","55510","µV","24.024","°C","1017.000","hPa","34.9","pmil","0","55.710","deg","20.000","°C","100.000","%a.s.","22.780","deg","20.000","°C","969.000","hPa","0.82","-0.015","0.00036","-0.00014","0","10","Humid","58.27","1","2500.00","296976.08","SADF0001000082","ABF0.1.0.10","4.0.0.2393","PSt7-10","250224-007","7/27/2025 6:28:56 PM","0000-00","0","no battery","V","","µV","","µV"
"03/05/2026","14:44:51","2","default","813736599","OXY_06","88.867","min","292.726","μmol/L","Humid","18.308","deg","55505","µV","24.037","°C","1017.000","hPa","34.9","pmil","0","55.710","deg","20.000","°C","100.000","%a.s.","22.780","deg","20.000","°C","969.000","hPa","0.82","-0.015","0.00036","-0.00014","0","10","Humid","58.27","1","2500.00","296978.73","SADF0001000082","ABF0.1.0.10","4.0.0.2393","PSt7-10","250224-007","7/27/2025 6:28:56 PM","0000-00","0","no battery","V","","µV","","µV"
"03/05/2026","14:44:53","2","default","813736599","OXY_06","88.900","min","292.867","μmol/L","Humid","18.301","deg","55501","µV","24.043","°C","1017.000","hPa","34.9","pmil","0","55.710","deg","20.000","°C","100.000","%a.s.","22.780","deg","20.000","°C","969.000","hPa","0.82","-0.015","0.00036","-0.00014","0","10","Humid","58.27","1","2500.00","296975.60","SADF0001000082","ABF0.1.0.10","4.0.0.2393","PSt7-10","250224-007","7/27/2025 6:28:56 PM","0000-00","0","no battery","V","","µV","","µV"
"03/05/2026","14:44:55","2","default","813736599","OXY_06","88.933","min","293.104","μmol/L","Humid","18.298","deg","55492","µV","24.024","°C","1017.000","hPa","34.9","pmil","0","55.710","deg","20.000","°C","100.000","%a.s.","22.780","deg","20.000","°C","969.000","hPa","0.82","-0.015","0.00036","-0.00014","0","10","Humid","58.27","1","2500.00","296989.42","SADF0001000082","ABF0.1.0.10","4.0.0.2393","PSt7-10","250224-007","7/27/2025 6:28:56 PM","0000-00","0","no battery","V","","µV","","µV"
"03/05/2026","14:44:57","2","default","813736599","OXY_06","88.966","min","293.166","μmol/L","Humid","18.292","deg","55474","µV","24.037","°C","1017.000","hPa","34.9","pmil","0","55.710","deg","20.000","°C","100.000","%a.s.","22.780","deg","20.000","°C","969.000","hPa","0.82","-0.015","0.00036","-0.00014","0","10","Humid","58.27","1","2500.00","296969.34","SADF0001000082","ABF0.1.0.10","4.0.0.2393","PSt7-10","250224-007","7/27/2025 6:28:56 PM","0000-00","0","no battery","V","","µV","","µV"
"03/05/2026","14:44:59","2","default","813736599","OXY_06","89.000","min","293.218","μmol/L","Humid","18.292","deg","55472","µV","24.030","°C","1017.000","hPa","34.9","pmil","0","55.710","deg","20.000","°C","100.000","%a.s.","22.780","deg","20.000","°C","969.000","hPa","0.82","-0.015","0.00036","-0.00014","0","10","Humid","58.27","1","2500.00","296971.26","SADF0001000082","ABF0.1.0.10","4.0.0.2393","PSt7-10","250224-007","7/27/2025 6:28:56 PM","0000-00","0","no battery","V","","µV","","µV"
"03/05/2026","14:45:01","2","default","813736599","OXY_06","89.034","min","293.414","μmol/L","Humid","18.283","deg","55465","µV","24.037","°C","1017.000","hPa","34.9","pmil","0","55.710","deg","20.000","°C","100.000","%a.s.","22.780","deg","20.000","°C","969.000","hPa","0.82","-0.015","0.00036","-0.00014","0","10","Humid","58.27","1","2500.00","296970.29","SADF0001000082","ABF0.1.0.10","4.0.0.2393","PSt7-10","250224-007","7/27/2025 6:28:56 PM","0000-00","0","no battery","V","","µV","","µV"
"03/05/2026","14:45:03","2","default","813736599","OXY_06","89.066","min","293.142","μmol/L","Humid","18.291","deg","55455","µV","24.043","°C","1017.000","hPa","34.9","pmil","0","55.710","deg","20.000","°C","100.000","%a.s.","22.780","deg","20.000","°C","969.000","hPa","0.82","-0.015","0.00036","-0.00014","0","10","Humid","58.27","1","2500.00","296980.40","SADF0001000082","ABF0.1.0.10","4.0.0.2393","PSt7-10","250224-007","7/27/2025 6:28:56 PM","0000-00","0","no battery","V","","µV","","µV"
"03/05/2026","14:45:05","2","default","813736599","OXY_06","89.100","min","293.497","μmol/L","Humid","18.280","deg","55460","µV","24.037","°C","1017.000","hPa","34.9","pmil","0","55.710","deg","20.000","°C","100.000","%a.s.","22.780","deg","20.000","°C","969.000","hPa","0.82","-0.015","0.00036","-0.00014","0","10","Humid","58.27","1","2500.00","296976.22","SADF0001000082","ABF0.1.0.10","4.0.0.2393","PSt7-10","250224-007","7/27/2025 6:28:56 PM","0000-00","0","no battery","V","","µV","","µV"
"03/05/2026","14:45:07","2","default","813736599","OXY_06","89.133","min","293.417","μmol/L","Humid","18.281","deg","55440","µV","24.043","°C","1017.000","hPa","34.9","pmil","0","55.710","deg","20.000","°C","100.000","%a.s.","22.780","deg","20.000","°C","969.000","hPa","0.82","-0.015","0.00036","-0.00014","0","10","Humid","58.27","1","2500.00","296967.62","SADF0001000082","ABF0.1.0.10","4.0.0.2393","PSt7-10","250224-007","7/27/2025 6:28:56 PM","0000-00","0","no battery","V","","µV","","µV"
"03/05/2026","14:45:09","2","default","813736599","OXY_06","89.167","min","293.497","μmol/L","Humid","18.280","deg","55435","µV","24.037","°C","1017.000","hPa","34.9","pmil","0","55.710","deg","20.000","°C","100.000","%a.s.","22.780","deg","20.000","°C","969.000","hPa","0.82","-0.015","0.00036","-0.00014","0","10","Humid","58.27","1","2500.00","296977.34","SADF0001000082","ABF0.1.0.10","4.0.0.2393","PSt7-10","250224-007","7/27/2025 6:28:56 PM","0000-00","0","no battery","V","","µV","","µV"
"03/05/2026","14:45:11","2","default","813736599","OXY_06","89.199","min","293.497","μmol/L","Humid","18.280","deg","55424","µV","24.037","°C","1017.000","hPa","34.9","pmil","0","55.710","deg","20.000","°C","100.000","%a.s.","22.780","deg","20.000","°C","969.000","hPa","0.82","-0.015","0.00036","-0.00014","0","10","Humid","58.27","1","2500.00","296961.52","SADF0001000082","ABF0.1.0.10","4.0.0.2393","PSt7-10","250224-007","7/27/2025 6:28:56 PM","0000-00","0","no battery","V","","µV","","µV"
"03/05/2026","14:45:13","2","default","813736599","OXY_06","89.233","min","293.627","μmol/L","Humid","18.279","deg","55418","µV","24.024","°C","1017.000","hPa","34.9","pmil","0","55.710","deg","20.000","°C","100.000","%a.s.","22.780","deg","20.000","°C","969.000","hPa","0.82","-0.015","0.00036","-0.00014","0","10","Humid","58.27","1","2500.00","296965.11","SADF0001000082","ABF0.1.0.10","4.0.0.2393","PSt7-10","250224-007","7/27/2025 6:28:56 PM","0000-00","0","no battery","V","","µV","","µV"
"03/05/2026","14:45:15","2","default","813736599","OXY_06","89.267","min","293.335","μmol/L","Humid","18.284","deg","55418","µV","24.043","°C","1017.000","hPa","34.9","pmil","0","55.710","deg","20.000","°C","100.000","%a.s.","22.780","deg","20.000","°C","969.000","hPa","0.82","-0.015","0.00036","-0.00014","0","10","Humid","58.27","1","2500.00","296961.09","SADF0001000082","ABF0.1.0.10","4.0.0.2393","PSt7-10","250224-007","7/27/2025 6:28:56 PM","0000-00","0","no battery","V","","µV","","µV"
"03/05/2026","14:45:17","2","default","813736599","OXY_06","89.300","min","293.507","μmol/L","Humid","18.274","deg","55407","µV","24.055","°C","1017.000","hPa","34.9","pmil","0","55.710","deg","20.000","°C","100.000","%a.s.","22.780","deg","20.000","°C","969.000","hPa","0.82","-0.015","0.00036","-0.00014","0","10","Humid","58.27","1","2500.00","296957.76","SADF0001000082","ABF0.1.0.10","4.0.0.2393","PSt7-10","250224-007","7/27/2025 6:28:56 PM","0000-00","0","no battery","V","","µV","","µV"
"03/05/2026","14:45:19","2","default","813736599","OXY_06","89.334","min","294.038","μmol/L","Humid","18.266","deg","55402","µV","24.018","°C","1017.000","hPa","34.9","pmil","0","55.710","deg","20.000","°C","100.000","%a.s.","22.780","deg","20.000","°C","969.000","hPa","0.82","-0.015","0.00036","-0.00014","0","10","Humid","58.27","1","2500.00","296964.57","SADF0001000082","ABF0.1.0.10","4.0.0.2393","PSt7-10","250224-007","7/27/2025 6:28:56 PM","0000-00","0","no battery","V","","µV","","µV"
"03/05/2026","14:45:21","2","default","813736599","OXY_06","89.366","min","293.804","μmol/L","Humid","18.267","deg","55388","µV","24.043","°C","1017.000","hPa","34.9","pmil","0","55.710","deg","20.000","°C","100.000","%a.s.","22.780","deg","20.000","°C","969.000","hPa","0.82","-0.015","0.00036","-0.00014","0","10","Humid","58.27","1","2500.00","296966.65","SADF0001000082","ABF0.1.0.10","4.0.0.2393","PSt7-10","250224-007","7/27/2025 6:28:56 PM","0000-00","0","no battery","V","","µV","","µV"
"03/05/2026","14:45:23","2","default","813736599","OXY_06","89.400","min","293.796","μmol/L","Humid","18.271","deg","55381","µV","24.030","°C","1017.000","hPa","34.9","pmil","0","55.710","deg","20.000","°C","100.000","%a.s.","22.780","deg","20.000","°C","969.000","hPa","0.82","-0.015","0.00036","-0.00014","0","10","Humid","58.27","1","2500.00","296971.65","SADF0001000082","ABF0.1.0.10","4.0.0.2393","PSt7-10","250224-007","7/27/2025 6:28:56 PM","0000-00","0","no battery","V","","µV","","µV"
"03/05/2026","14:45:25","2","default","813736599","OXY_06","89.433","min","294.041","μmol/L","Humid","18.264","deg","55376","µV","24.024","°C","1017.000","hPa","34.9","pmil","0","55.710","deg","20.000","°C","100.000","%a.s.","22.780","deg","20.000","°C","969.000","hPa","0.82","-0.015","0.00036","-0.00014","0","10","Humid","58.27","1","2500.00","296968.45","SADF0001000082","ABF0.1.0.10","4.0.0.2393","PSt7-10","250224-007","7/27/2025 6:28:56 PM","0000-00","0","no battery","V","","µV","","µV"
"03/05/2026","14:45:27","2","default","813736599","OXY_06","89.466","min","294.172","μmol/L","Humid","18.263","deg","55373","µV","24.012","°C","1017.000","hPa","34.9","pmil","0","55.710","deg","20.000","°C","100.000","%a.s.","22.780","deg","20.000","°C","969.000","hPa","0.82","-0.015","0.00036","-0.00014","0","10","Humid","58.27","1","2500.00","296976.38","SADF0001000082","ABF0.1.0.10","4.0.0.2393","PSt7-10","250224-007","7/27/2025 6:28:56 PM","0000-00","0","no battery","V","","µV","","µV"
"03/05/2026","14:45:29","2","default","813736599","OXY_06","89.500","min","294.290","μmol/L","Humid","18.255","deg","55368","µV","24.024","°C","1017.000","hPa","34.9","pmil","0","55.710","deg","20.000","°C","100.000","%a.s.","22.780","deg","20.000","°C","969.000","hPa","0.82","-0.015","0.00036","-0.00014","0","10","Humid","58.27","1","2500.00","296980.77","SADF0001000082","ABF0.1.0.10","4.0.0.2393","PSt7-10","250224-007","7/27/2025 6:28:56 PM","0000-00","0","no battery","V","","µV","","µV"
"03/05/2026","14:45:31","2","default","813736599","OXY_06","89.533","min","294.310","μmol/L","Humid","18.258","deg","55363","µV","24.012","°C","1017.000","hPa","34.9","pmil","0","55.710","deg","20.000","°C","100.000","%a.s.","22.780","deg","20.000","°C","969.000","hPa","0.82","-0.015","0.00036","-0.00014","0","10","Humid","58.27","1","2500.00","296969.91","SADF0001000082","ABF0.1.0.10","4.0.0.2393","PSt7-10","250224-007","7/27/2025 6:28:56 PM","0000-00","0","no battery","V","","µV","","µV"
"03/05/2026","14:45:33","2","default","813736599","OXY_06","89.567","min","294.179","μmol/L","Humid","18.259","deg","55348","µV","24.024","°C","1017.000","hPa","34.9","pmil","0","55.710","deg","20.000","°C","100.000","%a.s.","22.780","deg","20.000","°C","969.000","hPa","0.82","-0.015","0.00036","-0.00014","0","10","Humid","58.27","1","2500.00","296964.22","SADF0001000082","ABF0.1.0.10","4.0.0.2393","PSt7-10","250224-007","7/27/2025 6:28:56 PM","0000-00","0","no battery","V","","µV","","µV"
"03/05/2026","14:45:35","2","default","813736599","OXY_06","89.600","min","294.017","μmol/L","Humid","18.263","deg","55346","µV","24.030","°C","1017.000","hPa","34.9","pmil","0","55.710","deg","20.000","°C","100.000","%a.s.","22.780","deg","20.000","°C","969.000","hPa","0.82","-0.015","0.00036","-0.00014","0","10","Humid","58.27","1","2500.00","296976.41","SADF0001000082","ABF0.1.0.10","4.0.0.2393","PSt7-10","250224-007","7/27/2025 6:28:56 PM","0000-00","0","no battery","V","","µV","","µV"
"03/05/2026","14:45:37","2","default","813736599","OXY_06","89.633","min","294.163","μmol/L","Humid","18.254","deg","55340","µV","24.043","°C","1017.000","hPa","34.9","pmil","0","55.710","deg","20.000","°C","100.000","%a.s.","22.780","deg","20.000","°C","969.000","hPa","0.82","-0.015","0.00036","-0.00014","0","10","Humid","58.27","1","2500.00","296971.09","SADF0001000082","ABF0.1.0.10","4.0.0.2393","PSt7-10","250224-007","7/27/2025 6:28:56 PM","0000-00","0","no battery","V","","µV","","µV"
"03/05/2026","14:45:39","2","default","813736599","OXY_06","89.666","min","294.128","μmol/L","Humid","18.259","deg","55341","µV","24.030","°C","1017.000","hPa","34.9","pmil","0","55.710","deg","20.000","°C","100.000","%a.s.","22.780","deg","20.000","°C","969.000","hPa","0.82","-0.015","0.00036","-0.00014","0","10","Humid","58.27","1","2500.00","296969.68","SADF0001000082","ABF0.1.0.10","4.0.0.2393","PSt7-10","250224-007","7/27/2025 6:28:56 PM","0000-00","0","no battery","V","","µV","","µV"
"03/05/2026","14:45:41","2","default","813736599","OXY_06","89.700","min","294.242","μmol/L","Humid","18.253","deg","55329","µV","24.037","°C","1017.000","hPa","34.9","pmil","0","55.710","deg","20.000","°C","100.000","%a.s.","22.780","deg","20.000","°C","969.000","hPa","0.82","-0.015","0.00036","-0.00014","0","10","Humid","58.27","1","2500.00","296980.82","SADF0001000082","ABF0.1.0.10","4.0.0.2393","PSt7-10","250224-007","7/27/2025 6:28:56 PM","0000-00","0","no battery","V","","µV","","µV"
"03/05/2026","14:45:43","2","default","813736599","OXY_06","89.733","min","294.428","μmol/L","Humid","18.250","deg","55325","µV","24.024","°C","1017.000","hPa","34.9","pmil","0","55.710","deg","20.000","°C","100.000","%a.s.","22.780","deg","20.000","°C","969.000","hPa","0.82","-0.015","0.00036","-0.00014","0","10","Humid","58.27","1","2500.00","296975.83","SADF0001000082","ABF0.1.0.10","4.0.0.2393","PSt7-10","250224-007","7/27/2025 6:28:56 PM","0000-00","0","no battery","V","","µV","","µV"
"03/05/2026","14:45:45","2","default","813736599","OXY_06","89.766","min","294.301","μmol/L","Humid","18.249","deg","55314","µV","24.043","°C","1017.000","hPa","34.9","pmil","0","55.710","deg","20.000","°C","100.000","%a.s.","22.780","deg","20.000","°C","969.000","hPa","0.82","-0.015","0.00036","-0.00014","0","10","Humid","58.27","1","2500.00","296972.26","SADF0001000082","ABF0.1.0.10","4.0.0.2393","PSt7-10","250224-007","7/27/2025 6:28:56 PM","0000-00","0","no battery","V","","µV","","µV"
"03/05/2026","14:45:47","2","default","813736599","OXY_06","89.800","min","294.594","μmol/L","Humid","18.244","deg","55298","µV","24.024","°C","1017.000","hPa","34.9","pmil","0","55.710","deg","20.000","°C","100.000","%a.s.","22.780","deg","20.000","°C","969.000","hPa","0.82","-0.015","0.00036","-0.00014","0","10","Humid","58.27","1","2500.00","296975.96","SADF0001000082","ABF0.1.0.10","4.0.0.2393","PSt7-10","250224-007","7/27/2025 6:28:56 PM","0000-00","0","no battery","V","","µV","","µV"
"03/05/2026","14:45:49","2","default","813736599","OXY_06","89.833","min","294.484","μmol/L","Humid","18.248","deg","55307","µV","24.024","°C","1017.000","hPa","34.9","pmil","0","55.710","deg","20.000","°C","100.000","%a.s.","22.780","deg","20.000","°C","969.000","hPa","0.82","-0.015","0.00036","-0.00014","0","10","Humid","58.27","1","2500.00","296969.75","SADF0001000082","ABF0.1.0.10","4.0.0.2393","PSt7-10","250224-007","7/27/2025 6:28:56 PM","0000-00","0","no battery","V","","µV","","µV"
"03/05/2026","14:45:51","2","default","813736599","OXY_06","89.867","min","294.484","μmol/L","Humid","18.248","deg","55290","µV","24.024","°C","1017.000","hPa","34.9","pmil","0","55.710","deg","20.000","°C","100.000","%a.s.","22.780","deg","20.000","°C","969.000","hPa","0.82","-0.015","0.00036","-0.00014","0","10","Humid","58.27","1","2500.00","296974.84","SADF0001000082","ABF0.1.0.10","4.0.0.2393","PSt7-10","250224-007","7/27/2025 6:28:56 PM","0000-00","0","no battery","V","","µV","","µV"
"03/05/2026","14:45:53","2","default","813736599","OXY_06","89.900","min","294.578","μmol/L","Humid","18.239","deg","55287","µV","24.043","°C","1017.000","hPa","34.9","pmil","0","55.710","deg","20.000","°C","100.000","%a.s.","22.780","deg","20.000","°C","969.000","hPa","0.82","-0.015","0.00036","-0.00014","0","10","Humid","58.27","1","2500.00","296971.21","SADF0001000082","ABF0.1.0.10","4.0.0.2393","PSt7-10","250224-007","7/27/2025 6:28:56 PM","0000-00","0","no battery","V","","µV","","µV"
"03/05/2026","14:45:55","2","default","813736599","OXY_06","89.933","min","294.716","μmol/L","Humid","18.234","deg","55277","µV","24.043","°C","1017.000","hPa","34.9","pmil","0","55.710","deg","20.000","°C","100.000","%a.s.","22.780","deg","20.000","°C","969.000","hPa","0.82","-0.015","0.00036","-0.00014","0","10","Humid","58.27","1","2500.00","296972.47","SADF0001000082","ABF0.1.0.10","4.0.0.2393","PSt7-10","250224-007","7/27/2025 6:28:56 PM","0000-00","0","no battery","V","","µV","","µV"
"03/05/2026","14:45:57","2","default","813736599","OXY_06","89.967","min","294.705","μmol/L","Humid","18.240","deg","55273","µV","24.024","°C","1017.000","hPa","34.9","pmil","0","55.710","deg","20.000","°C","100.000","%a.s.","22.780","deg","20.000","°C","969.000","hPa","0.82","-0.015","0.00036","-0.00014","0","10","Humid","58.27","1","2500.00","296989.62","SADF0001000082","ABF0.1.0.10","4.0.0.2393","PSt7-10","250224-007","7/27/2025 6:28:56 PM","0000-00","0","no battery","V","","µV","","µV"
"03/05/2026","14:45:59","2","default","813736599","OXY_06","90.000","min","294.788","μmol/L","Humid","18.237","deg","55260","µV","24.024","°C","1017.000","hPa","34.9","pmil","0","55.710","deg","20.000","°C","100.000","%a.s.","22.780","deg","20.000","°C","969.000","hPa","0.82","-0.015","0.00036","-0.00014","0","10","Humid","58.27","1","2500.00","296976.90","SADF0001000082","ABF0.1.0.10","4.0.0.2393","PSt7-10","250224-007","7/27/2025 6:28:56 PM","0000-00","0","no battery","V","","µV","","µV"
"03/05/2026","14:46:01","2","default","813736599","OXY_06","90.033","min","295.010","μmol/L","Humid","18.229","deg","55255","µV","24.024","°C","1017.000","hPa","34.9","pmil","0","55.710","deg","20.000","°C","100.000","%a.s.","22.780","deg","20.000","°C","969.000","hPa","0.82","-0.015","0.00036","-0.00014","0","10","Humid","58.27","1","2500.00","296966.23","SADF0001000082","ABF0.1.0.10","4.0.0.2393","PSt7-10","250224-007","7/27/2025 6:28:56 PM","0000-00","0","no battery","V","","µV","","µV"
"03/05/2026","14:46:03","2","default","813736599","OXY_06","90.066","min","294.875","μmol/L","Humid","18.232","deg","55251","µV","24.030","°C","1017.000","hPa","34.9","pmil","0","55.710","deg","20.000","°C","100.000","%a.s.","22.780","deg","20.000","°C","969.000","hPa","0.82","-0.015","0.00036","-0.00014","0","10","Humid","58.27","1","2500.00","296970.76","SADF0001000082","ABF0.1.0.10","4.0.0.2393","PSt7-10","250224-007","7/27/2025 6:28:56 PM","0000-00","0","no battery","V","","µV","","µV"
"03/05/2026","14:46:05","2","default","813736599","OXY_06","90.100","min","294.903","μmol/L","Humid","18.231","deg","55239","µV","24.030","°C","1017.000","hPa","34.9","pmil","0","55.710","deg","20.000","°C","100.000","%a.s.","22.780","deg","20.000","°C","969.000","hPa","0.82","-0.015","0.00036","-0.00014","0","10","Humid","58.27","1","2500.00","296955.33","SADF0001000082","ABF0.1.0.10","4.0.0.2393","PSt7-10","250224-007","7/27/2025 6:28:56 PM","0000-00","0","no battery","V","","µV","","µV"
"03/05/2026","14:46:07","2","default","813736599","OXY_06","90.133","min","294.982","μmol/L","Humid","18.230","deg","55235","µV","24.024","°C","1017.000","hPa","34.9","pmil","0","55.710","deg","20.000","°C","100.000","%a.s.","22.780","deg","20.000","°C","969.000","hPa","0.82","-0.015","0.00036","-0.00014","0","10","Humid","58.27","1","2500.00","296956.21","SADF0001000082","ABF0.1.0.10","4.0.0.2393","PSt7-10","250224-007","7/27/2025 6:28:56 PM","0000-00","0","no battery","V","","µV","","µV"
"03/05/2026","14:46:09","2","default","813736599","OXY_06","90.166","min","295.018","μmol/L","Humid","18.225","deg","55234","µV","24.037","°C","1017.000","hPa","34.9","pmil","0","55.710","deg","20.000","°C","100.000","%a.s.","22.780","deg","20.000","°C","969.000","hPa","0.82","-0.015","0.00036","-0.00014","0","10","Humid","58.27","1","2500.00","296966.28","SADF0001000082","ABF0.1.0.10","4.0.0.2393","PSt7-10","250224-007","7/27/2025 6:28:56 PM","0000-00","0","no battery","V","","µV","","µV"
"03/05/2026","14:46:11","2","default","813736599","OXY_06","90.200","min","295.090","μmol/L","Humid","18.228","deg","55224","µV","24.018","°C","1017.000","hPa","34.9","pmil","0","55.710","deg","20.000","°C","100.000","%a.s.","22.780","deg","20.000","°C","969.000","hPa","0.82","-0.015","0.00036","-0.00014","0","10","Humid","58.27","1","2500.00","296965.18","SADF0001000082","ABF0.1.0.10","4.0.0.2393","PSt7-10","250224-007","7/27/2025 6:28:56 PM","0000-00","0","no battery","V","","µV","","µV"
"03/05/2026","14:46:13","2","default","813736599","OXY_06","90.233","min","295.101","μmol/L","Humid","18.222","deg","55217","µV","24.037","°C","1017.000","hPa","34.9","pmil","0","55.710","deg","20.000","°C","100.000","%a.s.","22.780","deg","20.000","°C","969.000","hPa","0.82","-0.015","0.00036","-0.00014","0","10","Humid","58.27","1","2500.00","296966.05","SADF0001000082","ABF0.1.0.10","4.0.0.2393","PSt7-10","250224-007","7/27/2025 6:28:56 PM","0000-00","0","no battery","V","","µV","","µV"
"03/05/2026","14:46:15","2","default","813736599","OXY_06","90.267","min","295.316","μmol/L","Humid","18.218","deg","55206","µV","24.024","°C","1017.000","hPa","34.9","pmil","0","55.710","deg","20.000","°C","100.000","%a.s.","22.780","deg","20.000","°C","969.000","hPa","0.82","-0.015","0.00036","-0.00014","0","10","Humid","58.27","1","2500.00","296961.87","SADF0001000082","ABF0.1.0.10","4.0.0.2393","PSt7-10","250224-007","7/27/2025 6:28:56 PM","0000-00","0","no battery","V","","µV","","µV"
"03/05/2026","14:46:17","2","default","813736599","OXY_06","90.300","min","295.486","μmol/L","Humid","18.210","deg","55199","µV","24.030","°C","1017.000","hPa","34.9","pmil","0","55.710","deg","20.000","°C","100.000","%a.s.","22.780","deg","20.000","°C","969.000","hPa","0.82","-0.015","0.00036","-0.00014","0","10","Humid","58.27","1","2500.00","296952.15","SADF0001000082","ABF0.1.0.10","4.0.0.2393","PSt7-10","250224-007","7/27/2025 6:28:56 PM","0000-00","0","no battery","V","","µV","","µV"
"03/05/2026","14:46:19","2","default","813736599","OXY_06","90.333","min","295.351","μmol/L","Humid","18.213","deg","55194","µV","24.037","°C","1017.000","hPa","34.9","pmil","0","55.710","deg","20.000","°C","100.000","%a.s.","22.780","deg","20.000","°C","969.000","hPa","0.82","-0.015","0.00036","-0.00014","0","10","Humid","58.27","1","2500.00","296976.96","SADF0001000082","ABF0.1.0.10","4.0.0.2393","PSt7-10","250224-007","7/27/2025 6:28:56 PM","0000-00","0","no battery","V","","µV","","µV"
"03/05/2026","14:46:21","2","default","813736599","OXY_06","90.367","min","295.414","μmol/L","Humid","18.207","deg","55189","µV","24.049","°C","1017.000","hPa","34.9","pmil","0","55.710","deg","20.000","°C","100.000","%a.s.","22.780","deg","20.000","°C","969.000","hPa","0.82","-0.015","0.00036","-0.00014","0","10","Humid","58.27","1","2500.00","296966.69","SADF0001000082","ABF0.1.0.10","4.0.0.2393","PSt7-10","250224-007","7/27/2025 6:28:56 PM","0000-00","0","no battery","V","","µV","","µV"
"03/05/2026","14:46:23","2","default","813736599","OXY_06","90.400","min","295.458","μmol/L","Humid","18.211","deg","55183","µV","24.030","°C","1017.000","hPa","34.9","pmil","0","55.710","deg","20.000","°C","100.000","%a.s.","22.780","deg","20.000","°C","969.000","hPa","0.82","-0.015","0.00036","-0.00014","0","10","Humid","58.27","1","2500.00","296971.96","SADF0001000082","ABF0.1.0.10","4.0.0.2393","PSt7-10","250224-007","7/27/2025 6:28:56 PM","0000-00","0","no battery","V","","µV","","µV"
"03/05/2026","14:46:25","2","default","813736599","OXY_06","90.433","min","295.410","μmol/L","Humid","18.209","deg","55178","µV","24.043","°C","1017.000","hPa","34.9","pmil","0","55.710","deg","20.000","°C","100.000","%a.s.","22.780","deg","20.000","°C","969.000","hPa","0.82","-0.015","0.00036","-0.00014","0","10","Humid","58.27","1","2500.00","296981.73","SADF0001000082","ABF0.1.0.10","4.0.0.2393","PSt7-10","250224-007","7/27/2025 6:28:56 PM","0000-00","0","no battery","V","","µV","","µV"
"03/05/2026","14:46:27","2","default","813736599","OXY_06","90.466","min","295.538","μmol/L","Humid","18.210","deg","55174","µV","24.024","°C","1017.000","hPa","34.9","pmil","0","55.710","deg","20.000","°C","100.000","%a.s.","22.780","deg","20.000","°C","969.000","hPa","0.82","-0.015","0.00036","-0.00014","0","10","Humid","58.27","1","2500.00","296954.41","SADF0001000082","ABF0.1.0.10","4.0.0.2393","PSt7-10","250224-007","7/27/2025 6:28:56 PM","0000-00","0","no battery","V","","µV","","µV"
"03/05/2026","14:46:29","2","default","813736599","OXY_06","90.500","min","295.757","μmol/L","Humid","18.204","deg","55164","µV","24.018","°C","1017.000","hPa","34.9","pmil","0","55.710","deg","20.000","°C","100.000","%a.s.","22.780","deg","20.000","°C","969.000","hPa","0.82","-0.015","0.00036","-0.00014","0","10","Humid","58.27","1","2500.00","296959.70","SADF0001000082","ABF0.1.0.10","4.0.0.2393","PSt7-10","250224-007","7/27/2025 6:28:56 PM","0000-00","0","no battery","V","","µV","","µV"
"03/05/2026","14:46:31","2","default","813736599","OXY_06","90.533","min","295.777","μmol/L","Humid","18.207","deg","55159","µV","24.006","°C","1017.000","hPa","34.9","pmil","0","55.710","deg","20.000","°C","100.000","%a.s.","22.780","deg","20.000","°C","969.000","hPa","0.82","-0.015","0.00036","-0.00014","0","10","Humid","58.27","1","2500.00","296967.62","SADF0001000082","ABF0.1.0.10","4.0.0.2393","PSt7-10","250224-007","7/27/2025 6:28:56 PM","0000-00","0","no battery","V","","µV","","µV"
"03/05/2026","14:46:33","2","default","813736599","OXY_06","90.566","min","295.462","μmol/L","Humid","18.209","deg","55158","µV","24.037","°C","1017.000","hPa","34.9","pmil","0","55.710","deg","20.000","°C","100.000","%a.s.","22.780","deg","20.000","°C","969.000","hPa","0.82","-0.015","0.00036","-0.00014","0","10","Humid","58.27","1","2500.00","296962.95","SADF0001000082","ABF0.1.0.10","4.0.0.2393","PSt7-10","250224-007","7/27/2025 6:28:56 PM","0000-00","0","no battery","V","","µV","","µV"
"03/05/2026","14:46:35","2","default","813736599","OXY_06","90.600","min","295.525","μmol/L","Humid","18.203","deg","55147","µV","24.049","°C","1017.000","hPa","34.9","pmil","0","55.710","deg","20.000","°C","100.000","%a.s.","22.780","deg","20.000","°C","969.000","hPa","0.82","-0.015","0.00036","-0.00014","0","10","Humid","58.27","1","2500.00","296960.02","SADF0001000082","ABF0.1.0.10","4.0.0.2393","PSt7-10","250224-007","7/27/2025 6:28:56 PM","0000-00","0","no battery","V","","µV","","µV"
"03/05/2026","14:46:37","2","default","813736599","OXY_06","90.633","min","295.792","μmol/L","Humid","18.199","deg","55144","µV","24.030","°C","1017.000","hPa","34.9","pmil","0","55.710","deg","20.000","°C","100.000","%a.s.","22.780","deg","20.000","°C","969.000","hPa","0.82","-0.015","0.00036","-0.00014","0","10","Humid","58.27","1","2500.00","296974.78","SADF0001000082","ABF0.1.0.10","4.0.0.2393","PSt7-10","250224-007","7/27/2025 6:28:56 PM","0000-00","0","no battery","V","","µV","","µV"
"03/05/2026","14:46:39","2","default","813736599","OXY_06","90.667","min","295.872","μmol/L","Humid","18.198","deg","55132","µV","24.024","°C","1017.000","hPa","34.9","pmil","0","55.710","deg","20.000","°C","100.000","%a.s.","22.780","deg","20.000","°C","969.000","hPa","0.82","-0.015","0.00036","-0.00014","0","10","Humid","58.27","1","2500.00","296965.82","SADF0001000082","ABF0.1.0.10","4.0.0.2393","PSt7-10","250224-007","7/27/2025 6:28:56 PM","0000-00","0","no battery","V","","µV","","µV"
"03/05/2026","14:46:41","2","default","813736599","OXY_06","90.700","min","295.896","μmol/L","Humid","18.199","deg","55129","µV","24.018","°C","1017.000","hPa","34.9","pmil","0","55.710","deg","20.000","°C","100.000","%a.s.","22.780","deg","20.000","°C","969.000","hPa","0.82","-0.015","0.00036","-0.00014","0","10","Humid","58.27","1","2500.00","296986.66","SADF0001000082","ABF0.1.0.10","4.0.0.2393","PSt7-10","250224-007","7/27/2025 6:28:56 PM","0000-00","0","no battery","V","","µV","","µV"
"03/05/2026","14:46:43","2","default","813736599","OXY_06","90.733","min","296.143","μmol/L","Humid","18.192","deg","55117","µV","24.012","°C","1017.000","hPa","34.9","pmil","0","55.710","deg","20.000","°C","100.000","%a.s.","22.780","deg","20.000","°C","969.000","hPa","0.82","-0.015","0.00036","-0.00014","0","10","Humid","58.27","1","2500.00","296977.65","SADF0001000082","ABF0.1.0.10","4.0.0.2393","PSt7-10","250224-007","7/27/2025 6:28:56 PM","0000-00","0","no battery","V","","µV","","µV"
"03/05/2026","14:46:45","2","default","813736599","OXY_06","90.767","min","295.827","μmol/L","Humid","18.194","deg","55113","µV","24.043","°C","1017.000","hPa","34.9","pmil","0","55.710","deg","20.000","°C","100.000","%a.s.","22.780","deg","20.000","°C","969.000","hPa","0.82","-0.015","0.00036","-0.00014","0","10","Humid","58.27","1","2500.00","296973.29","SADF0001000082","ABF0.1.0.10","4.0.0.2393","PSt7-10","250224-007","7/27/2025 6:28:56 PM","0000-00","0","no battery","V","","µV","","µV"
"03/05/2026","14:46:47","2","default","813736599","OXY_06","90.800","min","296.102","μmol/L","Humid","18.186","deg","55107","µV","24.037","°C","1017.000","hPa","34.9","pmil","0","55.710","deg","20.000","°C","100.000","%a.s.","22.780","deg","20.000","°C","969.000","hPa","0.82","-0.015","0.00036","-0.00014","0","10","Humid","58.27","1","2500.00","296961.84","SADF0001000082","ABF0.1.0.10","4.0.0.2393","PSt7-10","250224-007","7/27/2025 6:28:56 PM","0000-00","0","no battery","V","","µV","","µV"
"03/05/2026","14:46:49","2","default","813736599","OXY_06","90.833","min","296.158","μmol/L","Humid","18.184","deg","55101","µV","24.037","°C","1017.000","hPa","34.9","pmil","0","55.710","deg","20.000","°C","100.000","%a.s.","22.780","deg","20.000","°C","969.000","hPa","0.82","-0.015","0.00036","-0.00014","0","10","Humid","58.27","1","2500.00","296968.03","SADF0001000082","ABF0.1.0.10","4.0.0.2393","PSt7-10","250224-007","7/27/2025 6:28:56 PM","0000-00","0","no battery","V","","µV","","µV"
"03/05/2026","14:46:51","2","default","813736599","OXY_06","90.866","min","296.478","μmol/L","Humid","18.180","deg","55088","µV","24.012","°C","1017.000","hPa","34.9","pmil","0","55.710","deg","20.000","°C","100.000","%a.s.","22.780","deg","20.000","°C","969.000","hPa","0.82","-0.015","0.00036","-0.00014","0","10","Humid","58.27","1","2500.00","296965.64","SADF0001000082","ABF0.1.0.10","4.0.0.2393","PSt7-10","250224-007","7/27/2025 6:28:56 PM","0000-00","0","no battery","V","","µV","","µV"
"03/05/2026","14:46:53","2","default","813736599","OXY_06","90.900","min","296.326","μmol/L","Humid","18.178","deg","55079","µV","24.037","°C","1017.000","hPa","34.9","pmil","0","55.710","deg","20.000","°C","100.000","%a.s.","22.780","deg","20.000","°C","969.000","hPa","0.82","-0.015","0.00036","-0.00014","0","10","Humid","58.27","1","2500.00","296956.57","SADF0001000082","ABF0.1.0.10","4.0.0.2393","PSt7-10","250224-007","7/27/2025 6:28:56 PM","0000-00","0","no battery","V","","µV","","µV"
"03/05/2026","14:46:55","2","default","813736599","OXY_06","90.933","min","296.374","μmol/L","Humid","18.180","deg","55076","µV","24.024","°C","1017.000","hPa","34.9","pmil","0","55.710","deg","20.000","°C","100.000","%a.s.","22.780","deg","20.000","°C","969.000","hPa","0.82","-0.015","0.00036","-0.00014","0","10","Humid","58.27","1","2500.00","296960.39","SADF0001000082","ABF0.1.0.10","4.0.0.2393","PSt7-10","250224-007","7/27/2025 6:28:56 PM","0000-00","0","no battery","V","","µV","","µV"
"03/05/2026","14:46:57","2","default","813736599","OXY_06","90.967","min","296.433","μmol/L","Humid","18.176","deg","55070","µV","24.030","°C","1017.000","hPa","34.9","pmil","0","55.710","deg","20.000","°C","100.000","%a.s.","22.780","deg","20.000","°C","969.000","hPa","0.82","-0.015","0.00036","-0.00014","0","10","Humid","58.27","1","2500.00","296969.06","SADF0001000082","ABF0.1.0.10","4.0.0.2393","PSt7-10","250224-007","7/27/2025 6:28:56 PM","0000-00","0","no battery","V","","µV","","µV"
"03/05/2026","14:46:59","2","default","813736599","OXY_06","91.000","min","296.318","μmol/L","Humid","18.182","deg","55062","µV","24.024","°C","1017.000","hPa","34.9","pmil","0","55.710","deg","20.000","°C","100.000","%a.s.","22.780","deg","20.000","°C","969.000","hPa","0.82","-0.015","0.00036","-0.00014","0","10","Humid","58.27","1","2500.00","296968.94","SADF0001000082","ABF0.1.0.10","4.0.0.2393","PSt7-10","250224-007","7/27/2025 6:28:56 PM","0000-00","0","no battery","V","","µV","","µV"
"03/05/2026","14:47:01","2","default","813736599","OXY_06","91.033","min","296.242","μmol/L","Humid","18.181","deg","55054","µV","24.037","°C","1017.000","hPa","34.9","pmil","0","55.710","deg","20.000","°C","100.000","%a.s.","22.780","deg","20.000","°C","969.000","hPa","0.82","-0.015","0.00036","-0.00014","0","10","Humid","58.27","1","2500.00","296959.55","SADF0001000082","ABF0.1.0.10","4.0.0.2393","PSt7-10","250224-007","7/27/2025 6:28:56 PM","0000-00","0","no battery","V","","µV","","µV"
"03/05/2026","14:47:03","2","default","813736599","OXY_06","91.067","min","296.541","μmol/L","Humid","18.174","deg","55050","µV","24.024","°C","1017.000","hPa","34.9","pmil","0","55.710","deg","20.000","°C","100.000","%a.s.","22.780","deg","20.000","°C","969.000","hPa","0.82","-0.015","0.00036","-0.00014","0","10","Humid","58.27","1","2500.00","296965.52","SADF0001000082","ABF0.1.0.10","4.0.0.2393","PSt7-10","250224-007","7/27/2025 6:28:56 PM","0000-00","0","no battery","V","","µV","","µV"
"03/05/2026","14:47:05","2","default","813736599","OXY_06","91.100","min","296.569","μmol/L","Humid","18.173","deg","55041","µV","24.024","°C","1017.000","hPa","34.9","pmil","0","55.710","deg","20.000","°C","100.000","%a.s.","22.780","deg","20.000","°C","969.000","hPa","0.82","-0.015","0.00036","-0.00014","0","10","Humid","58.27","1","2500.00","296949.01","SADF0001000082","ABF0.1.0.10","4.0.0.2393","PSt7-10","250224-007","7/27/2025 6:28:56 PM","0000-00","0","no battery","V","","µV","","µV"
"03/05/2026","14:47:07","2","default","813736599","OXY_06","91.133","min","296.521","μmol/L","Humid","18.171","deg","55028","µV","24.037","°C","1017.000","hPa","34.9","pmil","0","55.710","deg","20.000","°C","100.000","%a.s.","22.780","deg","20.000","°C","969.000","hPa","0.82","-0.015","0.00036","-0.00014","0","10","Humid","58.27","1","2500.00","296962.41","SADF0001000082","ABF0.1.0.10","4.0.0.2393","PSt7-10","250224-007","7/27/2025 6:28:56 PM","0000-00","0","no battery","V","","µV","","µV"
"03/05/2026","14:47:09","2","default","813736599","OXY_06","91.167","min","296.745","μmol/L","Humid","18.163","deg","55027","µV","24.037","°C","1017.000","hPa","34.9","pmil","0","55.710","deg","20.000","°C","100.000","%a.s.","22.780","deg","20.000","°C","969.000","hPa","0.82","-0.015","0.00036","-0.00014","0","10","Humid","58.27","1","2500.00","296953.87","SADF0001000082","ABF0.1.0.10","4.0.0.2393","PSt7-10","250224-007","7/27/2025 6:28:56 PM","0000-00","0","no battery","V","","µV","","µV"
"03/05/2026","14:47:11","2","default","813736599","OXY_06","91.200","min","296.729","μmol/L","Humid","18.171","deg","55015","µV","24.012","°C","1017.000","hPa","34.9","pmil","0","55.710","deg","20.000","°C","100.000","%a.s.","22.780","deg","20.000","°C","969.000","hPa","0.82","-0.015","0.00036","-0.00014","0","10","Humid","58.27","1","2500.00","296959.61","SADF0001000082","ABF0.1.0.10","4.0.0.2393","PSt7-10","250224-007","7/27/2025 6:28:56 PM","0000-00","0","no battery","V","","µV","","µV"
"03/05/2026","14:47:13","2","default","813736599","OXY_06","91.233","min","296.765","μmol/L","Humid","18.166","deg","55005","µV","24.024","°C","1017.000","hPa","34.9","pmil","0","55.710","deg","20.000","°C","100.000","%a.s.","22.780","deg","20.000","°C","969.000","hPa","0.82","-0.015","0.00036","-0.00014","0","10","Humid","58.27","1","2500.00","296954.63","SADF0001000082","ABF0.1.0.10","4.0.0.2393","PSt7-10","250224-007","7/27/2025 6:28:56 PM","0000-00","0","no battery","V","","µV","","µV"
"03/05/2026","14:47:15","2","default","813736599","OXY_06","91.266","min","297.041","μmol/L","Humid","18.158","deg","55008","µV","24.018","°C","1017.000","hPa","34.9","pmil","0","55.710","deg","20.000","°C","100.000","%a.s.","22.780","deg","20.000","°C","969.000","hPa","0.82","-0.015","0.00036","-0.00014","0","10","Humid","58.27","1","2500.00","296968.08","SADF0001000082","ABF0.1.0.10","4.0.0.2393","PSt7-10","250224-007","7/27/2025 6:28:56 PM","0000-00","0","no battery","V","","µV","","µV"
"03/05/2026","14:47:17","2","default","813736599","OXY_06","91.300","min","296.821","μmol/L","Humid","18.164","deg","55000","µV","24.024","°C","1017.000","hPa","34.9","pmil","0","55.710","deg","20.000","°C","100.000","%a.s.","22.780","deg","20.000","°C","969.000","hPa","0.82","-0.015","0.00036","-0.00014","0","10","Humid","58.27","1","2500.00","296960.00","SADF0001000082","ABF0.1.0.10","4.0.0.2393","PSt7-10","250224-007","7/27/2025 6:28:56 PM","0000-00","0","no battery","V","","µV","","µV"
"03/05/2026","14:47:19","2","default","813736599","OXY_06","91.334","min","296.832","μmol/L","Humid","18.158","deg","54989","µV","24.043","°C","1017.000","hPa","34.9","pmil","0","55.710","deg","20.000","°C","100.000","%a.s.","22.780","deg","20.000","°C","969.000","hPa","0.82","-0.015","0.00036","-0.00014","0","10","Humid","58.27","1","2500.00","296966.86","SADF0001000082","ABF0.1.0.10","4.0.0.2393","PSt7-10","250224-007","7/27/2025 6:28:56 PM","0000-00","0","no battery","V","","µV","","µV"
"03/05/2026","14:47:21","2","default","813736599","OXY_06","91.366","min","297.161","μmol/L","Humid","18.150","deg","54984","µV","24.030","°C","1017.000","hPa","34.9","pmil","0","55.710","deg","20.000","°C","100.000","%a.s.","22.780","deg","20.000","°C","969.000","hPa","0.82","-0.015","0.00036","-0.00014","0","10","Humid","58.27","1","2500.00","296955.29","SADF0001000082","ABF0.1.0.10","4.0.0.2393","PSt7-10","250224-007","7/27/2025 6:28:56 PM","0000-00","0","no battery","V","","µV","","µV"
"03/05/2026","14:47:23","2","default","813736599","OXY_06","91.400","min","296.993","μmol/L","Humid","18.156","deg","54987","µV","24.030","°C","1017.000","hPa","34.9","pmil","0","55.710","deg","20.000","°C","100.000","%a.s.","22.780","deg","20.000","°C","969.000","hPa","0.82","-0.015","0.00036","-0.00014","0","10","Humid","58.27","1","2500.00","296960.93","SADF0001000082","ABF0.1.0.10","4.0.0.2393","PSt7-10","250224-007","7/27/2025 6:28:56 PM","0000-00","0","no battery","V","","µV","","µV"
"03/05/2026","14:47:25","2","default","813736599","OXY_06","91.433","min","297.065","μmol/L","Humid","18.159","deg","54970","µV","24.012","°C","1017.000","hPa","34.9","pmil","0","55.710","deg","20.000","°C","100.000","%a.s.","22.780","deg","20.000","°C","969.000","hPa","0.82","-0.015","0.00036","-0.00014","0","10","Humid","58.27","1","2500.00","296963.67","SADF0001000082","ABF0.1.0.10","4.0.0.2393","PSt7-10","250224-007","7/27/2025 6:28:56 PM","0000-00","0","no battery","V","","µV","","µV"
"03/05/2026","14:47:27","2","default","813736599","OXY_06","91.467","min","297.229","μmol/L","Humid","18.155","deg","54963","µV","24.006","°C","1017.000","hPa","34.9","pmil","0","55.710","deg","20.000","°C","100.000","%a.s.","22.780","deg","20.000","°C","969.000","hPa","0.82","-0.015","0.00036","-0.00014","0","10","Humid","58.27","1","2500.00","296957.29","SADF0001000082","ABF0.1.0.10","4.0.0.2393","PSt7-10","250224-007","7/27/2025 6:28:56 PM","0000-00","0","no battery","V","","µV","","µV"
"03/05/2026","14:47:29","2","default","813736599","OXY_06","91.500","min","297.136","μmol/L","Humid","18.149","deg","54958","µV","24.037","°C","1017.000","hPa","34.9","pmil","0","55.710","deg","20.000","°C","100.000","%a.s.","22.780","deg","20.000","°C","969.000","hPa","0.82","-0.015","0.00036","-0.00014","0","10","Humid","58.27","1","2500.00","296953.74","SADF0001000082","ABF0.1.0.10","4.0.0.2393","PSt7-10","250224-007","7/27/2025 6:28:56 PM","0000-00","0","no battery","V","","µV","","µV"
"03/05/2026","14:47:31","2","default","813736599","OXY_06","91.533","min","297.248","μmol/L","Humid","18.145","deg","54945","µV","24.037","°C","1017.000","hPa","34.9","pmil","0","55.710","deg","20.000","°C","100.000","%a.s.","22.780","deg","20.000","°C","969.000","hPa","0.82","-0.015","0.00036","-0.00014","0","10","Humid","58.27","1","2500.00","296964.85","SADF0001000082","ABF0.1.0.10","4.0.0.2393","PSt7-10","250224-007","7/27/2025 6:28:56 PM","0000-00","0","no battery","V","","µV","","µV"
"03/05/2026","14:47:33","2","default","813736599","OXY_06","91.567","min","297.276","μmol/L","Humid","18.144","deg","54950","µV","24.037","°C","1017.000","hPa","34.9","pmil","0","55.710","deg","20.000","°C","100.000","%a.s.","22.780","deg","20.000","°C","969.000","hPa","0.82","-0.015","0.00036","-0.00014","0","10","Humid","58.27","1","2500.00","296974.71","SADF0001000082","ABF0.1.0.10","4.0.0.2393","PSt7-10","250224-007","7/27/2025 6:28:56 PM","0000-00","0","no battery","V","","µV","","µV"
"03/05/2026","14:47:35","2","default","813736599","OXY_06","91.600","min","297.329","μmol/L","Humid","18.144","deg","54937","µV","24.030","°C","1017.000","hPa","34.9","pmil","0","55.710","deg","20.000","°C","100.000","%a.s.","22.780","deg","20.000","°C","969.000","hPa","0.82","-0.015","0.00036","-0.00014","0","10","Humid","58.27","1","2500.00","296972.58","SADF0001000082","ABF0.1.0.10","4.0.0.2393","PSt7-10","250224-007","7/27/2025 6:28:56 PM","0000-00","0","no battery","V","","µV","","µV"
"03/05/2026","14:47:37","2","default","813736599","OXY_06","91.633","min","297.541","μmol/L","Humid","18.142","deg","54924","µV","24.012","°C","1017.000","hPa","34.9","pmil","0","55.710","deg","20.000","°C","100.000","%a.s.","22.780","deg","20.000","°C","969.000","hPa","0.82","-0.015","0.00036","-0.00014","0","10","Humid","58.27","1","2500.00","296962.61","SADF0001000082","ABF0.1.0.10","4.0.0.2393","PSt7-10","250224-007","7/27/2025 6:28:56 PM","0000-00","0","no battery","V","","µV","","µV"
"03/05/2026","14:47:39","2","default","813736599","OXY_06","91.667","min","297.573","μmol/L","Humid","18.139","deg","54913","µV","24.018","°C","1017.000","hPa","34.9","pmil","0","55.710","deg","20.000","°C","100.000","%a.s.","22.780","deg","20.000","°C","969.000","hPa","0.82","-0.015","0.00036","-0.00014","0","10","Humid","58.27","1","2500.00","296966.95","SADF0001000082","ABF0.1.0.10","4.0.0.2393","PSt7-10","250224-007","7/27/2025 6:28:56 PM","0000-00","0","no battery","V","","µV","","µV"
"03/05/2026","14:47:41","2","default","813736599","OXY_06","91.700","min","297.449","μmol/L","Humid","18.136","deg","54910","µV","24.043","°C","1017.000","hPa","34.9","pmil","0","55.710","deg","20.000","°C","100.000","%a.s.","22.780","deg","20.000","°C","969.000","hPa","0.82","-0.015","0.00036","-0.00014","0","10","Humid","58.27","1","2500.00","296961.33","SADF0001000082","ABF0.1.0.10","4.0.0.2393","PSt7-10","250224-007","7/27/2025 6:28:56 PM","0000-00","0","no battery","V","","µV","","µV"
"03/05/2026","14:47:43","2","default","813736599","OXY_06","91.733","min","297.637","μmol/L","Humid","18.133","deg","54900","µV","24.030","°C","1017.000","hPa","34.9","pmil","0","55.710","deg","20.000","°C","100.000","%a.s.","22.780","deg","20.000","°C","969.000","hPa","0.82","-0.015","0.00036","-0.00014","0","10","Humid","58.27","1","2500.00","296954.03","SADF0001000082","ABF0.1.0.10","4.0.0.2393","PSt7-10","250224-007","7/27/2025 6:28:56 PM","0000-00","0","no battery","V","","µV","","µV"
"03/05/2026","14:47:45","2","default","813736599","OXY_06","91.766","min","297.850","μmol/L","Humid","18.131","deg","54887","µV","24.012","°C","1017.000","hPa","34.9","pmil","0","55.710","deg","20.000","°C","100.000","%a.s.","22.780","deg","20.000","°C","969.000","hPa","0.82","-0.015","0.00036","-0.00014","0","10","Humid","58.27","1","2500.00","296957.53","SADF0001000082","ABF0.1.0.10","4.0.0.2393","PSt7-10","250224-007","7/27/2025 6:28:56 PM","0000-00","0","no battery","V","","µV","","µV"
"03/05/2026","14:47:47","2","default","813736599","OXY_06","91.800","min","297.665","μmol/L","Humid","18.132","deg","54892","µV","24.030","°C","1017.000","hPa","34.9","pmil","0","55.710","deg","20.000","°C","100.000","%a.s.","22.780","deg","20.000","°C","969.000","hPa","0.82","-0.015","0.00036","-0.00014","0","10","Humid","58.27","1","2500.00","296965.03","SADF0001000082","ABF0.1.0.10","4.0.0.2393","PSt7-10","250224-007","7/27/2025 6:28:56 PM","0000-00","0","no battery","V","","µV","","µV"
"03/05/2026","14:47:49","2","default","813736599","OXY_06","91.833","min","297.850","μmol/L","Humid","18.131","deg","54876","µV","24.012","°C","1017.000","hPa","34.9","pmil","0","55.710","deg","20.000","°C","100.000","%a.s.","22.780","deg","20.000","°C","969.000","hPa","0.82","-0.015","0.00036","-0.00014","0","10","Humid","58.27","1","2500.00","296949.79","SADF0001000082","ABF0.1.0.10","4.0.0.2393","PSt7-10","250224-007","7/27/2025 6:28:56 PM","0000-00","0","no battery","V","","µV","","µV"
"03/05/2026","14:47:51","2","default","813736599","OXY_06","91.867","min","297.834","μmol/L","Humid","18.126","deg","54866","µV","24.030","°C","1017.000","hPa","34.9","pmil","0","55.710","deg","20.000","°C","100.000","%a.s.","22.780","deg","20.000","°C","969.000","hPa","0.82","-0.015","0.00036","-0.00014","0","10","Humid","58.27","1","2500.00","296956.79","SADF0001000082","ABF0.1.0.10","4.0.0.2393","PSt7-10","250224-007","7/27/2025 6:28:56 PM","0000-00","0","no battery","V","","µV","","µV"
"03/05/2026","14:47:53","2","default","813736599","OXY_06","91.900","min","297.914","μmol/L","Humid","18.125","deg","54864","µV","24.024","°C","1017.000","hPa","34.9","pmil","0","55.710","deg","20.000","°C","100.000","%a.s.","22.780","deg","20.000","°C","969.000","hPa","0.82","-0.015","0.00036","-0.00014","0","10","Humid","58.27","1","2500.00","296946.93","SADF0001000082","ABF0.1.0.10","4.0.0.2393","PSt7-10","250224-007","7/27/2025 6:28:56 PM","0000-00","0","no battery","V","","µV","","µV"
"03/05/2026","14:47:55","2","default","813736599","OXY_06","91.933","min","297.942","μmol/L","Humid","18.124","deg","54849","µV","24.024","°C","1017.000","hPa","34.9","pmil","0","55.710","deg","20.000","°C","100.000","%a.s.","22.780","deg","20.000","°C","969.000","hPa","0.82","-0.015","0.00036","-0.00014","0","10","Humid","58.27","1","2500.00","296954.56","SADF0001000082","ABF0.1.0.10","4.0.0.2393","PSt7-10","250224-007","7/27/2025 6:28:56 PM","0000-00","0","no battery","V","","µV","","µV"
"03/05/2026","14:47:57","2","default","813736599","OXY_06","91.967","min","298.115","μmol/L","Humid","18.116","deg","54844","µV","24.030","°C","1017.000","hPa","34.9","pmil","0","55.710","deg","20.000","°C","100.000","%a.s.","22.780","deg","20.000","°C","969.000","hPa","0.82","-0.015","0.00036","-0.00014","0","10","Humid","58.27","1","2500.00","296957.51","SADF0001000082","ABF0.1.0.10","4.0.0.2393","PSt7-10","250224-007","7/27/2025 6:28:56 PM","0000-00","0","no battery","V","","µV","","µV"
"03/05/2026","14:47:59","2","default","813736599","OXY_06","92.000","min","297.999","μmol/L","Humid","18.122","deg","54839","µV","24.024","°C","1017.000","hPa","34.9","pmil","0","55.710","deg","20.000","°C","100.000","%a.s.","22.780","deg","20.000","°C","969.000","hPa","0.82","-0.015","0.00036","-0.00014","0","10","Humid","58.27","1","2500.00","296943.52","SADF0001000082","ABF0.1.0.10","4.0.0.2393","PSt7-10","250224-007","7/27/2025 6:28:56 PM","0000-00","0","no battery","V","","µV","","µV"
"03/05/2026","14:48:01","2","default","813736599","OXY_06","92.033","min","298.171","μmol/L","Humid","18.114","deg","54828","µV","24.030","°C","1017.000","hPa","34.9","pmil","0","55.710","deg","20.000","°C","100.000","%a.s.","22.780","deg","20.000","°C","969.000","hPa","0.82","-0.015","0.00036","-0.00014","0","10","Humid","58.27","1","2500.00","296963.98","SADF0001000082","ABF0.1.0.10","4.0.0.2393","PSt7-10","250224-007","7/27/2025 6:28:56 PM","0000-00","0","no battery","V","","µV","","µV"
"03/05/2026","14:48:03","2","default","813736599","OXY_06","92.066","min","298.031","μmol/L","Humid","18.119","deg","54825","µV","24.030","°C","1017.000","hPa","34.9","pmil","0","55.710","deg","20.000","°C","100.000","%a.s.","22.780","deg","20.000","°C","969.000","hPa","0.82","-0.015","0.00036","-0.00014","0","10","Humid","58.27","1","2500.00","296965.13","SADF0001000082","ABF0.1.0.10","4.0.0.2393","PSt7-10","250224-007","7/27/2025 6:28:56 PM","0000-00","0","no battery","V","","µV","","µV"
"03/05/2026","14:48:05","2","default","813736599","OXY_06","92.100","min","298.280","μmol/L","Humid","18.112","deg","54818","µV","24.024","°C","1017.000","hPa","34.9","pmil","0","55.710","deg","20.000","°C","100.000","%a.s.","22.780","deg","20.000","°C","969.000","hPa","0.82","-0.015","0.00036","-0.00014","0","10","Humid","58.27","1","2500.00","296961.09","SADF0001000082","ABF0.1.0.10","4.0.0.2393","PSt7-10","250224-007","7/27/2025 6:28:56 PM","0000-00","0","no battery","V","","µV","","µV"
"03/05/2026","14:48:07","2","default","813736599","OXY_06","92.134","min","298.360","μmol/L","Humid","18.111","deg","54820","µV","24.018","°C","1017.000","hPa","34.9","pmil","0","55.710","deg","20.000","°C","100.000","%a.s.","22.780","deg","20.000","°C","969.000","hPa","0.82","-0.015","0.00036","-0.00014","0","10","Humid","58.27","1","2500.00","296956.71","SADF0001000082","ABF0.1.0.10","4.0.0.2393","PSt7-10","250224-007","7/27/2025 6:28:56 PM","0000-00","0","no battery","V","","µV","","µV"
"03/05/2026","14:48:09","2","default","813736599","OXY_06","92.166","min","298.505","μmol/L","Humid","18.104","deg","54815","µV","24.024","°C","1017.000","hPa","34.9","pmil","0","55.710","deg","20.000","°C","100.000","%a.s.","22.780","deg","20.000","°C","969.000","hPa","0.82","-0.015","0.00036","-0.00014","0","10","Humid","58.27","1","2500.00","296952.63","SADF0001000082","ABF0.1.0.10","4.0.0.2393","PSt7-10","250224-007","7/27/2025 6:28:56 PM","0000-00","0","no battery","V","","µV","","µV"
"03/05/2026","14:48:11","2","default","813736599","OXY_06","92.200","min","298.565","μmol/L","Humid","18.100","deg","54813","µV","24.030","°C","1017.000","hPa","34.9","pmil","0","55.710","deg","20.000","°C","100.000","%a.s.","22.780","deg","20.000","°C","969.000","hPa","0.82","-0.015","0.00036","-0.00014","0","10","Humid","58.27","1","2500.00","296955.56","SADF0001000082","ABF0.1.0.10","4.0.0.2393","PSt7-10","250224-007","7/27/2025 6:28:56 PM","0000-00","0","no battery","V","","µV","","µV"
"03/05/2026","14:48:13","2","default","813736599","OXY_06","92.233","min","298.368","μmol/L","Humid","18.107","deg","54805","µV","24.030","°C","1017.000","hPa","34.9","pmil","0","55.710","deg","20.000","°C","100.000","%a.s.","22.780","deg","20.000","°C","969.000","hPa","0.82","-0.015","0.00036","-0.00014","0","10","Humid","58.27","1","2500.00","296946.18","SADF0001000082","ABF0.1.0.10","4.0.0.2393","PSt7-10","250224-007","7/27/2025 6:28:56 PM","0000-00","0","no battery","V","","µV","","µV"
"03/05/2026","14:48:15","2","default","813736599","OXY_06","92.267","min","298.807","μmol/L","Humid","18.097","deg","54800","µV","24.012","°C","1017.000","hPa","34.9","pmil","0","55.710","deg","20.000","°C","100.000","%a.s.","22.780","deg","20.000","°C","969.000","hPa","0.82","-0.015","0.00036","-0.00014","0","10","Humid","58.27","1","2500.00","296963.12","SADF0001000082","ABF0.1.0.10","4.0.0.2393","PSt7-10","250224-007","7/27/2025 6:28:56 PM","0000-00","0","no battery","V","","µV","","µV"
"03/05/2026","14:48:17","2","default","813736599","OXY_06","92.300","min","298.449","μmol/L","Humid","18.106","deg","54786","µV","24.024","°C","1017.000","hPa","34.9","pmil","0","55.710","deg","20.000","°C","100.000","%a.s.","22.780","deg","20.000","°C","969.000","hPa","0.82","-0.015","0.00036","-0.00014","0","10","Humid","58.27","1","2500.00","296950.58","SADF0001000082","ABF0.1.0.10","4.0.0.2393","PSt7-10","250224-007","7/27/2025 6:28:56 PM","0000-00","0","no battery","V","","µV","","µV"
"03/05/2026","14:48:19","2","default","813736599","OXY_06","92.333","min","298.594","μmol/L","Humid","18.099","deg","54777","µV","24.030","°C","1017.000","hPa","34.9","pmil","0","55.710","deg","20.000","°C","100.000","%a.s.","22.780","deg","20.000","°C","969.000","hPa","0.82","-0.015","0.00036","-0.00014","0","10","Humid","58.27","1","2500.00","296952.06","SADF0001000082","ABF0.1.0.10","4.0.0.2393","PSt7-10","250224-007","7/27/2025 6:28:56 PM","0000-00","0","no battery","V","","µV","","µV"
"03/05/2026","14:48:21","2","default","813736599","OXY_06","92.367","min","298.892","μmol/L","Humid","18.094","deg","54777","µV","24.012","°C","1017.000","hPa","34.9","pmil","0","55.710","deg","20.000","°C","100.000","%a.s.","22.780","deg","20.000","°C","969.000","hPa","0.82","-0.015","0.00036","-0.00014","0","10","Humid","58.27","1","2500.00","296953.21","SADF0001000082","ABF0.1.0.10","4.0.0.2393","PSt7-10","250224-007","7/27/2025 6:28:56 PM","0000-00","0","no battery","V","","µV","","µV"
"03/05/2026","14:48:23","2","default","813736599","OXY_06","92.400","min","298.767","μmol/L","Humid","18.091","deg","54766","µV","24.037","°C","1017.000","hPa","34.9","pmil","0","55.710","deg","20.000","°C","100.000","%a.s.","22.780","deg","20.000","°C","969.000","hPa","0.82","-0.015","0.00036","-0.00014","0","10","Humid","58.27","1","2500.00","296952.40","SADF0001000082","ABF0.1.0.10","4.0.0.2393","PSt7-10","250224-007","7/27/2025 6:28:56 PM","0000-00","0","no battery","V","","µV","","µV"
"03/05/2026","14:48:25","2","default","813736599","OXY_06","92.433","min","298.928","μmol/L","Humid","18.089","deg","54758","µV","24.024","°C","1017.000","hPa","34.9","pmil","0","55.710","deg","20.000","°C","100.000","%a.s.","22.780","deg","20.000","°C","969.000","hPa","0.82","-0.015","0.00036","-0.00014","0","10","Humid","58.27","1","2500.00","296955.15","SADF0001000082","ABF0.1.0.10","4.0.0.2393","PSt7-10","250224-007","7/27/2025 6:28:56 PM","0000-00","0","no battery","V","","µV","","µV"
"03/05/2026","14:48:27","2","default","813736599","OXY_06","92.467","min","298.791","μmol/L","Humid","18.092","deg","54757","µV","24.030","°C","1017.000","hPa","34.9","pmil","0","55.710","deg","20.000","°C","100.000","%a.s.","22.780","deg","20.000","°C","969.000","hPa","0.82","-0.015","0.00036","-0.00014","0","10","Humid","58.27","1","2500.00","296952.25","SADF0001000082","ABF0.1.0.10","4.0.0.2393","PSt7-10","250224-007","7/27/2025 6:28:56 PM","0000-00","0","no battery","V","","µV","","µV"
"03/05/2026","14:48:29","2","default","813736599","OXY_06","92.500","min","298.847","μmol/L","Humid","18.090","deg","54748","µV","24.030","°C","1017.000","hPa","34.9","pmil","0","55.710","deg","20.000","°C","100.000","%a.s.","22.780","deg","20.000","°C","969.000","hPa","0.82","-0.015","0.00036","-0.00014","0","10","Humid","58.27","1","2500.00","296952.66","SADF0001000082","ABF0.1.0.10","4.0.0.2393","PSt7-10","250224-007","7/27/2025 6:28:56 PM","0000-00","0","no battery","V","","µV","","µV"
"03/05/2026","14:48:31","2","default","813736599","OXY_06","92.534","min","298.763","μmol/L","Humid","18.093","deg","54745","µV","24.030","°C","1017.000","hPa","34.9","pmil","0","55.710","deg","20.000","°C","100.000","%a.s.","22.780","deg","20.000","°C","969.000","hPa","0.82","-0.015","0.00036","-0.00014","0","10","Humid","58.27","1","2500.00","296951.94","SADF0001000082","ABF0.1.0.10","4.0.0.2393","PSt7-10","250224-007","7/27/2025 6:28:56 PM","0000-00","0","no battery","V","","µV","","µV"
"03/05/2026","14:48:33","2","default","813736599","OXY_06","92.566","min","298.847","μmol/L","Humid","18.090","deg","54737","µV","24.030","°C","1017.000","hPa","34.9","pmil","0","55.710","deg","20.000","°C","100.000","%a.s.","22.780","deg","20.000","°C","969.000","hPa","0.82","-0.015","0.00036","-0.00014","0","10","Humid","58.27","1","2500.00","296954.15","SADF0001000082","ABF0.1.0.10","4.0.0.2393","PSt7-10","250224-007","7/27/2025 6:28:56 PM","0000-00","0","no battery","V","","µV","","µV"
"03/05/2026","14:48:35","2","default","813736599","OXY_06","92.600","min","298.799","μmol/L","Humid","18.088","deg","54731","µV","24.043","°C","1017.000","hPa","34.9","pmil","0","55.710","deg","20.000","°C","100.000","%a.s.","22.780","deg","20.000","°C","969.000","hPa","0.82","-0.015","0.00036","-0.00014","0","10","Humid","58.27","1","2500.00","296948.99","SADF0001000082","ABF0.1.0.10","4.0.0.2393","PSt7-10","250224-007","7/27/2025 6:28:56 PM","0000-00","0","no battery","V","","µV","","µV"
"03/05/2026","14:48:37","2","default","813736599","OXY_06","92.633","min","298.960","μmol/L","Humid","18.086","deg","54722","µV","24.030","°C","1017.000","hPa","34.9","pmil","0","55.710","deg","20.000","°C","100.000","%a.s.","22.780","deg","20.000","°C","969.000","hPa","0.82","-0.015","0.00036","-0.00014","0","10","Humid","58.27","1","2500.00","296955.04","SADF0001000082","ABF0.1.0.10","4.0.0.2393","PSt7-10","250224-007","7/27/2025 6:28:56 PM","0000-00","0","no battery","V","","µV","","µV"
"03/05/2026","14:48:39","2","default","813736599","OXY_06","92.667","min","298.964","μmol/L","Humid","18.084","deg","54722","µV","24.037","°C","1017.000","hPa","34.9","pmil","0","55.710","deg","20.000","°C","100.000","%a.s.","22.780","deg","20.000","°C","969.000","hPa","0.82","-0.015","0.00036","-0.00014","0","10","Humid","58.27","1","2500.00","296951.02","SADF0001000082","ABF0.1.0.10","4.0.0.2393","PSt7-10","250224-007","7/27/2025 6:28:56 PM","0000-00","0","no battery","V","","µV","","µV"
"03/05/2026","14:48:41","2","default","813736599","OXY_06","92.700","min","299.158","μmol/L","Humid","18.079","deg","54716","µV","24.030","°C","1017.000","hPa","34.9","pmil","0","55.710","deg","20.000","°C","100.000","%a.s.","22.780","deg","20.000","°C","969.000","hPa","0.82","-0.015","0.00036","-0.00014","0","10","Humid","58.27","1","2500.00","296956.36","SADF0001000082","ABF0.1.0.10","4.0.0.2393","PSt7-10","250224-007","7/27/2025 6:28:56 PM","0000-00","0","no battery","V","","µV","","µV"
"03/05/2026","14:48:43","2","default","813736599","OXY_06","92.734","min","299.045","μmol/L","Humid","18.083","deg","54712","µV","24.030","°C","1017.000","hPa","34.9","pmil","0","55.710","deg","20.000","°C","100.000","%a.s.","22.780","deg","20.000","°C","969.000","hPa","0.82","-0.015","0.00036","-0.00014","0","10","Humid","58.27","1","2500.00","296938.12","SADF0001000082","ABF0.1.0.10","4.0.0.2393","PSt7-10","250224-007","7/27/2025 6:28:56 PM","0000-00","0","no battery","V","","µV","","µV"
"03/05/2026","14:48:45","2","default","813736599","OXY_06","92.766","min","299.352","μmol/L","Humid","18.074","deg","54698","µV","24.024","°C","1017.000","hPa","34.9","pmil","0","55.710","deg","20.000","°C","100.000","%a.s.","22.780","deg","20.000","°C","969.000","hPa","0.82","-0.015","0.00036","-0.00014","0","10","Humid","58.27","1","2500.00","296952.87","SADF0001000082","ABF0.1.0.10","4.0.0.2393","PSt7-10","250224-007","7/27/2025 6:28:56 PM","0000-00","0","no battery","V","","µV","","µV"
"03/05/2026","14:48:47","2","default","813736599","OXY_06","92.800","min","299.295","μmol/L","Humid","18.076","deg","54695","µV","24.024","°C","1017.000","hPa","34.9","pmil","0","55.710","deg","20.000","°C","100.000","%a.s.","22.780","deg","20.000","°C","969.000","hPa","0.82","-0.015","0.00036","-0.00014","0","10","Humid","58.27","1","2500.00","296955.01","SADF0001000082","ABF0.1.0.10","4.0.0.2393","PSt7-10","250224-007","7/27/2025 6:28:56 PM","0000-00","0","no battery","V","","µV","","µV"
"03/05/2026","14:48:49","2","default","813736599","OXY_06","92.834","min","299.081","μmol/L","Humid","18.078","deg","54690","µV","24.043","°C","1017.000","hPa","34.9","pmil","0","55.710","deg","20.000","°C","100.000","%a.s.","22.780","deg","20.000","°C","969.000","hPa","0.82","-0.015","0.00036","-0.00014","0","10","Humid","58.27","1","2500.00","296956.19","SADF0001000082","ABF0.1.0.10","4.0.0.2393","PSt7-10","250224-007","7/27/2025 6:28:56 PM","0000-00","0","no battery","V","","µV","","µV"
"03/05/2026","14:48:51","2","default","813736599","OXY_06","92.866","min","299.433","μmol/L","Humid","18.073","deg","54676","µV","24.018","°C","1017.000","hPa","34.9","pmil","0","55.710","deg","20.000","°C","100.000","%a.s.","22.780","deg","20.000","°C","969.000","hPa","0.82","-0.015","0.00036","-0.00014","0","10","Humid","58.27","1","2500.00","296954.65","SADF0001000082","ABF0.1.0.10","4.0.0.2393","PSt7-10","250224-007","7/27/2025 6:28:56 PM","0000-00","0","no battery","V","","µV","","µV"
"03/05/2026","14:48:53","2","default","813736599","OXY_06","92.900","min","299.631","μmol/L","Humid","18.066","deg","54673","µV","24.018","°C","1017.000","hPa","34.9","pmil","0","55.710","deg","20.000","°C","100.000","%a.s.","22.780","deg","20.000","°C","969.000","hPa","0.82","-0.015","0.00036","-0.00014","0","10","Humid","58.27","1","2500.00","296954.42","SADF0001000082","ABF0.1.0.10","4.0.0.2393","PSt7-10","250224-007","7/27/2025 6:28:56 PM","0000-00","0","no battery","V","","µV","","µV"
"03/05/2026","14:48:55","2","default","813736599","OXY_06","92.933","min","299.659","μmol/L","Humid","18.065","deg","54667","µV","24.018","°C","1017.000","hPa","34.9","pmil","0","55.710","deg","20.000","°C","100.000","%a.s.","22.780","deg","20.000","°C","969.000","hPa","0.82","-0.015","0.00036","-0.00014","0","10","Humid","58.27","1","2500.00","296953.34","SADF0001000082","ABF0.1.0.10","4.0.0.2393","PSt7-10","250224-007","7/27/2025 6:28:56 PM","0000-00","0","no battery","V","","µV","","µV"
"03/05/2026","14:48:57","2","default","813736599","OXY_06","92.967","min","299.582","μmol/L","Humid","18.064","deg","54660","µV","24.030","°C","1017.000","hPa","34.9","pmil","0","55.710","deg","20.000","°C","100.000","%a.s.","22.780","deg","20.000","°C","969.000","hPa","0.82","-0.015","0.00036","-0.00014","0","10","Humid","58.27","1","2500.00","296955.72","SADF0001000082","ABF0.1.0.10","4.0.0.2393","PSt7-10","250224-007","7/27/2025 6:28:56 PM","0000-00","0","no battery","V","","µV","","µV"
"03/05/2026","14:48:59","2","default","813736599","OXY_06","93.000","min","299.522","μmol/L","Humid","18.068","deg","54658","µV","24.024","°C","1017.000","hPa","34.9","pmil","0","55.710","deg","20.000","°C","100.000","%a.s.","22.780","deg","20.000","°C","969.000","hPa","0.82","-0.015","0.00036","-0.00014","0","10","Humid","58.27","1","2500.00","296952.57","SADF0001000082","ABF0.1.0.10","4.0.0.2393","PSt7-10","250224-007","7/27/2025 6:28:56 PM","0000-00","0","no battery","V","","µV","","µV"
"03/05/2026","14:49:01","2","default","813736599","OXY_06","93.033","min","299.526","μmol/L","Humid","18.066","deg","54651","µV","24.030","°C","1017.000","hPa","34.9","pmil","0","55.710","deg","20.000","°C","100.000","%a.s.","22.780","deg","20.000","°C","969.000","hPa","0.82","-0.015","0.00036","-0.00014","0","10","Humid","58.27","1","2500.00","296957.54","SADF0001000082","ABF0.1.0.10","4.0.0.2393","PSt7-10","250224-007","7/27/2025 6:28:56 PM","0000-00","0","no battery","V","","µV","","µV"
"03/05/2026","14:49:03","2","default","813736599","OXY_06","93.066","min","299.692","μmol/L","Humid","18.062","deg","54644","µV","24.024","°C","1017.000","hPa","34.9","pmil","0","55.710","deg","20.000","°C","100.000","%a.s.","22.780","deg","20.000","°C","969.000","hPa","0.82","-0.015","0.00036","-0.00014","0","10","Humid","58.27","1","2500.00","296949.49","SADF0001000082","ABF0.1.0.10","4.0.0.2393","PSt7-10","250224-007","7/27/2025 6:28:56 PM","0000-00","0","no battery","V","","µV","","µV"
"03/05/2026","14:49:05","2","default","813736599","OXY_06","93.100","min","299.724","μmol/L","Humid","18.059","deg","54636","µV","24.030","°C","1017.000","hPa","34.9","pmil","0","55.710","deg","20.000","°C","100.000","%a.s.","22.780","deg","20.000","°C","969.000","hPa","0.82","-0.015","0.00036","-0.00014","0","10","Humid","58.27","1","2500.00","296945.02","SADF0001000082","ABF0.1.0.10","4.0.0.2393","PSt7-10","250224-007","7/27/2025 6:28:56 PM","0000-00","0","no battery","V","","µV","","µV"
"03/05/2026","14:49:07","2","default","813736599","OXY_06","93.133","min","299.643","μmol/L","Humid","18.060","deg","54634","µV","24.037","°C","1017.000","hPa","34.9","pmil","0","55.710","deg","20.000","°C","100.000","%a.s.","22.780","deg","20.000","°C","969.000","hPa","0.82","-0.015","0.00036","-0.00014","0","10","Humid","58.27","1","2500.00","296950.10","SADF0001000082","ABF0.1.0.10","4.0.0.2393","PSt7-10","250224-007","7/27/2025 6:28:56 PM","0000-00","0","no battery","V","","µV","","µV"
"03/05/2026","14:49:09","2","default","813736599","OXY_06","93.166","min","299.890","μmol/L","Humid","18.055","deg","54626","µV","24.024","°C","1017.000","hPa","34.9","pmil","0","55.710","deg","20.000","°C","100.000","%a.s.","22.780","deg","20.000","°C","969.000","hPa","0.82","-0.015","0.00036","-0.00014","0","10","Humid","58.27","1","2500.00","296945.81","SADF0001000082","ABF0.1.0.10","4.0.0.2393","PSt7-10","250224-007","7/27/2025 6:28:56 PM","0000-00","0","no battery","V","","µV","","µV"
"03/05/2026","14:49:11","2","default","813736599","OXY_06","93.200","min","299.890","μmol/L","Humid","18.055","deg","54625","µV","24.024","°C","1017.000","hPa","34.9","pmil","0","55.710","deg","20.000","°C","100.000","%a.s.","22.780","deg","20.000","°C","969.000","hPa","0.82","-0.015","0.00036","-0.00014","0","10","Humid","58.27","1","2500.00","296952.73","SADF0001000082","ABF0.1.0.10","4.0.0.2393","PSt7-10","250224-007","7/27/2025 6:28:56 PM","0000-00","0","no battery","V","","µV","","µV"
"03/05/2026","14:49:13","2","default","813736599","OXY_06","93.233","min","299.947","μmol/L","Humid","18.053","deg","54622","µV","24.024","°C","1017.000","hPa","34.9","pmil","0","55.710","deg","20.000","°C","100.000","%a.s.","22.780","deg","20.000","°C","969.000","hPa","0.82","-0.015","0.00036","-0.00014","0","10","Humid","58.27","1","2500.00","296943.51","SADF0001000082","ABF0.1.0.10","4.0.0.2393","PSt7-10","250224-007","7/27/2025 6:28:56 PM","0000-00","0","no battery","V","","µV","","µV"
"03/05/2026","14:49:15","2","default","813736599","OXY_06","93.267","min","299.999","μmol/L","Humid","18.053","deg","54604","µV","24.018","°C","1017.000","hPa","34.9","pmil","0","55.710","deg","20.000","°C","100.000","%a.s.","22.780","deg","20.000","°C","969.000","hPa","0.82","-0.015","0.00036","-0.00014","0","10","Humid","58.27","1","2500.00","296943.60","SADF0001000082","ABF0.1.0.10","4.0.0.2393","PSt7-10","250224-007","7/27/2025 6:28:56 PM","0000-00","0","no battery","V","","µV","","µV"
"03/05/2026","14:49:17","2","default","813736599","OXY_06","93.300","min","299.870","μmol/L","Humid","18.052","deg","54595","µV","24.037","°C","1017.000","hPa","34.9","pmil","0","55.710","deg","20.000","°C","100.000","%a.s.","22.780","deg","20.000","°C","969.000","hPa","0.82","-0.015","0.00036","-0.00014","0","10","Humid","58.27","1","2500.00","296944.71","SADF0001000082","ABF0.1.0.10","4.0.0.2393","PSt7-10","250224-007","7/27/2025 6:28:56 PM","0000-00","0","no battery","V","","µV","","µV"
"03/05/2026","14:49:19","2","default","813736599","OXY_06","93.333","min","299.951","μmol/L","Humid","18.051","deg","54584","µV","24.030","°C","1017.000","hPa","34.9","pmil","0","55.710","deg","20.000","°C","100.000","%a.s.","22.780","deg","20.000","°C","969.000","hPa","0.82","-0.015","0.00036","-0.00014","0","10","Humid","58.27","1","2500.00","296937.22","SADF0001000082","ABF0.1.0.10","4.0.0.2393","PSt7-10","250224-007","7/27/2025 6:28:56 PM","0000-00","0","no battery","V","","µV","","µV"
"03/05/2026","14:49:21","2","default","813736599","OXY_06","93.367","min","300.121","μmol/L","Humid","18.045","deg","54580","µV","24.030","°C","1017.000","hPa","34.9","pmil","0","55.710","deg","20.000","°C","100.000","%a.s.","22.780","deg","20.000","°C","969.000","hPa","0.82","-0.015","0.00036","-0.00014","0","10","Humid","58.27","1","2500.00","296944.89","SADF0001000082","ABF0.1.0.10","4.0.0.2393","PSt7-10","250224-007","7/27/2025 6:28:56 PM","0000-00","0","no battery","V","","µV","","µV"
"03/05/2026","14:49:23","2","default","813736599","OXY_06","93.400","min","300.332","μmol/L","Humid","18.045","deg","54578","µV","24.006","°C","1017.000","hPa","34.9","pmil","0","55.710","deg","20.000","°C","100.000","%a.s.","22.780","deg","20.000","°C","969.000","hPa","0.82","-0.015","0.00036","-0.00014","0","10","Humid","58.27","1","2500.00","296941.65","SADF0001000082","ABF0.1.0.10","4.0.0.2393","PSt7-10","250224-007","7/27/2025 6:28:56 PM","0000-00","0","no battery","V","","µV","","µV"
"03/05/2026","14:49:25","2","default","813736599","OXY_06","93.433","min","300.368","μmol/L","Humid","18.040","deg","54574","µV","24.018","°C","1017.000","hPa","34.9","pmil","0","55.710","deg","20.000","°C","100.000","%a.s.","22.780","deg","20.000","°C","969.000","hPa","0.82","-0.015","0.00036","-0.00014","0","10","Humid","58.27","1","2500.00","296943.40","SADF0001000082","ABF0.1.0.10","4.0.0.2393","PSt7-10","250224-007","7/27/2025 6:28:56 PM","0000-00","0","no battery","V","","µV","","µV"
"03/05/2026","14:49:27","2","default","813736599","OXY_06","93.466","min","300.259","μmol/L","Humid","18.042","deg","54569","µV","24.024","°C","1017.000","hPa","34.9","pmil","0","55.710","deg","20.000","°C","100.000","%a.s.","22.780","deg","20.000","°C","969.000","hPa","0.82","-0.015","0.00036","-0.00014","0","10","Humid","58.27","1","2500.00","296942.52","SADF0001000082","ABF0.1.0.10","4.0.0.2393","PSt7-10","250224-007","7/27/2025 6:28:56 PM","0000-00","0","no battery","V","","µV","","µV"
"03/05/2026","14:49:29","2","default","813736599","OXY_06","93.500","min","300.563","μmol/L","Humid","18.035","deg","54556","µV","24.012","°C","1017.000","hPa","34.9","pmil","0","55.710","deg","20.000","°C","100.000","%a.s.","22.780","deg","20.000","°C","969.000","hPa","0.82","-0.015","0.00036","-0.00014","0","10","Humid","58.27","1","2500.00","296944.91","SADF0001000082","ABF0.1.0.10","4.0.0.2393","PSt7-10","250224-007","7/27/2025 6:28:56 PM","0000-00","0","no battery","V","","µV","","µV"
"03/05/2026","14:49:31","2","default","813736599","OXY_06","93.533","min","300.648","μmol/L","Humid","18.032","deg","54548","µV","24.012","°C","1017.000","hPa","34.9","pmil","0","55.710","deg","20.000","°C","100.000","%a.s.","22.780","deg","20.000","°C","969.000","hPa","0.82","-0.015","0.00036","-0.00014","0","10","Humid","58.27","1","2500.00","296947.59","SADF0001000082","ABF0.1.0.10","4.0.0.2393","PSt7-10","250224-007","7/27/2025 6:28:56 PM","0000-00","0","no battery","V","","µV","","µV"
"03/05/2026","14:49:33","2","default","813736599","OXY_06","93.566","min","300.320","μmol/L","Humid","18.038","deg","54540","µV","24.030","°C","1017.000","hPa","34.9","pmil","0","55.710","deg","20.000","°C","100.000","%a.s.","22.780","deg","20.000","°C","969.000","hPa","0.82","-0.015","0.00036","-0.00014","0","10","Humid","58.27","1","2500.00","296939.98","SADF0001000082","ABF0.1.0.10","4.0.0.2393","PSt7-10","250224-007","7/27/2025 6:28:56 PM","0000-00","0","no battery","V","","µV","","µV"
"03/05/2026","14:49:35","2","default","813736599","OXY_06","93.600","min","300.510","μmol/L","Humid","18.035","deg","54539","µV","24.018","°C","1017.000","hPa","34.9","pmil","0","55.710","deg","20.000","°C","100.000","%a.s.","22.780","deg","20.000","°C","969.000","hPa","0.82","-0.015","0.00036","-0.00014","0","10","Humid","58.27","1","2500.00","296949.05","SADF0001000082","ABF0.1.0.10","4.0.0.2393","PSt7-10","250224-007","7/27/2025 6:28:56 PM","0000-00","0","no battery","V","","µV","","µV"
"03/05/2026","14:49:37","2","default","813736599","OXY_06","93.633","min","300.466","μmol/L","Humid","18.031","deg","54533","µV","24.037","°C","1017.000","hPa","34.9","pmil","0","55.710","deg","20.000","°C","100.000","%a.s.","22.780","deg","20.000","°C","969.000","hPa","0.82","-0.015","0.00036","-0.00014","0","10","Humid","58.27","1","2500.00","296948.47","SADF0001000082","ABF0.1.0.10","4.0.0.2393","PSt7-10","250224-007","7/27/2025 6:28:56 PM","0000-00","0","no battery","V","","µV","","µV"
"03/05/2026","14:49:39","2","default","813736599","OXY_06","93.667","min","300.494","μmol/L","Humid","18.030","deg","54524","µV","24.037","°C","1017.000","hPa","34.9","pmil","0","55.710","deg","20.000","°C","100.000","%a.s.","22.780","deg","20.000","°C","969.000","hPa","0.82","-0.015","0.00036","-0.00014","0","10","Humid","58.27","1","2500.00","296945.26","SADF0001000082","ABF0.1.0.10","4.0.0.2393","PSt7-10","250224-007","7/27/2025 6:28:56 PM","0000-00","0","no battery","V","","µV","","µV"
"03/05/2026","14:49:41","2","default","813736599","OXY_06","93.700","min","300.514","μmol/L","Humid","18.033","deg","54519","µV","24.024","°C","1017.000","hPa","34.9","pmil","0","55.710","deg","20.000","°C","100.000","%a.s.","22.780","deg","20.000","°C","969.000","hPa","0.82","-0.015","0.00036","-0.00014","0","10","Humid","58.27","1","2500.00","296947.21","SADF0001000082","ABF0.1.0.10","4.0.0.2393","PSt7-10","250224-007","7/27/2025 6:28:56 PM","0000-00","0","no battery","V","","µV","","µV"
"03/05/2026","14:49:43","2","default","813736599","OXY_06","93.733","min","300.523","μmol/L","Humid","18.029","deg","54511","µV","24.037","°C","1017.000","hPa","34.9","pmil","0","55.710","deg","20.000","°C","100.000","%a.s.","22.780","deg","20.000","°C","969.000","hPa","0.82","-0.015","0.00036","-0.00014","0","10","Humid","58.27","1","2500.00","296949.32","SADF0001000082","ABF0.1.0.10","4.0.0.2393","PSt7-10","250224-007","7/27/2025 6:28:56 PM","0000-00","0","no battery","V","","µV","","µV"
"03/05/2026","14:49:45","2","default","813736599","OXY_06","93.767","min","300.600","μmol/L","Humid","18.030","deg","54512","µV","24.024","°C","1017.000","hPa","34.9","pmil","0","55.710","deg","20.000","°C","100.000","%a.s.","22.780","deg","20.000","°C","969.000","hPa","0.82","-0.015","0.00036","-0.00014","0","10","Humid","58.27","1","2500.00","296962.73","SADF0001000082","ABF0.1.0.10","4.0.0.2393","PSt7-10","250224-007","7/27/2025 6:28:56 PM","0000-00","0","no battery","V","","µV","","µV"
"03/05/2026","14:49:47","2","default","813736599","OXY_06","93.800","min","300.770","μmol/L","Humid","18.024","deg","54508","µV","24.024","°C","1017.000","hPa","34.9","pmil","0","55.710","deg","20.000","°C","100.000","%a.s.","22.780","deg","20.000","°C","969.000","hPa","0.82","-0.015","0.00036","-0.00014","0","10","Humid","58.27","1","2500.00","296947.47","SADF0001000082","ABF0.1.0.10","4.0.0.2393","PSt7-10","250224-007","7/27/2025 6:28:56 PM","0000-00","0","no battery","V","","µV","","µV"
"03/05/2026","14:49:49","2","default","813736599","OXY_06","93.833","min","301.071","μmol/L","Humid","18.019","deg","54493","µV","24.006","°C","1017.000","hPa","34.9","pmil","0","55.710","deg","20.000","°C","100.000","%a.s.","22.780","deg","20.000","°C","969.000","hPa","0.82","-0.015","0.00036","-0.00014","0","10","Humid","58.27","1","2500.00","296945.93","SADF0001000082","ABF0.1.0.10","4.0.0.2393","PSt7-10","250224-007","7/27/2025 6:28:56 PM","0000-00","0","no battery","V","","µV","","µV"
"03/05/2026","14:49:51","2","default","813736599","OXY_06","93.866","min","300.905","μmol/L","Humid","18.023","deg","54491","µV","24.012","°C","1017.000","hPa","34.9","pmil","0","55.710","deg","20.000","°C","100.000","%a.s.","22.780","deg","20.000","°C","969.000","hPa","0.82","-0.015","0.00036","-0.00014","0","10","Humid","58.27","1","2500.00","296940.48","SADF0001000082","ABF0.1.0.10","4.0.0.2393","PSt7-10","250224-007","7/27/2025 6:28:56 PM","0000-00","0","no battery","V","","µV","","µV"
"03/05/2026","14:49:53","2","default","813736599","OXY_06","93.900","min","300.884","μmol/L","Humid","18.020","deg","54481","µV","24.024","°C","1017.000","hPa","34.9","pmil","0","55.710","deg","20.000","°C","100.000","%a.s.","22.780","deg","20.000","°C","969.000","hPa","0.82","-0.015","0.00036","-0.00014","0","10","Humid","58.27","1","2500.00","296943.49","SADF0001000082","ABF0.1.0.10","4.0.0.2393","PSt7-10","250224-007","7/27/2025 6:28:56 PM","0000-00","0","no battery","V","","µV","","µV"
"03/05/2026","14:49:55","2","default","813736599","OXY_06","93.934","min","300.961","μmol/L","Humid","18.021","deg","54478","µV","24.012","°C","1017.000","hPa","34.9","pmil","0","55.710","deg","20.000","°C","100.000","%a.s.","22.780","deg","20.000","°C","969.000","hPa","0.82","-0.015","0.00036","-0.00014","0","10","Humid","58.27","1","2500.00","296945.39","SADF0001000082","ABF0.1.0.10","4.0.0.2393","PSt7-10","250224-007","7/27/2025 6:28:56 PM","0000-00","0","no battery","V","","µV","","µV"
"03/05/2026","14:49:57","2","default","813736599","OXY_06","93.966","min","300.860","μmol/L","Humid","18.019","deg","54472","µV","24.030","°C","1017.000","hPa","34.9","pmil","0","55.710","deg","20.000","°C","100.000","%a.s.","22.780","deg","20.000","°C","969.000","hPa","0.82","-0.015","0.00036","-0.00014","0","10","Humid","58.27","1","2500.00","296946.22","SADF0001000082","ABF0.1.0.10","4.0.0.2393","PSt7-10","250224-007","7/27/2025 6:28:56 PM","0000-00","0","no battery","V","","µV","","µV"
"03/05/2026","14:49:59","2","default","813736599","OXY_06","94.000","min","300.868","μmol/L","Humid","18.015","deg","54461","µV","24.043","°C","1017.000","hPa","34.9","pmil","0","55.710","deg","20.000","°C","100.000","%a.s.","22.780","deg","20.000","°C","969.000","hPa","0.82","-0.015","0.00036","-0.00014","0","10","Humid","58.27","1","2500.00","296934.55","SADF0001000082","ABF0.1.0.10","4.0.0.2393","PSt7-10","250224-007","7/27/2025 6:28:56 PM","0000-00","0","no battery","V","","µV","","µV"
"03/05/2026","14:50:01","2","default","813736599","OXY_06","94.033","min","301.027","μmol/L","Humid","18.015","deg","54456","µV","24.024","°C","1017.000","hPa","34.9","pmil","0","55.710","deg","20.000","°C","100.000","%a.s.","22.780","deg","20.000","°C","969.000","hPa","0.82","-0.015","0.00036","-0.00014","0","10","Humid","58.27","1","2500.00","296942.99","SADF0001000082","ABF0.1.0.10","4.0.0.2393","PSt7-10","250224-007","7/27/2025 6:28:56 PM","0000-00","0","no battery","V","","µV","","µV"
"03/05/2026","14:50:03","2","default","813736599","OXY_06","94.066","min","301.332","μmol/L","Humid","18.008","deg","54454","µV","24.012","°C","1017.000","hPa","34.9","pmil","0","55.710","deg","20.000","°C","100.000","%a.s.","22.780","deg","20.000","°C","969.000","hPa","0.82","-0.015","0.00036","-0.00014","0","10","Humid","58.27","1","2500.00","296943.42","SADF0001000082","ABF0.1.0.10","4.0.0.2393","PSt7-10","250224-007","7/27/2025 6:28:56 PM","0000-00","0","no battery","V","","µV","","µV"
"03/05/2026","14:50:05","2","default","813736599","OXY_06","94.100","min","301.173","μmol/L","Humid","18.008","deg","54443","µV","24.030","°C","1017.000","hPa","34.9","pmil","0","55.710","deg","20.000","°C","100.000","%a.s.","22.780","deg","20.000","°C","969.000","hPa","0.82","-0.015","0.00036","-0.00014","0","10","Humid","58.27","1","2500.00","296945.86","SADF0001000082","ABF0.1.0.10","4.0.0.2393","PSt7-10","250224-007","7/27/2025 6:28:56 PM","0000-00","0","no battery","V","","µV","","µV"
"03/05/2026","14:50:07","2","default","813736599","OXY_06","94.133","min","301.365","μmol/L","Humid","18.005","deg","54440","µV","24.018","°C","1017.000","hPa","34.9","pmil","0","55.710","deg","20.000","°C","100.000","%a.s.","22.780","deg","20.000","°C","969.000","hPa","0.82","-0.015","0.00036","-0.00014","0","10","Humid","58.27","1","2500.00","296940.30","SADF0001000082","ABF0.1.0.10","4.0.0.2393","PSt7-10","250224-007","7/27/2025 6:28:56 PM","0000-00","0","no battery","V","","µV","","µV"
"03/05/2026","14:50:09","2","default","813736599","OXY_06","94.167","min","301.397","μmol/L","Humid","18.002","deg","54433","µV","24.024","°C","1017.000","hPa","34.9","pmil","0","55.710","deg","20.000","°C","100.000","%a.s.","22.780","deg","20.000","°C","969.000","hPa","0.82","-0.015","0.00036","-0.00014","0","10","Humid","58.27","1","2500.00","296949.45","SADF0001000082","ABF0.1.0.10","4.0.0.2393","PSt7-10","250224-007","7/27/2025 6:28:56 PM","0000-00","0","no battery","V","","µV","","µV"
"03/05/2026","14:50:11","2","default","813736599","OXY_06","94.200","min","301.397","μmol/L","Humid","18.002","deg","54425","µV","24.024","°C","1017.000","hPa","34.9","pmil","0","55.710","deg","20.000","°C","100.000","%a.s.","22.780","deg","20.000","°C","969.000","hPa","0.82","-0.015","0.00036","-0.00014","0","10","Humid","58.27","1","2500.00","296949.13","SADF0001000082","ABF0.1.0.10","4.0.0.2393","PSt7-10","250224-007","7/27/2025 6:28:56 PM","0000-00","0","no battery","V","","µV","","µV"
"03/05/2026","14:50:13","2","default","813736599","OXY_06","94.233","min","301.536","μmol/L","Humid","17.999","deg","54416","µV","24.018","°C","1017.000","hPa","34.9","pmil","0","55.710","deg","20.000","°C","100.000","%a.s.","22.780","deg","20.000","°C","969.000","hPa","0.82","-0.015","0.00036","-0.00014","0","10","Humid","58.27","1","2500.00","296935.74","SADF0001000082","ABF0.1.0.10","4.0.0.2393","PSt7-10","250224-007","7/27/2025 6:28:56 PM","0000-00","0","no battery","V","","µV","","µV"
"03/05/2026","14:50:15","2","default","813736599","OXY_06","94.266","min","301.349","μmol/L","Humid","18.000","deg","54407","µV","24.037","°C","1017.000","hPa","34.9","pmil","0","55.710","deg","20.000","°C","100.000","%a.s.","22.780","deg","20.000","°C","969.000","hPa","0.82","-0.015","0.00036","-0.00014","0","10","Humid","58.27","1","2500.00","296947.60","SADF0001000082","ABF0.1.0.10","4.0.0.2393","PSt7-10","250224-007","7/27/2025 6:28:56 PM","0000-00","0","no battery","V","","µV","","µV"
"03/05/2026","14:50:17","2","default","813736599","OXY_06","94.300","min","301.487","μmol/L","Humid","17.997","deg","54407","µV","24.030","°C","1017.000","hPa","34.9","pmil","0","55.710","deg","20.000","°C","100.000","%a.s.","22.780","deg","20.000","°C","969.000","hPa","0.82","-0.015","0.00036","-0.00014","0","10","Humid","58.27","1","2500.00","296942.16","SADF0001000082","ABF0.1.0.10","4.0.0.2393","PSt7-10","250224-007","7/27/2025 6:28:56 PM","0000-00","0","no battery","V","","µV","","µV"
"03/05/2026","14:50:19","2","default","813736599","OXY_06","94.334","min","301.564","μmol/L","Humid","17.998","deg","54400","µV","24.018","°C","1017.000","hPa","34.9","pmil","0","55.710","deg","20.000","°C","100.000","%a.s.","22.780","deg","20.000","°C","969.000","hPa","0.82","-0.015","0.00036","-0.00014","0","10","Humid","58.27","1","2500.00","296937.91","SADF0001000082","ABF0.1.0.10","4.0.0.2393","PSt7-10","250224-007","7/27/2025 6:28:56 PM","0000-00","0","no battery","V","","µV","","µV"
"03/05/2026","14:50:21","2","default","813736599","OXY_06","94.367","min","301.438","μmol/L","Humid","17.995","deg","54386","µV","24.043","°C","1017.000","hPa","34.9","pmil","0","55.710","deg","20.000","°C","100.000","%a.s.","22.780","deg","20.000","°C","969.000","hPa","0.82","-0.015","0.00036","-0.00014","0","10","Humid","58.27","1","2500.00","296944.82","SADF0001000082","ABF0.1.0.10","4.0.0.2393","PSt7-10","250224-007","7/27/2025 6:28:56 PM","0000-00","0","no battery","V","","µV","","µV"
"03/05/2026","14:50:23","2","default","813736599","OXY_06","94.400","min","301.936","μmol/L","Humid","17.985","deg","54383","µV","24.018","°C","1017.000","hPa","34.9","pmil","0","55.710","deg","20.000","°C","100.000","%a.s.","22.780","deg","20.000","°C","969.000","hPa","0.82","-0.015","0.00036","-0.00014","0","10","Humid","58.27","1","2500.00","296951.11","SADF0001000082","ABF0.1.0.10","4.0.0.2393","PSt7-10","250224-007","7/27/2025 6:28:56 PM","0000-00","0","no battery","V","","µV","","µV"
"03/05/2026","14:50:25","2","default","813736599","OXY_06","94.433","min","301.585","μmol/L","Humid","17.988","deg","54381","µV","24.049","°C","1017.000","hPa","34.9","pmil","0","55.710","deg","20.000","°C","100.000","%a.s.","22.780","deg","20.000","°C","969.000","hPa","0.82","-0.015","0.00036","-0.00014","0","10","Humid","58.27","1","2500.00","296944.09","SADF0001000082","ABF0.1.0.10","4.0.0.2393","PSt7-10","250224-007","7/27/2025 6:28:56 PM","0000-00","0","no battery","V","","µV","","µV"
"03/05/2026","14:50:27","2","default","813736599","OXY_06","94.467","min","301.859","μmol/L","Humid","17.984","deg","54370","µV","24.030","°C","1017.000","hPa","34.9","pmil","0","55.710","deg","20.000","°C","100.000","%a.s.","22.780","deg","20.000","°C","969.000","hPa","0.82","-0.015","0.00036","-0.00014","0","10","Humid","58.27","1","2500.00","296949.31","SADF0001000082","ABF0.1.0.10","4.0.0.2393","PSt7-10","250224-007","7/27/2025 6:28:56 PM","0000-00","0","no battery","V","","µV","","µV"
"03/05/2026","14:50:29","2","default","813736599","OXY_06","94.500","min","301.736","μmol/L","Humid","17.992","deg","54359","µV","24.018","°C","1017.000","hPa","34.9","pmil","0","55.710","deg","20.000","°C","100.000","%a.s.","22.780","deg","20.000","°C","969.000","hPa","0.82","-0.015","0.00036","-0.00014","0","10","Humid","58.27","1","2500.00","296928.94","SADF0001000082","ABF0.1.0.10","4.0.0.2393","PSt7-10","250224-007","7/27/2025 6:28:56 PM","0000-00","0","no battery","V","","µV","","µV"
"03/05/2026","14:50:31","2","default","813736599","OXY_06","94.533","min","302.079","μmol/L","Humid","17.980","deg","54352","µV","24.018","°C","1017.000","hPa","34.9","pmil","0","55.710","deg","20.000","°C","100.000","%a.s.","22.780","deg","20.000","°C","969.000","hPa","0.82","-0.015","0.00036","-0.00014","0","10","Humid","58.27","1","2500.00","296956.05","SADF0001000082","ABF0.1.0.10","4.0.0.2393","PSt7-10","250224-007","7/27/2025 6:28:56 PM","0000-00","0","no battery","V","","µV","","µV"
"03/05/2026","14:50:33","2","default","813736599","OXY_06","94.567","min","302.132","μmol/L","Humid","17.980","deg","54352","µV","24.012","°C","1017.000","hPa","34.9","pmil","0","55.710","deg","20.000","°C","100.000","%a.s.","22.780","deg","20.000","°C","969.000","hPa","0.82","-0.015","0.00036","-0.00014","0","10","Humid","58.27","1","2500.00","296944.59","SADF0001000082","ABF0.1.0.10","4.0.0.2393","PSt7-10","250224-007","7/27/2025 6:28:56 PM","0000-00","0","no battery","V","","µV","","µV"
"03/05/2026","14:50:35","2","default","813736599","OXY_06","94.600","min","302.108","μmol/L","Humid","17.979","deg","54347","µV","24.018","°C","1017.000","hPa","34.9","pmil","0","55.710","deg","20.000","°C","100.000","%a.s.","22.780","deg","20.000","°C","969.000","hPa","0.82","-0.015","0.00036","-0.00014","0","10","Humid","58.27","1","2500.00","296945.73","SADF0001000082","ABF0.1.0.10","4.0.0.2393","PSt7-10","250224-007","7/27/2025 6:28:56 PM","0000-00","0","no battery","V","","µV","","µV"
"03/05/2026","14:50:37","2","default","813736599","OXY_06","94.633","min","302.055","μmol/L","Humid","17.979","deg","54332","µV","24.024","°C","1017.000","hPa","34.9","pmil","0","55.710","deg","20.000","°C","100.000","%a.s.","22.780","deg","20.000","°C","969.000","hPa","0.82","-0.015","0.00036","-0.00014","0","10","Humid","58.27","1","2500.00","296946.82","SADF0001000082","ABF0.1.0.10","4.0.0.2393","PSt7-10","250224-007","7/27/2025 6:28:56 PM","0000-00","0","no battery","V","","µV","","µV"
"03/05/2026","14:50:39","2","default","813736599","OXY_06","94.666","min","302.034","μmol/L","Humid","17.976","deg","54324","µV","24.037","°C","1017.000","hPa","34.9","pmil","0","55.710","deg","20.000","°C","100.000","%a.s.","22.780","deg","20.000","°C","969.000","hPa","0.82","-0.015","0.00036","-0.00014","0","10","Humid","58.27","1","2500.00","296936.35","SADF0001000082","ABF0.1.0.10","4.0.0.2393","PSt7-10","250224-007","7/27/2025 6:28:56 PM","0000-00","0","no battery","V","","µV","","µV"
"03/05/2026","14:50:41","2","default","813736599","OXY_06","94.700","min","302.259","μmol/L","Humid","17.970","deg","54324","µV","24.030","°C","1017.000","hPa","34.9","pmil","0","55.710","deg","20.000","°C","100.000","%a.s.","22.780","deg","20.000","°C","969.000","hPa","0.82","-0.015","0.00036","-0.00014","0","10","Humid","58.27","1","2500.00","296950.14","SADF0001000082","ABF0.1.0.10","4.0.0.2393","PSt7-10","250224-007","7/27/2025 6:28:56 PM","0000-00","0","no battery","V","","µV","","µV"
"03/05/2026","14:50:43","2","default","813736599","OXY_06","94.733","min","302.480","μmol/L","Humid","17.966","deg","54312","µV","24.018","°C","1017.000","hPa","34.9","pmil","0","55.710","deg","20.000","°C","100.000","%a.s.","22.780","deg","20.000","°C","969.000","hPa","0.82","-0.015","0.00036","-0.00014","0","10","Humid","58.27","1","2500.00","296940.48","SADF0001000082","ABF0.1.0.10","4.0.0.2393","PSt7-10","250224-007","7/27/2025 6:28:56 PM","0000-00","0","no battery","V","","µV","","µV"
"03/05/2026","14:50:45","2","default","813736599","OXY_06","94.766","min","302.288","μmol/L","Humid","17.969","deg","54309","µV","24.030","°C","1017.000","hPa","34.9","pmil","0","55.710","deg","20.000","°C","100.000","%a.s.","22.780","deg","20.000","°C","969.000","hPa","0.82","-0.015","0.00036","-0.00014","0","10","Humid","58.27","1","2500.00","296942.75","SADF0001000082","ABF0.1.0.10","4.0.0.2393","PSt7-10","250224-007","7/27/2025 6:28:56 PM","0000-00","0","no battery","V","","µV","","µV"
"03/05/2026","14:50:47","2","default","813736599","OXY_06","94.800","min","301.977","μmol/L","Humid","17.978","deg","54301","µV","24.037","°C","1017.000","hPa","34.9","pmil","0","55.710","deg","20.000","°C","100.000","%a.s.","22.780","deg","20.000","°C","969.000","hPa","0.82","-0.015","0.00036","-0.00014","0","10","Humid","58.27","1","2500.00","296942.36","SADF0001000082","ABF0.1.0.10","4.0.0.2393","PSt7-10","250224-007","7/27/2025 6:28:56 PM","0000-00","0","no battery","V","","µV","","µV"
"03/05/2026","14:50:49","2","default","813736599","OXY_06","94.833","min","302.259","μmol/L","Humid","17.970","deg","54291","µV","24.030","°C","1017.000","hPa","34.9","pmil","0","55.710","deg","20.000","°C","100.000","%a.s.","22.780","deg","20.000","°C","969.000","hPa","0.82","-0.015","0.00036","-0.00014","0","10","Humid","58.27","1","2500.00","296934.02","SADF0001000082","ABF0.1.0.10","4.0.0.2393","PSt7-10","250224-007","7/27/2025 6:28:56 PM","0000-00","0","no battery","V","","µV","","µV"
"03/05/2026","14:50:51","2","default","813736599","OXY_06","94.867","min","302.619","μmol/L","Humid","17.963","deg","54285","µV","24.012","°C","1017.000","hPa","34.9","pmil","0","55.710","deg","20.000","°C","100.000","%a.s.","22.780","deg","20.000","°C","969.000","hPa","0.82","-0.015","0.00036","-0.00014","0","10","Humid","58.27","1","2500.00","296943.18","SADF0001000082","ABF0.1.0.10","4.0.0.2393","PSt7-10","250224-007","7/27/2025 6:28:56 PM","0000-00","0","no battery","V","","µV","","µV"
"03/05/2026","14:50:53","2","default","813736599","OXY_06","94.899","min","302.374","μmol/L","Humid","17.966","deg","54275","µV","24.030","°C","1017.000","hPa","34.9","pmil","0","55.710","deg","20.000","°C","100.000","%a.s.","22.780","deg","20.000","°C","969.000","hPa","0.82","-0.015","0.00036","-0.00014","0","10","Humid","58.27","1","2500.00","296946.00","SADF0001000082","ABF0.1.0.10","4.0.0.2393","PSt7-10","250224-007","7/27/2025 6:28:56 PM","0000-00","0","no battery","V","","µV","","µV"
"03/05/2026","14:50:55","2","default","813736599","OXY_06","94.933","min","302.456","μmol/L","Humid","17.965","deg","54272","µV","24.024","°C","1017.000","hPa","34.9","pmil","0","55.710","deg","20.000","°C","100.000","%a.s.","22.780","deg","20.000","°C","969.000","hPa","0.82","-0.015","0.00036","-0.00014","0","10","Humid","58.27","1","2500.00","296939.61","SADF0001000082","ABF0.1.0.10","4.0.0.2393","PSt7-10","250224-007","7/27/2025 6:28:56 PM","0000-00","0","no battery","V","","µV","","µV"
"03/05/2026","14:50:57","2","default","813736599","OXY_06","94.967","min","302.321","μmol/L","Humid","17.966","deg","54261","µV","24.037","°C","1017.000","hPa","34.9","pmil","0","55.710","deg","20.000","°C","100.000","%a.s.","22.780","deg","20.000","°C","969.000","hPa","0.82","-0.015","0.00036","-0.00014","0","10","Humid","58.27","1","2500.00","296938.56","SADF0001000082","ABF0.1.0.10","4.0.0.2393","PSt7-10","250224-007","7/27/2025 6:28:56 PM","0000-00","0","no battery","V","","µV","","µV"
"03/05/2026","14:50:59","2","default","813736599","OXY_06","95.000","min","302.579","μmol/L","Humid","17.957","deg","54260","µV","24.037","°C","1017.000","hPa","34.9","pmil","0","55.710","deg","20.000","°C","100.000","%a.s.","22.780","deg","20.000","°C","969.000","hPa","0.82","-0.015","0.00036","-0.00014","0","10","Humid","58.27","1","2500.00","296939.02","SADF0001000082","ABF0.1.0.10","4.0.0.2393","PSt7-10","250224-007","7/27/2025 6:28:56 PM","0000-00","0","no battery","V","","µV","","µV"
"03/05/2026","14:51:01","2","default","813736599","OXY_06","95.034","min","302.911","μmol/L","Humid","17.951","deg","54252","µV","24.018","°C","1017.000","hPa","34.9","pmil","0","55.710","deg","20.000","°C","100.000","%a.s.","22.780","deg","20.000","°C","969.000","hPa","0.82","-0.015","0.00036","-0.00014","0","10","Humid","58.27","1","2500.00","296944.43","SADF0001000082","ABF0.1.0.10","4.0.0.2393","PSt7-10","250224-007","7/27/2025 6:28:56 PM","0000-00","0","no battery","V","","µV","","µV"
"03/05/2026","14:51:03","2","default","813736599","OXY_06","95.066","min","302.669","μmol/L","Humid","17.952","deg","54244","µV","24.043","°C","1017.000","hPa","34.9","pmil","0","55.710","deg","20.000","°C","100.000","%a.s.","22.780","deg","20.000","°C","969.000","hPa","0.82","-0.015","0.00036","-0.00014","0","10","Humid","58.27","1","2500.00","296922.73","SADF0001000082","ABF0.1.0.10","4.0.0.2393","PSt7-10","250224-007","7/27/2025 6:28:56 PM","0000-00","0","no battery","V","","µV","","µV"
"03/05/2026","14:51:05","2","default","813736599","OXY_06","95.100","min","302.845","μmol/L","Humid","17.957","deg","54242","µV","24.006","°C","1017.000","hPa","34.9","pmil","0","55.710","deg","20.000","°C","100.000","%a.s.","22.780","deg","20.000","°C","969.000","hPa","0.82","-0.015","0.00036","-0.00014","0","10","Humid","58.27","1","2500.00","296940.89","SADF0001000082","ABF0.1.0.10","4.0.0.2393","PSt7-10","250224-007","7/27/2025 6:28:56 PM","0000-00","0","no battery","V","","µV","","µV"
"03/05/2026","14:51:07","2","default","813736599","OXY_06","95.133","min","302.862","μmol/L","Humid","17.949","deg","54237","µV","24.030","°C","1017.000","hPa","34.9","pmil","0","55.710","deg","20.000","°C","100.000","%a.s.","22.780","deg","20.000","°C","969.000","hPa","0.82","-0.015","0.00036","-0.00014","0","10","Humid","58.27","1","2500.00","296938.46","SADF0001000082","ABF0.1.0.10","4.0.0.2393","PSt7-10","250224-007","7/27/2025 6:28:56 PM","0000-00","0","no battery","V","","µV","","µV"
"03/05/2026","14:51:09","2","default","813736599","OXY_06","95.167","min","302.755","μmol/L","Humid","17.949","deg","54230","µV","24.043","°C","1017.000","hPa","34.9","pmil","0","55.710","deg","20.000","°C","100.000","%a.s.","22.780","deg","20.000","°C","969.000","hPa","0.82","-0.015","0.00036","-0.00014","0","10","Humid","58.27","1","2500.00","296945.29","SADF0001000082","ABF0.1.0.10","4.0.0.2393","PSt7-10","250224-007","7/27/2025 6:28:56 PM","0000-00","0","no battery","V","","µV","","µV"
"03/05/2026","14:51:11","2","default","813736599","OXY_06","95.199","min","302.972","μmol/L","Humid","17.947","deg","54216","µV","24.024","°C","1017.000","hPa","34.9","pmil","0","55.710","deg","20.000","°C","100.000","%a.s.","22.780","deg","20.000","°C","969.000","hPa","0.82","-0.015","0.00036","-0.00014","0","10","Humid","58.27","1","2500.00","296937.79","SADF0001000082","ABF0.1.0.10","4.0.0.2393","PSt7-10","250224-007","7/27/2025 6:28:56 PM","0000-00","0","no battery","V","","µV","","µV"
"03/05/2026","14:51:13","2","default","813736599","OXY_06","95.233","min","302.899","μmol/L","Humid","17.944","deg","54215","µV","24.043","°C","1017.000","hPa","34.9","pmil","0","55.710","deg","20.000","°C","100.000","%a.s.","22.780","deg","20.000","°C","969.000","hPa","0.82","-0.015","0.00036","-0.00014","0","10","Humid","58.27","1","2500.00","296935.92","SADF0001000082","ABF0.1.0.10","4.0.0.2393","PSt7-10","250224-007","7/27/2025 6:28:56 PM","0000-00","0","no battery","V","","µV","","µV"
"03/05/2026","14:51:15","2","default","813736599","OXY_06","95.267","min","303.165","μmol/L","Humid","17.944","deg","54207","µV","24.012","°C","1017.000","hPa","34.9","pmil","0","55.710","deg","20.000","°C","100.000","%a.s.","22.780","deg","20.000","°C","969.000","hPa","0.82","-0.015","0.00036","-0.00014","0","10","Humid","58.27","1","2500.00","296944.42","SADF0001000082","ABF0.1.0.10","4.0.0.2393","PSt7-10","250224-007","7/27/2025 6:28:56 PM","0000-00","0","no battery","V","","µV","","µV"
"03/05/2026","14:51:17","2","default","813736599","OXY_06","95.300","min","303.010","μmol/L","Humid","17.942","deg","54203","µV","24.037","°C","1017.000","hPa","34.9","pmil","0","55.710","deg","20.000","°C","100.000","%a.s.","22.780","deg","20.000","°C","969.000","hPa","0.82","-0.015","0.00036","-0.00014","0","10","Humid","58.27","1","2500.00","296935.96","SADF0001000082","ABF0.1.0.10","4.0.0.2393","PSt7-10","250224-007","7/27/2025 6:28:56 PM","0000-00","0","no battery","V","","µV","","µV"
"03/05/2026","14:51:19","2","default","813736599","OXY_06","95.333","min","303.255","μmol/L","Humid","17.939","deg","54201","µV","24.018","°C","1017.000","hPa","34.9","pmil","0","55.710","deg","20.000","°C","100.000","%a.s.","22.780","deg","20.000","°C","969.000","hPa","0.82","-0.015","0.00036","-0.00014","0","10","Humid","58.27","1","2500.00","296938.81","SADF0001000082","ABF0.1.0.10","4.0.0.2393","PSt7-10","250224-007","7/27/2025 6:28:56 PM","0000-00","0","no battery","V","","µV","","µV"
"03/05/2026","14:51:21","2","default","813736599","OXY_06","95.366","min","303.182","μmol/L","Humid","17.936","deg","54185","µV","24.037","°C","1017.000","hPa","34.9","pmil","0","55.710","deg","20.000","°C","100.000","%a.s.","22.780","deg","20.000","°C","969.000","hPa","0.82","-0.015","0.00036","-0.00014","0","10","Humid","58.27","1","2500.00","296921.85","SADF0001000082","ABF0.1.0.10","4.0.0.2393","PSt7-10","250224-007","7/27/2025 6:28:56 PM","0000-00","0","no battery","V","","µV","","µV"
"03/05/2026","14:51:23","2","default","813736599","OXY_06","95.400","min","303.264","μmol/L","Humid","17.935","deg","54185","µV","24.030","°C","1017.000","hPa","34.9","pmil","0","55.710","deg","20.000","°C","100.000","%a.s.","22.780","deg","20.000","°C","969.000","hPa","0.82","-0.015","0.00036","-0.00014","0","10","Humid","58.27","1","2500.00","296914.76","SADF0001000082","ABF0.1.0.10","4.0.0.2393","PSt7-10","250224-007","7/27/2025 6:28:56 PM","0000-00","0","no battery","V","","µV","","µV"
"03/05/2026","14:51:25","2","default","813736599","OXY_06","95.434","min","303.071","μmol/L","Humid","17.938","deg","54177","µV","24.043","°C","1017.000","hPa","34.9","pmil","0","55.710","deg","20.000","°C","100.000","%a.s.","22.780","deg","20.000","°C","969.000","hPa","0.82","-0.015","0.00036","-0.00014","0","10","Humid","58.27","1","2500.00","296934.31","SADF0001000082","ABF0.1.0.10","4.0.0.2393","PSt7-10","250224-007","7/27/2025 6:28:56 PM","0000-00","0","no battery","V","","µV","","µV"
"03/05/2026","14:51:27","2","default","813736599","OXY_06","95.467","min","303.548","μmol/L","Humid","17.927","deg","54171","µV","24.024","°C","1017.000","hPa","34.9","pmil","0","55.710","deg","20.000","°C","100.000","%a.s.","22.780","deg","20.000","°C","969.000","hPa","0.82","-0.015","0.00036","-0.00014","0","10","Humid","58.27","1","2500.00","296923.66","SADF0001000082","ABF0.1.0.10","4.0.0.2393","PSt7-10","250224-007","7/27/2025 6:28:56 PM","0000-00","0","no battery","V","","µV","","µV"
"03/05/2026","14:51:29","2","default","813736599","OXY_06","95.500","min","303.514","μmol/L","Humid","17.930","deg","54162","µV","24.018","°C","1017.000","hPa","34.9","pmil","0","55.710","deg","20.000","°C","100.000","%a.s.","22.780","deg","20.000","°C","969.000","hPa","0.82","-0.015","0.00036","-0.00014","0","10","Humid","58.27","1","2500.00","296922.32","SADF0001000082","ABF0.1.0.10","4.0.0.2393","PSt7-10","250224-007","7/27/2025 6:28:56 PM","0000-00","0","no battery","V","","µV","","µV"
"03/05/2026","14:51:31","2","default","813736599","OXY_06","95.533","min","303.273","μmol/L","Humid","17.931","deg","54160","µV","24.043","°C","1017.000","hPa","34.9","pmil","0","55.710","deg","20.000","°C","100.000","%a.s.","22.780","deg","20.000","°C","969.000","hPa","0.82","-0.015","0.00036","-0.00014","0","10","Humid","58.27","1","2500.00","296927.32","SADF0001000082","ABF0.1.0.10","4.0.0.2393","PSt7-10","250224-007","7/27/2025 6:28:56 PM","0000-00","0","no battery","V","","µV","","µV"
"03/05/2026","14:51:33","2","default","813736599","OXY_06","95.567","min","303.388","μmol/L","Humid","17.927","deg","54151","µV","24.043","°C","1017.000","hPa","34.9","pmil","0","55.710","deg","20.000","°C","100.000","%a.s.","22.780","deg","20.000","°C","969.000","hPa","0.82","-0.015","0.00036","-0.00014","0","10","Humid","58.27","1","2500.00","296921.89","SADF0001000082","ABF0.1.0.10","4.0.0.2393","PSt7-10","250224-007","7/27/2025 6:28:56 PM","0000-00","0","no battery","V","","µV","","µV"
"03/05/2026","14:51:35","2","default","813736599","OXY_06","95.600","min","303.494","μmol/L","Humid","17.927","deg","54144","µV","24.030","°C","1017.000","hPa","34.9","pmil","0","55.710","deg","20.000","°C","100.000","%a.s.","22.780","deg","20.000","°C","969.000","hPa","0.82","-0.015","0.00036","-0.00014","0","10","Humid","58.27","1","2500.00","296921.25","SADF0001000082","ABF0.1.0.10","4.0.0.2393","PSt7-10","250224-007","7/27/2025 6:28:56 PM","0000-00","0","no battery","V","","µV","","µV"
"03/05/2026","14:51:37","2","default","813736599","OXY_06","95.633","min","303.572","μmol/L","Humid","17.928","deg","54135","µV","24.018","°C","1017.000","hPa","34.9","pmil","0","55.710","deg","20.000","°C","100.000","%a.s.","22.780","deg","20.000","°C","969.000","hPa","0.82","-0.015","0.00036","-0.00014","0","10","Humid","58.27","1","2500.00","296931.12","SADF0001000082","ABF0.1.0.10","4.0.0.2393","PSt7-10","250224-007","7/27/2025 6:28:56 PM","0000-00","0","no battery","V","","µV","","µV"
"03/05/2026","14:51:39","2","default","813736599","OXY_06","95.666","min","303.749","μmol/L","Humid","17.920","deg","54132","µV","24.024","°C","1017.000","hPa","34.9","pmil","0","55.710","deg","20.000","°C","100.000","%a.s.","22.780","deg","20.000","°C","969.000","hPa","0.82","-0.015","0.00036","-0.00014","0","10","Humid","58.27","1","2500.00","296922.10","SADF0001000082","ABF0.1.0.10","4.0.0.2393","PSt7-10","250224-007","7/27/2025 6:28:56 PM","0000-00","0","no battery","V","","µV","","µV"
"03/05/2026","14:51:41","2","default","813736599","OXY_06","95.700","min","303.729","μmol/L","Humid","17.917","deg","54118","µV","24.037","°C","1017.000","hPa","34.9","pmil","0","55.710","deg","20.000","°C","100.000","%a.s.","22.780","deg","20.000","°C","969.000","hPa","0.82","-0.015","0.00036","-0.00014","0","10","Humid","58.27","1","2500.00","296925.08","SADF0001000082","ABF0.1.0.10","4.0.0.2393","PSt7-10","250224-007","7/27/2025 6:28:56 PM","0000-00","0","no battery","V","","µV","","µV"
"03/05/2026","14:51:43","2","default","813736599","OXY_06","95.734","min","303.754","μmol/L","Humid","17.918","deg","54111","µV","24.030","°C","1017.000","hPa","34.9","pmil","0","55.710","deg","20.000","°C","100.000","%a.s.","22.780","deg","20.000","°C","969.000","hPa","0.82","-0.015","0.00036","-0.00014","0","10","Humid","58.27","1","2500.00","296922.48","SADF0001000082","ABF0.1.0.10","4.0.0.2393","PSt7-10","250224-007","7/27/2025 6:28:56 PM","0000-00","0","no battery","V","","µV","","µV"
"03/05/2026","14:51:45","2","default","813736599","OXY_06","95.766","min","303.894","μmol/L","Humid","17.915","deg","54101","µV","24.024","°C","1017.000","hPa","34.9","pmil","0","55.710","deg","20.000","°C","100.000","%a.s.","22.780","deg","20.000","°C","969.000","hPa","0.82","-0.015","0.00036","-0.00014","0","10","Humid","58.27","1","2500.00","296930.89","SADF0001000082","ABF0.1.0.10","4.0.0.2393","PSt7-10","250224-007","7/27/2025 6:28:56 PM","0000-00","0","no battery","V","","µV","","µV"
"03/05/2026","14:51:47","2","default","813736599","OXY_06","95.800","min","303.956","μmol/L","Humid","17.911","deg","54101","µV","24.030","°C","1017.000","hPa","34.9","pmil","0","55.710","deg","20.000","°C","100.000","%a.s.","22.780","deg","20.000","°C","969.000","hPa","0.82","-0.015","0.00036","-0.00014","0","10","Humid","58.27","1","2500.00","296916.43","SADF0001000082","ABF0.1.0.10","4.0.0.2393","PSt7-10","250224-007","7/27/2025 6:28:56 PM","0000-00","0","no battery","V","","µV","","µV"
"03/05/2026","14:51:49","2","default","813736599","OXY_06","95.833","min","304.018","μmol/L","Humid","17.907","deg","54096","µV","24.037","°C","1017.000","hPa","34.9","pmil","0","55.710","deg","20.000","°C","100.000","%a.s.","22.780","deg","20.000","°C","969.000","hPa","0.82","-0.015","0.00036","-0.00014","0","10","Humid","58.27","1","2500.00","296929.15","SADF0001000082","ABF0.1.0.10","4.0.0.2393","PSt7-10","250224-007","7/27/2025 6:28:56 PM","0000-00","0","no battery","V","","µV","","µV"
"03/05/2026","14:51:51","2","default","813736599","OXY_06","95.867","min","303.951","μmol/L","Humid","17.913","deg","54087","µV","24.024","°C","1017.000","hPa","34.9","pmil","0","55.710","deg","20.000","°C","100.000","%a.s.","22.780","deg","20.000","°C","969.000","hPa","0.82","-0.015","0.00036","-0.00014","0","10","Humid","58.27","1","2500.00","296922.79","SADF0001000082","ABF0.1.0.10","4.0.0.2393","PSt7-10","250224-007","7/27/2025 6:28:56 PM","0000-00","0","no battery","V","","µV","","µV"
"03/05/2026","14:51:53","2","default","813736599","OXY_06","95.900","min","303.873","μmol/L","Humid","17.912","deg","54086","µV","24.037","°C","1017.000","hPa","34.9","pmil","0","55.710","deg","20.000","°C","100.000","%a.s.","22.780","deg","20.000","°C","969.000","hPa","0.82","-0.015","0.00036","-0.00014","0","10","Humid","58.27","1","2500.00","296929.65","SADF0001000082","ABF0.1.0.10","4.0.0.2393","PSt7-10","250224-007","7/27/2025 6:28:56 PM","0000-00","0","no battery","V","","µV","","µV"
"03/05/2026","14:51:55","2","default","813736599","OXY_06","95.933","min","303.918","μmol/L","Humid","17.916","deg","54077","µV","24.018","°C","1017.000","hPa","34.9","pmil","0","55.710","deg","20.000","°C","100.000","%a.s.","22.780","deg","20.000","°C","969.000","hPa","0.82","-0.015","0.00036","-0.00014","0","10","Humid","58.27","1","2500.00","296919.22","SADF0001000082","ABF0.1.0.10","4.0.0.2393","PSt7-10","250224-007","7/27/2025 6:28:56 PM","0000-00","0","no battery","V","","µV","","µV"
"03/05/2026","14:51:57","2","default","813736599","OXY_06","95.967","min","304.298","μmol/L","Humid","17.901","deg","54070","µV","24.024","°C","1017.000","hPa","34.9","pmil","0","55.710","deg","20.000","°C","100.000","%a.s.","22.780","deg","20.000","°C","969.000","hPa","0.82","-0.015","0.00036","-0.00014","0","10","Humid","58.27","1","2500.00","296926.92","SADF0001000082","ABF0.1.0.10","4.0.0.2393","PSt7-10","250224-007","7/27/2025 6:28:56 PM","0000-00","0","no battery","V","","µV","","µV"
"03/05/2026","14:51:59","2","default","813736599","OXY_06","96.000","min","304.211","μmol/L","Humid","17.904","deg","54059","µV","24.024","°C","1017.000","hPa","34.9","pmil","0","55.710","deg","20.000","°C","100.000","%a.s.","22.780","deg","20.000","°C","969.000","hPa","0.82","-0.015","0.00036","-0.00014","0","10","Humid","58.27","1","2500.00","296935.37","SADF0001000082","ABF0.1.0.10","4.0.0.2393","PSt7-10","250224-007","7/27/2025 6:28:56 PM","0000-00","0","no battery","V","","µV","","µV"
"03/05/2026","14:52:01","2","default","813736599","OXY_06","96.033","min","304.273","μmol/L","Humid","17.900","deg","54050","µV","24.030","°C","1017.000","hPa","34.9","pmil","0","55.710","deg","20.000","°C","100.000","%a.s.","22.780","deg","20.000","°C","969.000","hPa","0.82","-0.015","0.00036","-0.00014","0","10","Humid","58.27","1","2500.00","296928.10","SADF0001000082","ABF0.1.0.10","4.0.0.2393","PSt7-10","250224-007","7/27/2025 6:28:56 PM","0000-00","0","no battery","V","","µV","","µV"
"03/05/2026","14:52:03","2","default","813736599","OXY_06","96.066","min","304.026","μmol/L","Humid","17.903","deg","54049","µV","24.049","°C","1017.000","hPa","34.9","pmil","0","55.710","deg","20.000","°C","100.000","%a.s.","22.780","deg","20.000","°C","969.000","hPa","0.82","-0.015","0.00036","-0.00014","0","10","Humid","58.27","1","2500.00","296918.50","SADF0001000082","ABF0.1.0.10","4.0.0.2393","PSt7-10","250224-007","7/27/2025 6:28:56 PM","0000-00","0","no battery","V","","µV","","µV"
"03/05/2026","14:52:05","2","default","813736599","OXY_06","96.100","min","304.282","μmol/L","Humid","17.896","deg","54041","µV","24.043","°C","1017.000","hPa","34.9","pmil","0","55.710","deg","20.000","°C","100.000","%a.s.","22.780","deg","20.000","°C","969.000","hPa","0.82","-0.015","0.00036","-0.00014","0","10","Humid","58.27","1","2500.00","296924.36","SADF0001000082","ABF0.1.0.10","4.0.0.2393","PSt7-10","250224-007","7/27/2025 6:28:56 PM","0000-00","0","no battery","V","","µV","","µV"
"03/05/2026","14:52:07","2","default","813736599","OXY_06","96.134","min","304.500","μmol/L","Humid","17.894","deg","54032","µV","24.024","°C","1017.000","hPa","34.9","pmil","0","55.710","deg","20.000","°C","100.000","%a.s.","22.780","deg","20.000","°C","969.000","hPa","0.82","-0.015","0.00036","-0.00014","0","10","Humid","58.27","1","2500.00","296919.03","SADF0001000082","ABF0.1.0.10","4.0.0.2393","PSt7-10","250224-007","7/27/2025 6:28:56 PM","0000-00","0","no battery","V","","µV","","µV"
"03/05/2026","14:52:09","2","default","813736599","OXY_06","96.166","min","304.587","μmol/L","Humid","17.891","deg","54019","µV","24.024","°C","1017.000","hPa","34.9","pmil","0","55.710","deg","20.000","°C","100.000","%a.s.","22.780","deg","20.000","°C","969.000","hPa","0.82","-0.015","0.00036","-0.00014","0","10","Humid","58.27","1","2500.00","296929.01","SADF0001000082","ABF0.1.0.10","4.0.0.2393","PSt7-10","250224-007","7/27/2025 6:28:56 PM","0000-00","0","no battery","V","","µV","","µV"
"03/05/2026","14:52:11","2","default","813736599","OXY_06","96.200","min","304.689","μmol/L","Humid","17.893","deg","54019","µV","24.006","°C","1017.000","hPa","34.9","pmil","0","55.710","deg","20.000","°C","100.000","%a.s.","22.780","deg","20.000","°C","969.000","hPa","0.82","-0.015","0.00036","-0.00014","0","10","Humid","58.27","1","2500.00","296910.28","SADF0001000082","ABF0.1.0.10","4.0.0.2393","PSt7-10","250224-007","7/27/2025 6:28:56 PM","0000-00","0","no battery","V","","µV","","µV"
"03/05/2026","14:52:13","2","default","813736599","OXY_06","96.234","min","304.636","μmol/L","Humid","17.893","deg","54010","µV","24.012","°C","1017.000","hPa","34.9","pmil","0","55.710","deg","20.000","°C","100.000","%a.s.","22.780","deg","20.000","°C","969.000","hPa","0.82","-0.015","0.00036","-0.00014","0","10","Humid","58.27","1","2500.00","296913.29","SADF0001000082","ABF0.1.0.10","4.0.0.2393","PSt7-10","250224-007","7/27/2025 6:28:56 PM","0000-00","0","no battery","V","","µV","","µV"
"03/05/2026","14:52:15","2","default","813736599","OXY_06","96.267","min","304.558","μmol/L","Humid","17.892","deg","54006","µV","24.024","°C","1017.000","hPa","34.9","pmil","0","55.710","deg","20.000","°C","100.000","%a.s.","22.780","deg","20.000","°C","969.000","hPa","0.82","-0.015","0.00036","-0.00014","0","10","Humid","58.27","1","2500.00","296918.76","SADF0001000082","ABF0.1.0.10","4.0.0.2393","PSt7-10","250224-007","7/27/2025 6:28:56 PM","0000-00","0","no battery","V","","µV","","µV"
"03/05/2026","14:52:17","2","default","813736599","OXY_06","96.300","min","304.509","μmol/L","Humid","17.890","deg","53996","µV","24.037","°C","1017.000","hPa","34.9","pmil","0","55.710","deg","20.000","°C","100.000","%a.s.","22.780","deg","20.000","°C","969.000","hPa","0.82","-0.015","0.00036","-0.00014","0","10","Humid","58.27","1","2500.00","296927.91","SADF0001000082","ABF0.1.0.10","4.0.0.2393","PSt7-10","250224-007","7/27/2025 6:28:56 PM","0000-00","0","no battery","V","","µV","","µV"
"03/05/2026","14:52:19","2","default","813736599","OXY_06","96.333","min","304.732","μmol/L","Humid","17.886","deg","53991","µV","24.024","°C","1017.000","hPa","34.9","pmil","0","55.710","deg","20.000","°C","100.000","%a.s.","22.780","deg","20.000","°C","969.000","hPa","0.82","-0.015","0.00036","-0.00014","0","10","Humid","58.27","1","2500.00","296922.88","SADF0001000082","ABF0.1.0.10","4.0.0.2393","PSt7-10","250224-007","7/27/2025 6:28:56 PM","0000-00","0","no battery","V","","µV","","µV"
"03/05/2026","14:52:21","2","default","813736599","OXY_06","96.367","min","304.847","μmol/L","Humid","17.882","deg","53979","µV","24.024","°C","1017.000","hPa","34.9","pmil","0","55.710","deg","20.000","°C","100.000","%a.s.","22.780","deg","20.000","°C","969.000","hPa","0.82","-0.015","0.00036","-0.00014","0","10","Humid","58.27","1","2500.00","296920.88","SADF0001000082","ABF0.1.0.10","4.0.0.2393","PSt7-10","250224-007","7/27/2025 6:28:56 PM","0000-00","0","no battery","V","","µV","","µV"
"03/05/2026","14:52:23","2","default","813736599","OXY_06","96.400","min","304.827","μmol/L","Humid","17.879","deg","53974","µV","24.037","°C","1017.000","hPa","34.9","pmil","0","55.710","deg","20.000","°C","100.000","%a.s.","22.780","deg","20.000","°C","969.000","hPa","0.82","-0.015","0.00036","-0.00014","0","10","Humid","58.27","1","2500.00","296916.53","SADF0001000082","ABF0.1.0.10","4.0.0.2393","PSt7-10","250224-007","7/27/2025 6:28:56 PM","0000-00","0","no battery","V","","µV","","µV"
"03/05/2026","14:52:25","2","default","813736599","OXY_06","96.433","min","304.963","μmol/L","Humid","17.878","deg","53969","µV","24.024","°C","1017.000","hPa","34.9","pmil","0","55.710","deg","20.000","°C","100.000","%a.s.","22.780","deg","20.000","°C","969.000","hPa","0.82","-0.015","0.00036","-0.00014","0","10","Humid","58.27","1","2500.00","296928.37","SADF0001000082","ABF0.1.0.10","4.0.0.2393","PSt7-10","250224-007","7/27/2025 6:28:56 PM","0000-00","0","no battery","V","","µV","","µV"
"03/05/2026","14:52:27","2","default","813736599","OXY_06","96.467","min","304.798","μmol/L","Humid","17.880","deg","53964","µV","24.037","°C","1017.000","hPa","34.9","pmil","0","55.710","deg","20.000","°C","100.000","%a.s.","22.780","deg","20.000","°C","969.000","hPa","0.82","-0.015","0.00036","-0.00014","0","10","Humid","58.27","1","2500.00","296914.97","SADF0001000082","ABF0.1.0.10","4.0.0.2393","PSt7-10","250224-007","7/27/2025 6:28:56 PM","0000-00","0","no battery","V","","µV","","µV"
"03/05/2026","14:52:29","2","default","813736599","OXY_06","96.500","min","305.137","μmol/L","Humid","17.872","deg","53955","µV","24.024","°C","1017.000","hPa","34.9","pmil","0","55.710","deg","20.000","°C","100.000","%a.s.","22.780","deg","20.000","°C","969.000","hPa","0.82","-0.015","0.00036","-0.00014","0","10","Humid","58.27","1","2500.00","296917.35","SADF0001000082","ABF0.1.0.10","4.0.0.2393","PSt7-10","250224-007","7/27/2025 6:28:56 PM","0000-00","0","no battery","V","","µV","","µV"
"03/05/2026","14:52:31","2","default","813736599","OXY_06","96.533","min","305.166","μmol/L","Humid","17.871","deg","53945","µV","24.024","°C","1017.000","hPa","34.9","pmil","0","55.710","deg","20.000","°C","100.000","%a.s.","22.780","deg","20.000","°C","969.000","hPa","0.82","-0.015","0.00036","-0.00014","0","10","Humid","58.27","1","2500.00","296921.08","SADF0001000082","ABF0.1.0.10","4.0.0.2393","PSt7-10","250224-007","7/27/2025 6:28:56 PM","0000-00","0","no battery","V","","µV","","µV"
"03/05/2026","14:52:33","2","default","813736599","OXY_06","96.566","min","305.200","μmol/L","Humid","17.868","deg","53945","µV","24.030","°C","1017.000","hPa","34.9","pmil","0","55.710","deg","20.000","°C","100.000","%a.s.","22.780","deg","20.000","°C","969.000","hPa","0.82","-0.015","0.00036","-0.00014","0","10","Humid","58.27","1","2500.00","296921.53","SADF0001000082","ABF0.1.0.10","4.0.0.2393","PSt7-10","250224-007","7/27/2025 6:28:56 PM","0000-00","0","no battery","V","","µV","","µV"
"03/05/2026","14:52:35","2","default","813736599","OXY_06","96.600","min","305.195","μmol/L","Humid","17.870","deg","53927","µV","24.024","°C","1017.000","hPa","34.9","pmil","0","55.710","deg","20.000","°C","100.000","%a.s.","22.780","deg","20.000","°C","969.000","hPa","0.82","-0.015","0.00036","-0.00014","0","10","Humid","58.27","1","2500.00","296912.40","SADF0001000082","ABF0.1.0.10","4.0.0.2393","PSt7-10","250224-007","7/27/2025 6:28:56 PM","0000-00","0","no battery","V","","µV","","µV"
"03/05/2026","14:52:37","2","default","813736599","OXY_06","96.633","min","305.340","μmol/L","Humid","17.865","deg","53934","µV","24.024","°C","1017.000","hPa","34.9","pmil","0","55.710","deg","20.000","°C","100.000","%a.s.","22.780","deg","20.000","°C","969.000","hPa","0.82","-0.015","0.00036","-0.00014","0","10","Humid","58.27","1","2500.00","296919.26","SADF0001000082","ABF0.1.0.10","4.0.0.2393","PSt7-10","250224-007","7/27/2025 6:28:56 PM","0000-00","0","no battery","V","","µV","","µV"
"03/05/2026","14:52:39","2","default","813736599","OXY_06","96.667","min","305.403","μmol/L","Humid","17.861","deg","53921","µV","24.030","°C","1017.000","hPa","34.9","pmil","0","55.710","deg","20.000","°C","100.000","%a.s.","22.780","deg","20.000","°C","969.000","hPa","0.82","-0.015","0.00036","-0.00014","0","10","Humid","58.27","1","2500.00","296921.10","SADF0001000082","ABF0.1.0.10","4.0.0.2393","PSt7-10","250224-007","7/27/2025 6:28:56 PM","0000-00","0","no battery","V","","µV","","µV"
"03/05/2026","14:52:41","2","default","813736599","OXY_06","96.700","min","305.238","μmol/L","Humid","17.863","deg","53916","µV","24.043","°C","1017.000","hPa","34.9","pmil","0","55.710","deg","20.000","°C","100.000","%a.s.","22.780","deg","20.000","°C","969.000","hPa","0.82","-0.015","0.00036","-0.00014","0","10","Humid","58.27","1","2500.00","296924.12","SADF0001000082","ABF0.1.0.10","4.0.0.2393","PSt7-10","250224-007","7/27/2025 6:28:56 PM","0000-00","0","no battery","V","","µV","","µV"
"03/05/2026","14:52:43","2","default","813736599","OXY_06","96.733","min","305.220","μmol/L","Humid","17.871","deg","53914","µV","24.018","°C","1017.000","hPa","34.9","pmil","0","55.710","deg","20.000","°C","100.000","%a.s.","22.780","deg","20.000","°C","969.000","hPa","0.82","-0.015","0.00036","-0.00014","0","10","Humid","58.27","1","2500.00","296923.37","SADF0001000082","ABF0.1.0.10","4.0.0.2393","PSt7-10","250224-007","7/27/2025 6:28:56 PM","0000-00","0","no battery","V","","µV","","µV"
"03/05/2026","14:52:45","2","default","813736599","OXY_06","96.766","min","305.213","μmol/L","Humid","17.862","deg","53912","µV","24.049","°C","1017.000","hPa","34.9","pmil","0","55.710","deg","20.000","°C","100.000","%a.s.","22.780","deg","20.000","°C","969.000","hPa","0.82","-0.015","0.00036","-0.00014","0","10","Humid","58.27","1","2500.00","296928.55","SADF0001000082","ABF0.1.0.10","4.0.0.2393","PSt7-10","250224-007","7/27/2025 6:28:56 PM","0000-00","0","no battery","V","","µV","","µV"
"03/05/2026","14:52:47","2","default","813736599","OXY_06","96.800","min","305.296","μmol/L","Humid","17.861","deg","53903","µV","24.043","°C","1017.000","hPa","34.9","pmil","0","55.710","deg","20.000","°C","100.000","%a.s.","22.780","deg","20.000","°C","969.000","hPa","0.82","-0.015","0.00036","-0.00014","0","10","Humid","58.27","1","2500.00","296922.60","SADF0001000082","ABF0.1.0.10","4.0.0.2393","PSt7-10","250224-007","7/27/2025 6:28:56 PM","0000-00","0","no battery","V","","µV","","µV"
"03/05/2026","14:52:49","2","default","813736599","OXY_06","96.834","min","305.432","μmol/L","Humid","17.860","deg","53894","µV","24.030","°C","1017.000","hPa","34.9","pmil","0","55.710","deg","20.000","°C","100.000","%a.s.","22.780","deg","20.000","°C","969.000","hPa","0.82","-0.015","0.00036","-0.00014","0","10","Humid","58.27","1","2500.00","296932.74","SADF0001000082","ABF0.1.0.10","4.0.0.2393","PSt7-10","250224-007","7/27/2025 6:28:56 PM","0000-00","0","no battery","V","","µV","","µV"
"03/05/2026","14:52:51","2","default","813736599","OXY_06","96.866","min","305.626","μmol/L","Humid","17.857","deg","53882","µV","24.018","°C","1017.000","hPa","34.9","pmil","0","55.710","deg","20.000","°C","100.000","%a.s.","22.780","deg","20.000","°C","969.000","hPa","0.82","-0.015","0.00036","-0.00014","0","10","Humid","58.27","1","2500.00","296920.82","SADF0001000082","ABF0.1.0.10","4.0.0.2393","PSt7-10","250224-007","7/27/2025 6:28:56 PM","0000-00","0","no battery","V","","µV","","µV"
"03/05/2026","14:52:53","2","default","813736599","OXY_06","96.900","min","305.635","μmol/L","Humid","17.853","deg","53880","µV","24.030","°C","1017.000","hPa","34.9","pmil","0","55.710","deg","20.000","°C","100.000","%a.s.","22.780","deg","20.000","°C","969.000","hPa","0.82","-0.015","0.00036","-0.00014","0","10","Humid","58.27","1","2500.00","296913.86","SADF0001000082","ABF0.1.0.10","4.0.0.2393","PSt7-10","250224-007","7/27/2025 6:28:56 PM","0000-00","0","no battery","V","","µV","","µV"
"03/05/2026","14:52:55","2","default","813736599","OXY_06","96.933","min","305.611","μmol/L","Humid","17.852","deg","53870","µV","24.037","°C","1017.000","hPa","34.9","pmil","0","55.710","deg","20.000","°C","100.000","%a.s.","22.780","deg","20.000","°C","969.000","hPa","0.82","-0.015","0.00036","-0.00014","0","10","Humid","58.27","1","2500.00","296919.69","SADF0001000082","ABF0.1.0.10","4.0.0.2393","PSt7-10","250224-007","7/27/2025 6:28:56 PM","0000-00","0","no battery","V","","µV","","µV"
"03/05/2026","14:52:57","2","default","813736599","OXY_06","96.967","min","305.747","μmol/L","Humid","17.851","deg","53864","µV","24.024","°C","1017.000","hPa","34.9","pmil","0","55.710","deg","20.000","°C","100.000","%a.s.","22.780","deg","20.000","°C","969.000","hPa","0.82","-0.015","0.00036","-0.00014","0","10","Humid","58.27","1","2500.00","296918.38","SADF0001000082","ABF0.1.0.10","4.0.0.2393","PSt7-10","250224-007","7/27/2025 6:28:56 PM","0000-00","0","no battery","V","","µV","","µV"
"03/05/2026","14:52:59","2","default","813736599","OXY_06","97.000","min","305.834","μmol/L","Humid","17.848","deg","53858","µV","24.024","°C","1017.000","hPa","34.9","pmil","0","55.710","deg","20.000","°C","100.000","%a.s.","22.780","deg","20.000","°C","969.000","hPa","0.82","-0.015","0.00036","-0.00014","0","10","Humid","58.27","1","2500.00","296917.92","SADF0001000082","ABF0.1.0.10","4.0.0.2393","PSt7-10","250224-007","7/27/2025 6:28:56 PM","0000-00","0","no battery","V","","µV","","µV"
"03/05/2026","14:53:01","2","default","813736599","OXY_06","97.033","min","306.038","μmol/L","Humid","17.841","deg","53849","µV","24.024","°C","1017.000","hPa","34.9","pmil","0","55.710","deg","20.000","°C","100.000","%a.s.","22.780","deg","20.000","°C","969.000","hPa","0.82","-0.015","0.00036","-0.00014","0","10","Humid","58.27","1","2500.00","296908.73","SADF0001000082","ABF0.1.0.10","4.0.0.2393","PSt7-10","250224-007","7/27/2025 6:28:56 PM","0000-00","0","no battery","V","","µV","","µV"
"03/05/2026","14:53:03","2","default","813736599","OXY_06","97.067","min","305.678","μmol/L","Humid","17.846","deg","53841","µV","24.049","°C","1017.000","hPa","34.9","pmil","0","55.710","deg","20.000","°C","100.000","%a.s.","22.780","deg","20.000","°C","969.000","hPa","0.82","-0.015","0.00036","-0.00014","0","10","Humid","58.27","1","2500.00","296919.71","SADF0001000082","ABF0.1.0.10","4.0.0.2393","PSt7-10","250224-007","7/27/2025 6:28:56 PM","0000-00","0","no battery","V","","µV","","µV"
"03/05/2026","14:53:05","2","default","813736599","OXY_06","97.100","min","306.058","μmol/L","Humid","17.844","deg","53834","µV","24.012","°C","1017.000","hPa","34.9","pmil","0","55.710","deg","20.000","°C","100.000","%a.s.","22.780","deg","20.000","°C","969.000","hPa","0.82","-0.015","0.00036","-0.00014","0","10","Humid","58.27","1","2500.00","296920.18","SADF0001000082","ABF0.1.0.10","4.0.0.2393","PSt7-10","250224-007","7/27/2025 6:28:56 PM","0000-00","0","no battery","V","","µV","","µV"
"03/05/2026","14:53:07","2","default","813736599","OXY_06","97.133","min","305.897","μmol/L","Humid","17.844","deg","53828","µV","24.030","°C","1017.000","hPa","34.9","pmil","0","55.710","deg","20.000","°C","100.000","%a.s.","22.780","deg","20.000","°C","969.000","hPa","0.82","-0.015","0.00036","-0.00014","0","10","Humid","58.27","1","2500.00","296922.40","SADF0001000082","ABF0.1.0.10","4.0.0.2393","PSt7-10","250224-007","7/27/2025 6:28:56 PM","0000-00","0","no battery","V","","µV","","µV"
"03/05/2026","14:53:09","2","default","813736599","OXY_06","97.167","min","306.155","μmol/L","Humid","17.837","deg","53827","µV","24.024","°C","1017.000","hPa","34.9","pmil","0","55.710","deg","20.000","°C","100.000","%a.s.","22.780","deg","20.000","°C","969.000","hPa","0.82","-0.015","0.00036","-0.00014","0","10","Humid","58.27","1","2500.00","296916.78","SADF0001000082","ABF0.1.0.10","4.0.0.2393","PSt7-10","250224-007","7/27/2025 6:28:56 PM","0000-00","0","no battery","V","","µV","","µV"
"03/05/2026","14:53:11","2","default","813736599","OXY_06","97.200","min","306.023","μmol/L","Humid","17.836","deg","53819","µV","24.043","°C","1017.000","hPa","34.9","pmil","0","55.710","deg","20.000","°C","100.000","%a.s.","22.780","deg","20.000","°C","969.000","hPa","0.82","-0.015","0.00036","-0.00014","0","10","Humid","58.27","1","2500.00","296929.23","SADF0001000082","ABF0.1.0.10","4.0.0.2393","PSt7-10","250224-007","7/27/2025 6:28:56 PM","0000-00","0","no battery","V","","µV","","µV"
"03/05/2026","14:53:13","2","default","813736599","OXY_06","97.233","min","306.334","μmol/L","Humid","17.829","deg","53806","µV","24.030","°C","1017.000","hPa","34.9","pmil","0","55.710","deg","20.000","°C","100.000","%a.s.","22.780","deg","20.000","°C","969.000","hPa","0.82","-0.015","0.00036","-0.00014","0","10","Humid","58.27","1","2500.00","296920.24","SADF0001000082","ABF0.1.0.10","4.0.0.2393","PSt7-10","250224-007","7/27/2025 6:28:56 PM","0000-00","0","no battery","V","","µV","","µV"
"03/05/2026","14:53:15","2","default","813736599","OXY_06","97.266","min","306.168","μmol/L","Humid","17.831","deg","53803","µV","24.043","°C","1017.000","hPa","34.9","pmil","0","55.710","deg","20.000","°C","100.000","%a.s.","22.780","deg","20.000","°C","969.000","hPa","0.82","-0.015","0.00036","-0.00014","0","10","Humid","58.27","1","2500.00","296916.56","SADF0001000082","ABF0.1.0.10","4.0.0.2393","PSt7-10","250224-007","7/27/2025 6:28:56 PM","0000-00","0","no battery","V","","µV","","µV"
"03/05/2026","14:53:17","2","default","813736599","OXY_06","97.300","min","306.202","μmol/L","Humid","17.828","deg","53800","µV","24.049","°C","1017.000","hPa","34.9","pmil","0","55.710","deg","20.000","°C","100.000","%a.s.","22.780","deg","20.000","°C","969.000","hPa","0.82","-0.015","0.00036","-0.00014","0","10","Humid","58.27","1","2500.00","296926.22","SADF0001000082","ABF0.1.0.10","4.0.0.2393","PSt7-10","250224-007","7/27/2025 6:28:56 PM","0000-00","0","no battery","V","","µV","","µV"
"03/05/2026","14:53:19","2","default","813736599","OXY_06","97.334","min","306.222","μmol/L","Humid","17.831","deg","53788","µV","24.037","°C","1017.000","hPa","34.9","pmil","0","55.710","deg","20.000","°C","100.000","%a.s.","22.780","deg","20.000","°C","969.000","hPa","0.82","-0.015","0.00036","-0.00014","0","10","Humid","58.27","1","2500.00","296922.91","SADF0001000082","ABF0.1.0.10","4.0.0.2393","PSt7-10","250224-007","7/27/2025 6:28:56 PM","0000-00","0","no battery","V","","µV","","µV"
"03/05/2026","14:53:21","2","default","813736599","OXY_06","97.366","min","306.426","μmol/L","Humid","17.824","deg","53792","µV","24.037","°C","1017.000","hPa","34.9","pmil","0","55.710","deg","20.000","°C","100.000","%a.s.","22.780","deg","20.000","°C","969.000","hPa","0.82","-0.015","0.00036","-0.00014","0","10","Humid","58.27","1","2500.00","296924.87","SADF0001000082","ABF0.1.0.10","4.0.0.2393","PSt7-10","250224-007","7/27/2025 6:28:56 PM","0000-00","0","no battery","V","","µV","","µV"
"03/05/2026","14:53:23","2","default","813736599","OXY_06","97.400","min","306.446","μmol/L","Humid","17.827","deg","53773","µV","24.024","°C","1017.000","hPa","34.9","pmil","0","55.710","deg","20.000","°C","100.000","%a.s.","22.780","deg","20.000","°C","969.000","hPa","0.82","-0.015","0.00036","-0.00014","0","10","Humid","58.27","1","2500.00","296925.99","SADF0001000082","ABF0.1.0.10","4.0.0.2393","PSt7-10","250224-007","7/27/2025 6:28:56 PM","0000-00","0","no battery","V","","µV","","µV"
"03/05/2026","14:53:25","2","default","813736599","OXY_06","97.434","min","306.294","μmol/L","Humid","17.823","deg","53770","µV","24.055","°C","1017.000","hPa","34.9","pmil","0","55.710","deg","20.000","°C","100.000","%a.s.","22.780","deg","20.000","°C","969.000","hPa","0.82","-0.015","0.00036","-0.00014","0","10","Humid","58.27","1","2500.00","296928.59","SADF0001000082","ABF0.1.0.10","4.0.0.2393","PSt7-10","250224-007","7/27/2025 6:28:56 PM","0000-00","0","no battery","V","","µV","","µV"
"03/05/2026","14:53:27","2","default","813736599","OXY_06","97.466","min","306.547","μmol/L","Humid","17.818","deg","53764","µV","24.043","°C","1017.000","hPa","34.9","pmil","0","55.710","deg","20.000","°C","100.000","%a.s.","22.780","deg","20.000","°C","969.000","hPa","0.82","-0.015","0.00036","-0.00014","0","10","Humid","58.27","1","2500.00","296921.77","SADF0001000082","ABF0.1.0.10","4.0.0.2393","PSt7-10","250224-007","7/27/2025 6:28:56 PM","0000-00","0","no battery","V","","µV","","µV"
"03/05/2026","14:53:29","2","default","813736599","OXY_06","97.500","min","306.538","μmol/L","Humid","17.822","deg","53759","µV","24.030","°C","1017.000","hPa","34.9","pmil","0","55.710","deg","20.000","°C","100.000","%a.s.","22.780","deg","20.000","°C","969.000","hPa","0.82","-0.015","0.00036","-0.00014","0","10","Humid","58.27","1","2500.00","296919.97","SADF0001000082","ABF0.1.0.10","4.0.0.2393","PSt7-10","250224-007","7/27/2025 6:28:56 PM","0000-00","0","no battery","V","","µV","","µV"
"03/05/2026","14:53:31","2","default","813736599","OXY_06","97.533","min","306.704","μmol/L","Humid","17.820","deg","53750","µV","24.018","°C","1017.000","hPa","34.9","pmil","0","55.710","deg","20.000","°C","100.000","%a.s.","22.780","deg","20.000","°C","969.000","hPa","0.82","-0.015","0.00036","-0.00014","0","10","Humid","58.27","1","2500.00","296919.85","SADF0001000082","ABF0.1.0.10","4.0.0.2393","PSt7-10","250224-007","7/27/2025 6:28:56 PM","0000-00","0","no battery","V","","µV","","µV"
"03/05/2026","14:53:33","2","default","813736599","OXY_06","97.567","min","306.684","μmol/L","Humid","17.817","deg","53743","µV","24.030","°C","1017.000","hPa","34.9","pmil","0","55.710","deg","20.000","°C","100.000","%a.s.","22.780","deg","20.000","°C","969.000","hPa","0.82","-0.015","0.00036","-0.00014","0","10","Humid","58.27","1","2500.00","296916.57","SADF0001000082","ABF0.1.0.10","4.0.0.2393","PSt7-10","250224-007","7/27/2025 6:28:56 PM","0000-00","0","no battery","V","","µV","","µV"
"03/05/2026","14:53:35","2","default","813736599","OXY_06","97.600","min","306.767","μmol/L","Humid","17.816","deg","53739","µV","24.024","°C","1017.000","hPa","34.9","pmil","0","55.710","deg","20.000","°C","100.000","%a.s.","22.780","deg","20.000","°C","969.000","hPa","0.82","-0.015","0.00036","-0.00014","0","10","Humid","58.27","1","2500.00","296914.67","SADF0001000082","ABF0.1.0.10","4.0.0.2393","PSt7-10","250224-007","7/27/2025 6:28:56 PM","0000-00","0","no battery","V","","µV","","µV"
"03/05/2026","14:53:37","2","default","813736599","OXY_06","97.633","min","306.738","μmol/L","Humid","17.817","deg","53734","µV","24.024","°C","1017.000","hPa","34.9","pmil","0","55.710","deg","20.000","°C","100.000","%a.s.","22.780","deg","20.000","°C","969.000","hPa","0.82","-0.015","0.00036","-0.00014","0","10","Humid","58.27","1","2500.00","296908.90","SADF0001000082","ABF0.1.0.10","4.0.0.2393","PSt7-10","250224-007","7/27/2025 6:28:56 PM","0000-00","0","no battery","V","","µV","","µV"
"03/05/2026","14:53:39","2","default","813736599","OXY_06","97.667","min","306.884","μmol/L","Humid","17.812","deg","53723","µV","24.024","°C","1017.000","hPa","34.9","pmil","0","55.710","deg","20.000","°C","100.000","%a.s.","22.780","deg","20.000","°C","969.000","hPa","0.82","-0.015","0.00036","-0.00014","0","10","Humid","58.27","1","2500.00","296913.46","SADF0001000082","ABF0.1.0.10","4.0.0.2393","PSt7-10","250224-007","7/27/2025 6:28:56 PM","0000-00","0","no battery","V","","µV","","µV"
"03/05/2026","14:53:41","2","default","813736599","OXY_06","97.700","min","307.260","μmol/L","Humid","17.801","deg","53716","µV","24.018","°C","1017.000","hPa","34.9","pmil","0","55.710","deg","20.000","°C","100.000","%a.s.","22.780","deg","20.000","°C","969.000","hPa","0.82","-0.015","0.00036","-0.00014","0","10","Humid","58.27","1","2500.00","296917.92","SADF0001000082","ABF0.1.0.10","4.0.0.2393","PSt7-10","250224-007","7/27/2025 6:28:56 PM","0000-00","0","no battery","V","","µV","","µV"
"03/05/2026","14:53:43","2","default","813736599","OXY_06","97.733","min","307.006","μmol/L","Humid","17.806","deg","53715","µV","24.030","°C","1017.000","hPa","34.9","pmil","0","55.710","deg","20.000","°C","100.000","%a.s.","22.780","deg","20.000","°C","969.000","hPa","0.82","-0.015","0.00036","-0.00014","0","10","Humid","58.27","1","2500.00","296909.48","SADF0001000082","ABF0.1.0.10","4.0.0.2393","PSt7-10","250224-007","7/27/2025 6:28:56 PM","0000-00","0","no battery","V","","µV","","µV"
"03/05/2026","14:53:45","2","default","813736599","OXY_06","97.767","min","306.844","μmol/L","Humid","17.806","deg","53711","µV","24.049","°C","1017.000","hPa","34.9","pmil","0","55.710","deg","20.000","°C","100.000","%a.s.","22.780","deg","20.000","°C","969.000","hPa","0.82","-0.015","0.00036","-0.00014","0","10","Humid","58.27","1","2500.00","296921.51","SADF0001000082","ABF0.1.0.10","4.0.0.2393","PSt7-10","250224-007","7/27/2025 6:28:56 PM","0000-00","0","no battery","V","","µV","","µV"
"03/05/2026","14:53:47","2","default","813736599","OXY_06","97.800","min","306.956","μmol/L","Humid","17.804","deg","53710","µV","24.043","°C","1017.000","hPa","34.9","pmil","0","55.710","deg","20.000","°C","100.000","%a.s.","22.780","deg","20.000","°C","969.000","hPa","0.82","-0.015","0.00036","-0.00014","0","10","Humid","58.27","1","2500.00","296909.36","SADF0001000082","ABF0.1.0.10","4.0.0.2393","PSt7-10","250224-007","7/27/2025 6:28:56 PM","0000-00","0","no battery","V","","µV","","µV"
"03/05/2026","14:53:49","2","default","813736599","OXY_06","97.833","min","307.352","μmol/L","Humid","17.796","deg","53698","µV","24.024","°C","1017.000","hPa","34.9","pmil","0","55.710","deg","20.000","°C","100.000","%a.s.","22.780","deg","20.000","°C","969.000","hPa","0.82","-0.015","0.00036","-0.00014","0","10","Humid","58.27","1","2500.00","296919.72","SADF0001000082","ABF0.1.0.10","4.0.0.2393","PSt7-10","250224-007","7/27/2025 6:28:56 PM","0000-00","0","no battery","V","","µV","","µV"
"03/05/2026","14:53:51","2","default","813736599","OXY_06","97.866","min","307.210","μmol/L","Humid","17.799","deg","53684","µV","24.030","°C","1017.000","hPa","34.9","pmil","0","55.710","deg","20.000","°C","100.000","%a.s.","22.780","deg","20.000","°C","969.000","hPa","0.82","-0.015","0.00036","-0.00014","0","10","Humid","58.27","1","2500.00","296919.56","SADF0001000082","ABF0.1.0.10","4.0.0.2393","PSt7-10","250224-007","7/27/2025 6:28:56 PM","0000-00","0","no battery","V","","µV","","µV"
"03/05/2026","14:53:53","2","default","813736599","OXY_06","97.900","min","306.990","μmol/L","Humid","17.801","deg","53680","µV","24.049","°C","1017.000","hPa","34.9","pmil","0","55.710","deg","20.000","°C","100.000","%a.s.","22.780","deg","20.000","°C","969.000","hPa","0.82","-0.015","0.00036","-0.00014","0","10","Humid","58.27","1","2500.00","296912.52","SADF0001000082","ABF0.1.0.10","4.0.0.2393","PSt7-10","250224-007","7/27/2025 6:28:56 PM","0000-00","0","no battery","V","","µV","","µV"
"03/05/2026","14:53:55","2","default","813736599","OXY_06","97.934","min","307.284","μmol/L","Humid","17.802","deg","53683","µV","24.012","°C","1017.000","hPa","34.9","pmil","0","55.710","deg","20.000","°C","100.000","%a.s.","22.780","deg","20.000","°C","969.000","hPa","0.82","-0.015","0.00036","-0.00014","0","10","Humid","58.27","1","2500.00","296912.00","SADF0001000082","ABF0.1.0.10","4.0.0.2393","PSt7-10","250224-007","7/27/2025 6:28:56 PM","0000-00","0","no battery","V","","µV","","µV"
"03/05/2026","14:53:57","2","default","813736599","OXY_06","97.966","min","307.166","μmol/L","Humid","17.795","deg","53680","µV","24.049","°C","1017.000","hPa","34.9","pmil","0","55.710","deg","20.000","°C","100.000","%a.s.","22.780","deg","20.000","°C","969.000","hPa","0.82","-0.015","0.00036","-0.00014","0","10","Humid","58.27","1","2500.00","296916.76","SADF0001000082","ABF0.1.0.10","4.0.0.2393","PSt7-10","250224-007","7/27/2025 6:28:56 PM","0000-00","0","no battery","V","","µV","","µV"
"03/05/2026","14:53:59","2","default","813736599","OXY_06","98.000","min","307.361","μmol/L","Humid","17.792","deg","53675","µV","24.037","°C","1017.000","hPa","34.9","pmil","0","55.710","deg","20.000","°C","100.000","%a.s.","22.780","deg","20.000","°C","969.000","hPa","0.82","-0.015","0.00036","-0.00014","0","10","Humid","58.27","1","2500.00","296912.63","SADF0001000082","ABF0.1.0.10","4.0.0.2393","PSt7-10","250224-007","7/27/2025 6:28:56 PM","0000-00","0","no battery","V","","µV","","µV"
"03/05/2026","14:54:01","2","default","813736599","OXY_06","98.033","min","307.474","μmol/L","Humid","17.790","deg","53668","µV","24.030","°C","1017.000","hPa","34.9","pmil","0","55.710","deg","20.000","°C","100.000","%a.s.","22.780","deg","20.000","°C","969.000","hPa","0.82","-0.015","0.00036","-0.00014","0","10","Humid","58.27","1","2500.00","296923.71","SADF0001000082","ABF0.1.0.10","4.0.0.2393","PSt7-10","250224-007","7/27/2025 6:28:56 PM","0000-00","0","no battery","V","","µV","","µV"
"03/05/2026","14:54:03","2","default","813736599","OXY_06","98.067","min","307.474","μmol/L","Humid","17.790","deg","53652","µV","24.030","°C","1017.000","hPa","34.9","pmil","0","55.710","deg","20.000","°C","100.000","%a.s.","22.780","deg","20.000","°C","969.000","hPa","0.82","-0.015","0.00036","-0.00014","0","10","Humid","58.27","1","2500.00","296918.76","SADF0001000082","ABF0.1.0.10","4.0.0.2393","PSt7-10","250224-007","7/27/2025 6:28:56 PM","0000-00","0","no battery","V","","µV","","µV"
"03/05/2026","14:54:05","2","default","813736599","OXY_06","98.099","min","307.474","μmol/L","Humid","17.790","deg","53656","µV","24.030","°C","1017.000","hPa","34.9","pmil","0","55.710","deg","20.000","°C","100.000","%a.s.","22.780","deg","20.000","°C","969.000","hPa","0.82","-0.015","0.00036","-0.00014","0","10","Humid","58.27","1","2500.00","296921.65","SADF0001000082","ABF0.1.0.10","4.0.0.2393","PSt7-10","250224-007","7/27/2025 6:28:56 PM","0000-00","0","no battery","V","","µV","","µV"
"03/05/2026","14:54:07","2","default","813736599","OXY_06","98.133","min","307.424","μmol/L","Humid","17.788","deg","53645","µV","24.043","°C","1017.000","hPa","34.9","pmil","0","55.710","deg","20.000","°C","100.000","%a.s.","22.780","deg","20.000","°C","969.000","hPa","0.82","-0.015","0.00036","-0.00014","0","10","Humid","58.27","1","2500.00","296920.88","SADF0001000082","ABF0.1.0.10","4.0.0.2393","PSt7-10","250224-007","7/27/2025 6:28:56 PM","0000-00","0","no battery","V","","µV","","µV"
"03/05/2026","14:54:09","2","default","813736599","OXY_06","98.167","min","307.674","μmol/L","Humid","17.785","deg","53644","µV","24.024","°C","1017.000","hPa","34.9","pmil","0","55.710","deg","20.000","°C","100.000","%a.s.","22.780","deg","20.000","°C","969.000","hPa","0.82","-0.015","0.00036","-0.00014","0","10","Humid","58.27","1","2500.00","296923.30","SADF0001000082","ABF0.1.0.10","4.0.0.2393","PSt7-10","250224-007","7/27/2025 6:28:56 PM","0000-00","0","no battery","V","","µV","","µV"
"03/05/2026","14:54:11","2","default","813736599","OXY_06","98.200","min","307.512","μmol/L","Humid","17.785","deg","53649","µV","24.043","°C","1017.000","hPa","34.9","pmil","0","55.710","deg","20.000","°C","100.000","%a.s.","22.780","deg","20.000","°C","969.000","hPa","0.82","-0.015","0.00036","-0.00014","0","10","Humid","58.27","1","2500.00","296919.13","SADF0001000082","ABF0.1.0.10","4.0.0.2393","PSt7-10","250224-007","7/27/2025 6:28:56 PM","0000-00","0","no battery","V","","µV","","µV"
"03/05/2026","14:54:13","2","default","813736599","OXY_06","98.233","min","307.591","μmol/L","Humid","17.786","deg","53638","µV","24.030","°C","1017.000","hPa","34.9","pmil","0","55.710","deg","20.000","°C","100.000","%a.s.","22.780","deg","20.000","°C","969.000","hPa","0.82","-0.015","0.00036","-0.00014","0","10","Humid","58.27","1","2500.00","296926.70","SADF0001000082","ABF0.1.0.10","4.0.0.2393","PSt7-10","250224-007","7/27/2025 6:28:56 PM","0000-00","0","no battery","V","","µV","","µV"
"03/05/2026","14:54:15","2","default","813736599","OXY_06","98.266","min","307.537","μmol/L","Humid","17.786","deg","53632","µV","24.037","°C","1017.000","hPa","34.9","pmil","0","55.710","deg","20.000","°C","100.000","%a.s.","22.780","deg","20.000","°C","969.000","hPa","0.82","-0.015","0.00036","-0.00014","0","10","Humid","58.27","1","2500.00","296912.58","SADF0001000082","ABF0.1.0.10","4.0.0.2393","PSt7-10","250224-007","7/27/2025 6:28:56 PM","0000-00","0","no battery","V","","µV","","µV"
"03/05/2026","14:54:17","2","default","813736599","OXY_06","98.300","min","307.654","μmol/L","Humid","17.782","deg","53627","µV","24.037","°C","1017.000","hPa","34.9","pmil","0","55.710","deg","20.000","°C","100.000","%a.s.","22.780","deg","20.000","°C","969.000","hPa","0.82","-0.015","0.00036","-0.00014","0","10","Humid","58.27","1","2500.00","296923.05","SADF0001000082","ABF0.1.0.10","4.0.0.2393","PSt7-10","250224-007","7/27/2025 6:28:56 PM","0000-00","0","no battery","V","","µV","","µV"
"03/05/2026","14:54:19","2","default","813736599","OXY_06","98.334","min","307.424","μmol/L","Humid","17.788","deg","53622","µV","24.043","°C","1017.000","hPa","34.9","pmil","0","55.710","deg","20.000","°C","100.000","%a.s.","22.780","deg","20.000","°C","969.000","hPa","0.82","-0.015","0.00036","-0.00014","0","10","Humid","58.27","1","2500.00","296922.44","SADF0001000082","ABF0.1.0.10","4.0.0.2393","PSt7-10","250224-007","7/27/2025 6:28:56 PM","0000-00","0","no battery","V","","µV","","µV"
"03/05/2026","14:54:21","2","default","813736599","OXY_06","98.366","min","307.914","μmol/L","Humid","17.775","deg","53611","µV","24.030","°C","1017.000","hPa","34.9","pmil","0","55.710","deg","20.000","°C","100.000","%a.s.","22.780","deg","20.000","°C","969.000","hPa","0.82","-0.015","0.00036","-0.00014","0","10","Humid","58.27","1","2500.00","296895.93","SADF0001000082","ABF0.1.0.10","4.0.0.2393","PSt7-10","250224-007","7/27/2025 6:28:56 PM","0000-00","0","no battery","V","","µV","","µV"
"03/05/2026","14:54:23","2","default","813736599","OXY_06","98.400","min","307.722","μmol/L","Humid","17.776","deg","53603","µV","24.049","°C","1017.000","hPa","34.9","pmil","0","55.710","deg","20.000","°C","100.000","%a.s.","22.780","deg","20.000","°C","969.000","hPa","0.82","-0.015","0.00036","-0.00014","0","10","Humid","58.27","1","2500.00","296911.71","SADF0001000082","ABF0.1.0.10","4.0.0.2393","PSt7-10","250224-007","7/27/2025 6:28:56 PM","0000-00","0","no battery","V","","µV","","µV"
"03/05/2026","14:54:25","2","default","813736599","OXY_06","98.433","min","307.914","μmol/L","Humid","17.775","deg","53604","µV","24.030","°C","1017.000","hPa","34.9","pmil","0","55.710","deg","20.000","°C","100.000","%a.s.","22.780","deg","20.000","°C","969.000","hPa","0.82","-0.015","0.00036","-0.00014","0","10","Humid","58.27","1","2500.00","296903.78","SADF0001000082","ABF0.1.0.10","4.0.0.2393","PSt7-10","250224-007","7/27/2025 6:28:56 PM","0000-00","0","no battery","V","","µV","","µV"
"03/05/2026","14:54:27","2","default","813736599","OXY_06","98.467","min","307.722","μmol/L","Humid","17.776","deg","53593","µV","24.049","°C","1017.000","hPa","34.9","pmil","0","55.710","deg","20.000","°C","100.000","%a.s.","22.780","deg","20.000","°C","969.000","hPa","0.82","-0.015","0.00036","-0.00014","0","10","Humid","58.27","1","2500.00","296908.32","SADF0001000082","ABF0.1.0.10","4.0.0.2393","PSt7-10","250224-007","7/27/2025 6:28:56 PM","0000-00","0","no battery","V","","µV","","µV"
"03/05/2026","14:54:29","2","default","813736599","OXY_06","98.500","min","307.992","μmol/L","Humid","17.776","deg","53592","µV","24.018","°C","1017.000","hPa","34.9","pmil","0","55.710","deg","20.000","°C","100.000","%a.s.","22.780","deg","20.000","°C","969.000","hPa","0.82","-0.015","0.00036","-0.00014","0","10","Humid","58.27","1","2500.00","296893.44","SADF0001000082","ABF0.1.0.10","4.0.0.2393","PSt7-10","250224-007","7/27/2025 6:28:56 PM","0000-00","0","no battery","V","","µV","","µV"
"03/05/2026","14:54:31","2","default","813736599","OXY_06","98.533","min","307.693","μmol/L","Humid","17.777","deg","53588","µV","24.049","°C","1017.000","hPa","34.9","pmil","0","55.710","deg","20.000","°C","100.000","%a.s.","22.780","deg","20.000","°C","969.000","hPa","0.82","-0.015","0.00036","-0.00014","0","10","Humid","58.27","1","2500.00","296904.20","SADF0001000082","ABF0.1.0.10","4.0.0.2393","PSt7-10","250224-007","7/27/2025 6:28:56 PM","0000-00","0","no battery","V","","µV","","µV"
"03/05/2026","14:54:33","2","default","813736599","OXY_06","98.567","min","307.928","μmol/L","Humid","17.769","deg","53588","µV","24.049","°C","1017.000","hPa","34.9","pmil","0","55.710","deg","20.000","°C","100.000","%a.s.","22.780","deg","20.000","°C","969.000","hPa","0.82","-0.015","0.00036","-0.00014","0","10","Humid","58.27","1","2500.00","296909.95","SADF0001000082","ABF0.1.0.10","4.0.0.2393","PSt7-10","250224-007","7/27/2025 6:28:56 PM","0000-00","0","no battery","V","","µV","","µV"
"03/05/2026","14:54:35","2","default","813736599","OXY_06","98.600","min","308.257","μmol/L","Humid","17.767","deg","53573","µV","24.018","°C","1017.000","hPa","34.9","pmil","0","55.710","deg","20.000","°C","100.000","%a.s.","22.780","deg","20.000","°C","969.000","hPa","0.82","-0.015","0.00036","-0.00014","0","10","Humid","58.27","1","2500.00","296907.59","SADF0001000082","ABF0.1.0.10","4.0.0.2393","PSt7-10","250224-007","7/27/2025 6:28:56 PM","0000-00","0","no battery","V","","µV","","µV"
"03/05/2026","14:54:37","2","default","813736599","OXY_06","98.633","min","308.119","μmol/L","Humid","17.768","deg","53567","µV","24.030","°C","1017.000","hPa","34.9","pmil","0","55.710","deg","20.000","°C","100.000","%a.s.","22.780","deg","20.000","°C","969.000","hPa","0.82","-0.015","0.00036","-0.00014","0","10","Humid","58.27","1","2500.00","296913.07","SADF0001000082","ABF0.1.0.10","4.0.0.2393","PSt7-10","250224-007","7/27/2025 6:28:56 PM","0000-00","0","no battery","V","","µV","","µV"
"03/05/2026","14:54:39","2","default","813736599","OXY_06","98.667","min","308.354","μmol/L","Humid","17.760","deg","53560","µV","24.030","°C","1017.000","hPa","34.9","pmil","0","55.710","deg","20.000","°C","100.000","%a.s.","22.780","deg","20.000","°C","969.000","hPa","0.82","-0.015","0.00036","-0.00014","0","10","Humid","58.27","1","2500.00","296905.30","SADF0001000082","ABF0.1.0.10","4.0.0.2393","PSt7-10","250224-007","7/27/2025 6:28:56 PM","0000-00","0","no battery","V","","µV","","µV"
"03/05/2026","14:54:41","2","default","813736599","OXY_06","98.700","min","308.251","μmol/L","Humid","17.758","deg","53557","µV","24.049","°C","1017.000","hPa","34.9","pmil","0","55.710","deg","20.000","°C","100.000","%a.s.","22.780","deg","20.000","°C","969.000","hPa","0.82","-0.015","0.00036","-0.00014","0","10","Humid","58.27","1","2500.00","296907.63","SADF0001000082","ABF0.1.0.10","4.0.0.2393","PSt7-10","250224-007","7/27/2025 6:28:56 PM","0000-00","0","no battery","V","","µV","","µV"
"03/05/2026","14:54:43","2","default","813736599","OXY_06","98.734","min","308.354","μmol/L","Humid","17.760","deg","53553","µV","24.030","°C","1017.000","hPa","34.9","pmil","0","55.710","deg","20.000","°C","100.000","%a.s.","22.780","deg","20.000","°C","969.000","hPa","0.82","-0.015","0.00036","-0.00014","0","10","Humid","58.27","1","2500.00","296909.41","SADF0001000082","ABF0.1.0.10","4.0.0.2393","PSt7-10","250224-007","7/27/2025 6:28:56 PM","0000-00","0","no battery","V","","µV","","µV"
"03/05/2026","14:54:45","2","default","813736599","OXY_06","98.766","min","308.241","μmol/L","Humid","17.762","deg","53540","µV","24.037","°C","1017.000","hPa","34.9","pmil","0","55.710","deg","20.000","°C","100.000","%a.s.","22.780","deg","20.000","°C","969.000","hPa","0.82","-0.015","0.00036","-0.00014","0","10","Humid","58.27","1","2500.00","296906.58","SADF0001000082","ABF0.1.0.10","4.0.0.2393","PSt7-10","250224-007","7/27/2025 6:28:56 PM","0000-00","0","no battery","V","","µV","","µV"
"03/05/2026","14:54:47","2","default","813736599","OXY_06","98.800","min","308.551","μmol/L","Humid","17.757","deg","53537","µV","24.018","°C","1017.000","hPa","34.9","pmil","0","55.710","deg","20.000","°C","100.000","%a.s.","22.780","deg","20.000","°C","969.000","hPa","0.82","-0.015","0.00036","-0.00014","0","10","Humid","58.27","1","2500.00","296902.14","SADF0001000082","ABF0.1.0.10","4.0.0.2393","PSt7-10","250224-007","7/27/2025 6:28:56 PM","0000-00","0","no battery","V","","µV","","µV"
"03/05/2026","14:54:49","2","default","813736599","OXY_06","98.833","min","308.452","μmol/L","Humid","17.753","deg","53527","µV","24.043","°C","1017.000","hPa","34.9","pmil","0","55.710","deg","20.000","°C","100.000","%a.s.","22.780","deg","20.000","°C","969.000","hPa","0.82","-0.015","0.00036","-0.00014","0","10","Humid","58.27","1","2500.00","296897.45","SADF0001000082","ABF0.1.0.10","4.0.0.2393","PSt7-10","250224-007","7/27/2025 6:28:56 PM","0000-00","0","no battery","V","","µV","","µV"
"03/05/2026","14:54:51","2","default","813736599","OXY_06","98.867","min","308.511","μmol/L","Humid","17.751","deg","53523","µV","24.043","°C","1017.000","hPa","34.9","pmil","0","55.710","deg","20.000","°C","100.000","%a.s.","22.780","deg","20.000","°C","969.000","hPa","0.82","-0.015","0.00036","-0.00014","0","10","Humid","58.27","1","2500.00","296912.65","SADF0001000082","ABF0.1.0.10","4.0.0.2393","PSt7-10","250224-007","7/27/2025 6:28:56 PM","0000-00","0","no battery","V","","µV","","µV"
"03/05/2026","14:54:53","2","default","813736599","OXY_06","98.900","min","308.556","μmol/L","Humid","17.755","deg","53513","µV","24.024","°C","1017.000","hPa","34.9","pmil","0","55.710","deg","20.000","°C","100.000","%a.s.","22.780","deg","20.000","°C","969.000","hPa","0.82","-0.015","0.00036","-0.00014","0","10","Humid","58.27","1","2500.00","296913.77","SADF0001000082","ABF0.1.0.10","4.0.0.2393","PSt7-10","250224-007","7/27/2025 6:28:56 PM","0000-00","0","no battery","V","","µV","","µV"
"03/05/2026","14:54:55","2","default","813736599","OXY_06","98.933","min","308.437","μmol/L","Humid","17.748","deg","53501","µV","24.061","°C","1017.000","hPa","34.9","pmil","0","55.710","deg","20.000","°C","100.000","%a.s.","22.780","deg","20.000","°C","969.000","hPa","0.82","-0.015","0.00036","-0.00014","0","10","Humid","58.27","1","2500.00","296906.78","SADF0001000082","ABF0.1.0.10","4.0.0.2393","PSt7-10","250224-007","7/27/2025 6:28:56 PM","0000-00","0","no battery","V","","µV","","µV"
"03/05/2026","14:54:57","2","default","813736599","OXY_06","98.967","min","308.658","μmol/L","Humid","17.746","deg","53499","µV","24.043","°C","1017.000","hPa","34.9","pmil","0","55.710","deg","20.000","°C","100.000","%a.s.","22.780","deg","20.000","°C","969.000","hPa","0.82","-0.015","0.00036","-0.00014","0","10","Humid","58.27","1","2500.00","296907.00","SADF0001000082","ABF0.1.0.10","4.0.0.2393","PSt7-10","250224-007","7/27/2025 6:28:56 PM","0000-00","0","no battery","V","","µV","","µV"
"03/05/2026","14:54:59","2","default","813736599","OXY_06","99.000","min","308.909","μmol/L","Humid","17.743","deg","53492","µV","24.024","°C","1017.000","hPa","34.9","pmil","0","55.710","deg","20.000","°C","100.000","%a.s.","22.780","deg","20.000","°C","969.000","hPa","0.82","-0.015","0.00036","-0.00014","0","10","Humid","58.27","1","2500.00","296905.97","SADF0001000082","ABF0.1.0.10","4.0.0.2393","PSt7-10","250224-007","7/27/2025 6:28:56 PM","0000-00","0","no battery","V","","µV","","µV"
"03/05/2026","14:55:01","2","default","813736599","OXY_06","99.033","min","308.825","μmol/L","Humid","17.744","deg","53486","µV","24.030","°C","1017.000","hPa","34.9","pmil","0","55.710","deg","20.000","°C","100.000","%a.s.","22.780","deg","20.000","°C","969.000","hPa","0.82","-0.015","0.00036","-0.00014","0","10","Humid","58.27","1","2500.00","296910.25","SADF0001000082","ABF0.1.0.10","4.0.0.2393","PSt7-10","250224-007","7/27/2025 6:28:56 PM","0000-00","0","no battery","V","","µV","","µV"
"03/05/2026","14:55:03","2","default","813736599","OXY_06","99.067","min","309.086","μmol/L","Humid","17.737","deg","53477","µV","24.024","°C","1017.000","hPa","34.9","pmil","0","55.710","deg","20.000","°C","100.000","%a.s.","22.780","deg","20.000","°C","969.000","hPa","0.82","-0.015","0.00036","-0.00014","0","10","Humid","58.27","1","2500.00","296898.62","SADF0001000082","ABF0.1.0.10","4.0.0.2393","PSt7-10","250224-007","7/27/2025 6:28:56 PM","0000-00","0","no battery","V","","µV","","µV"
"03/05/2026","14:55:05","2","default","813736599","OXY_06","99.100","min","308.860","μmol/L","Humid","17.741","deg","53467","µV","24.037","°C","1017.000","hPa","34.9","pmil","0","55.710","deg","20.000","°C","100.000","%a.s.","22.780","deg","20.000","°C","969.000","hPa","0.82","-0.015","0.00036","-0.00014","0","10","Humid","58.27","1","2500.00","296906.62","SADF0001000082","ABF0.1.0.10","4.0.0.2393","PSt7-10","250224-007","7/27/2025 6:28:56 PM","0000-00","0","no battery","V","","µV","","µV"
"03/05/2026","14:55:07","2","default","813736599","OXY_06","99.133","min","309.150","μmol/L","Humid","17.733","deg","53465","µV","24.030","°C","1017.000","hPa","34.9","pmil","0","55.710","deg","20.000","°C","100.000","%a.s.","22.780","deg","20.000","°C","969.000","hPa","0.82","-0.015","0.00036","-0.00014","0","10","Humid","58.27","1","2500.00","296909.88","SADF0001000082","ABF0.1.0.10","4.0.0.2393","PSt7-10","250224-007","7/27/2025 6:28:56 PM","0000-00","0","no battery","V","","µV","","µV"
"03/05/2026","14:55:09","2","default","813736599","OXY_06","99.167","min","309.150","μmol/L","Humid","17.733","deg","53455","µV","24.030","°C","1017.000","hPa","34.9","pmil","0","55.710","deg","20.000","°C","100.000","%a.s.","22.780","deg","20.000","°C","969.000","hPa","0.82","-0.015","0.00036","-0.00014","0","10","Humid","58.27","1","2500.00","296903.60","SADF0001000082","ABF0.1.0.10","4.0.0.2393","PSt7-10","250224-007","7/27/2025 6:28:56 PM","0000-00","0","no battery","V","","µV","","µV"
"03/05/2026","14:55:11","2","default","813736599","OXY_06","99.200","min","309.209","μmol/L","Humid","17.731","deg","53446","µV","24.030","°C","1017.000","hPa","34.9","pmil","0","55.710","deg","20.000","°C","100.000","%a.s.","22.780","deg","20.000","°C","969.000","hPa","0.82","-0.015","0.00036","-0.00014","0","10","Humid","58.27","1","2500.00","296906.67","SADF0001000082","ABF0.1.0.10","4.0.0.2393","PSt7-10","250224-007","7/27/2025 6:28:56 PM","0000-00","0","no battery","V","","µV","","µV"
"03/05/2026","14:55:13","2","default","813736599","OXY_06","99.234","min","309.297","μmol/L","Humid","17.728","deg","53439","µV","24.030","°C","1017.000","hPa","34.9","pmil","0","55.710","deg","20.000","°C","100.000","%a.s.","22.780","deg","20.000","°C","969.000","hPa","0.82","-0.015","0.00036","-0.00014","0","10","Humid","58.27","1","2500.00","296899.17","SADF0001000082","ABF0.1.0.10","4.0.0.2393","PSt7-10","250224-007","7/27/2025 6:28:56 PM","0000-00","0","no battery","V","","µV","","µV"
"03/05/2026","14:55:15","2","default","813736599","OXY_06","99.267","min","309.204","μmol/L","Humid","17.733","deg","53436","µV","24.024","°C","1017.000","hPa","34.9","pmil","0","55.710","deg","20.000","°C","100.000","%a.s.","22.780","deg","20.000","°C","969.000","hPa","0.82","-0.015","0.00036","-0.00014","0","10","Humid","58.27","1","2500.00","296897.14","SADF0001000082","ABF0.1.0.10","4.0.0.2393","PSt7-10","250224-007","7/27/2025 6:28:56 PM","0000-00","0","no battery","V","","µV","","µV"
"03/05/2026","14:55:17","2","default","813736599","OXY_06","99.300","min","309.263","μmol/L","Humid","17.731","deg","53431","µV","24.024","°C","1017.000","hPa","34.9","pmil","0","55.710","deg","20.000","°C","100.000","%a.s.","22.780","deg","20.000","°C","969.000","hPa","0.82","-0.015","0.00036","-0.00014","0","10","Humid","58.27","1","2500.00","296901.56","SADF0001000082","ABF0.1.0.10","4.0.0.2393","PSt7-10","250224-007","7/27/2025 6:28:56 PM","0000-00","0","no battery","V","","µV","","µV"
"03/05/2026","14:55:19","2","default","813736599","OXY_06","99.333","min","309.327","μmol/L","Humid","17.727","deg","53428","µV","24.030","°C","1017.000","hPa","34.9","pmil","0","55.710","deg","20.000","°C","100.000","%a.s.","22.780","deg","20.000","°C","969.000","hPa","0.82","-0.015","0.00036","-0.00014","0","10","Humid","58.27","1","2500.00","296897.16","SADF0001000082","ABF0.1.0.10","4.0.0.2393","PSt7-10","250224-007","7/27/2025 6:28:56 PM","0000-00","0","no battery","V","","µV","","µV"
"03/05/2026","14:55:21","2","default","813736599","OXY_06","99.367","min","309.238","μmol/L","Humid","17.730","deg","53420","µV","24.030","°C","1017.000","hPa","34.9","pmil","0","55.710","deg","20.000","°C","100.000","%a.s.","22.780","deg","20.000","°C","969.000","hPa","0.82","-0.015","0.00036","-0.00014","0","10","Humid","58.27","1","2500.00","296906.38","SADF0001000082","ABF0.1.0.10","4.0.0.2393","PSt7-10","250224-007","7/27/2025 6:28:56 PM","0000-00","0","no battery","V","","µV","","µV"
"03/05/2026","14:55:23","2","default","813736599","OXY_06","99.400","min","309.257","μmol/L","Humid","17.722","deg","53414","µV","24.055","°C","1017.000","hPa","34.9","pmil","0","55.710","deg","20.000","°C","100.000","%a.s.","22.780","deg","20.000","°C","969.000","hPa","0.82","-0.015","0.00036","-0.00014","0","10","Humid","58.27","1","2500.00","296904.53","SADF0001000082","ABF0.1.0.10","4.0.0.2393","PSt7-10","250224-007","7/27/2025 6:28:56 PM","0000-00","0","no battery","V","","µV","","µV"
"03/05/2026","14:55:25","2","default","813736599","OXY_06","99.434","min","309.499","μmol/L","Humid","17.723","deg","53414","µV","24.024","°C","1017.000","hPa","34.9","pmil","0","55.710","deg","20.000","°C","100.000","%a.s.","22.780","deg","20.000","°C","969.000","hPa","0.82","-0.015","0.00036","-0.00014","0","10","Humid","58.27","1","2500.00","296908.07","SADF0001000082","ABF0.1.0.10","4.0.0.2393","PSt7-10","250224-007","7/27/2025 6:28:56 PM","0000-00","0","no battery","V","","µV","","µV"
"03/05/2026","14:55:27","2","default","813736599","OXY_06","99.466","min","309.672","μmol/L","Humid","17.719","deg","53409","µV","24.018","°C","1017.000","hPa","34.9","pmil","0","55.710","deg","20.000","°C","100.000","%a.s.","22.780","deg","20.000","°C","969.000","hPa","0.82","-0.015","0.00036","-0.00014","0","10","Humid","58.27","1","2500.00","296917.78","SADF0001000082","ABF0.1.0.10","4.0.0.2393","PSt7-10","250224-007","7/27/2025 6:28:56 PM","0000-00","0","no battery","V","","µV","","µV"
"03/05/2026","14:55:29","2","default","813736599","OXY_06","99.500","min","309.223","μmol/L","Humid","17.725","deg","53399","µV","24.049","°C","1017.000","hPa","34.9","pmil","0","55.710","deg","20.000","°C","100.000","%a.s.","22.780","deg","20.000","°C","969.000","hPa","0.82","-0.015","0.00036","-0.00014","0","10","Humid","58.27","1","2500.00","296907.28","SADF0001000082","ABF0.1.0.10","4.0.0.2393","PSt7-10","250224-007","7/27/2025 6:28:56 PM","0000-00","0","no battery","V","","µV","","µV"
"03/05/2026","14:55:31","2","default","813736599","OXY_06","99.533","min","309.391","μmol/L","Humid","17.723","deg","53391","µV","24.037","°C","1017.000","hPa","34.9","pmil","0","55.710","deg","20.000","°C","100.000","%a.s.","22.780","deg","20.000","°C","969.000","hPa","0.82","-0.015","0.00036","-0.00014","0","10","Humid","58.27","1","2500.00","296912.87","SADF0001000082","ABF0.1.0.10","4.0.0.2393","PSt7-10","250224-007","7/27/2025 6:28:56 PM","0000-00","0","no battery","V","","µV","","µV"
"03/05/2026","14:55:33","2","default","813736599","OXY_06","99.567","min","309.662","μmol/L","Humid","17.712","deg","53385","µV","24.043","°C","1017.000","hPa","34.9","pmil","0","55.710","deg","20.000","°C","100.000","%a.s.","22.780","deg","20.000","°C","969.000","hPa","0.82","-0.015","0.00036","-0.00014","0","10","Humid","58.27","1","2500.00","296914.99","SADF0001000082","ABF0.1.0.10","4.0.0.2393","PSt7-10","250224-007","7/27/2025 6:28:56 PM","0000-00","0","no battery","V","","µV","","µV"
"03/05/2026","14:55:35","2","default","813736599","OXY_06","99.599","min","309.416","μmol/L","Humid","17.724","deg","53379","µV","24.030","°C","1017.000","hPa","34.9","pmil","0","55.710","deg","20.000","°C","100.000","%a.s.","22.780","deg","20.000","°C","969.000","hPa","0.82","-0.015","0.00036","-0.00014","0","10","Humid","58.27","1","2500.00","296923.37","SADF0001000082","ABF0.1.0.10","4.0.0.2393","PSt7-10","250224-007","7/27/2025 6:28:56 PM","0000-00","0","no battery","V","","µV","","µV"
"03/05/2026","14:55:37","2","default","813736599","OXY_06","99.633","min","309.913","μmol/L","Humid","17.709","deg","53367","µV","24.024","°C","1017.000","hPa","34.9","pmil","0","55.710","deg","20.000","°C","100.000","%a.s.","22.780","deg","20.000","°C","969.000","hPa","0.82","-0.015","0.00036","-0.00014","0","10","Humid","58.27","1","2500.00","296907.69","SADF0001000082","ABF0.1.0.10","4.0.0.2393","PSt7-10","250224-007","7/27/2025 6:28:56 PM","0000-00","0","no battery","V","","µV","","µV"
"03/05/2026","14:55:39","2","default","813736599","OXY_06","99.667","min","309.696","μmol/L","Humid","17.709","deg","53364","µV","24.049","°C","1017.000","hPa","34.9","pmil","0","55.710","deg","20.000","°C","100.000","%a.s.","22.780","deg","20.000","°C","969.000","hPa","0.82","-0.015","0.00036","-0.00014","0","10","Humid","58.27","1","2500.00","296910.80","SADF0001000082","ABF0.1.0.10","4.0.0.2393","PSt7-10","250224-007","7/27/2025 6:28:56 PM","0000-00","0","no battery","V","","µV","","µV"
"03/05/2026","14:55:41","2","default","813736599","OXY_06","99.700","min","310.096","μmol/L","Humid","17.701","deg","53355","µV","24.030","°C","1017.000","hPa","34.9","pmil","0","55.710","deg","20.000","°C","100.000","%a.s.","22.780","deg","20.000","°C","969.000","hPa","0.82","-0.015","0.00036","-0.00014","0","10","Humid","58.27","1","2500.00","296909.97","SADF0001000082","ABF0.1.0.10","4.0.0.2393","PSt7-10","250224-007","7/27/2025 6:28:56 PM","0000-00","0","no battery","V","","µV","","µV"
"03/05/2026","14:55:43","2","default","813736599","OXY_06","99.733","min","309.755","μmol/L","Humid","17.707","deg","53356","µV","24.049","°C","1017.000","hPa","34.9","pmil","0","55.710","deg","20.000","°C","100.000","%a.s.","22.780","deg","20.000","°C","969.000","hPa","0.82","-0.015","0.00036","-0.00014","0","10","Humid","58.27","1","2500.00","296908.49","SADF0001000082","ABF0.1.0.10","4.0.0.2393","PSt7-10","250224-007","7/27/2025 6:28:56 PM","0000-00","0","no battery","V","","µV","","µV"
"03/05/2026","14:55:45","2","default","813736599","OXY_06","99.766","min","310.126","μmol/L","Humid","17.700","deg","53348","µV","24.030","°C","1017.000","hPa","34.9","pmil","0","55.710","deg","20.000","°C","100.000","%a.s.","22.780","deg","20.000","°C","969.000","hPa","0.82","-0.015","0.00036","-0.00014","0","10","Humid","58.27","1","2500.00","296911.53","SADF0001000082","ABF0.1.0.10","4.0.0.2393","PSt7-10","250224-007","7/27/2025 6:28:56 PM","0000-00","0","no battery","V","","µV","","µV"
"03/05/2026","14:55:47","2","default","813736599","OXY_06","99.800","min","309.809","μmol/L","Humid","17.707","deg","53337","µV","24.043","°C","1017.000","hPa","34.9","pmil","0","55.710","deg","20.000","°C","100.000","%a.s.","22.780","deg","20.000","°C","969.000","hPa","0.82","-0.015","0.00036","-0.00014","0","10","Humid","58.27","1","2500.00","296904.62","SADF0001000082","ABF0.1.0.10","4.0.0.2393","PSt7-10","250224-007","7/27/2025 6:28:56 PM","0000-00","0","no battery","V","","µV","","µV"
"03/05/2026","14:55:49","2","default","813736599","OXY_06","99.833","min","309.913","μmol/L","Humid","17.709","deg","53336","µV","24.024","°C","1017.000","hPa","34.9","pmil","0","55.710","deg","20.000","°C","100.000","%a.s.","22.780","deg","20.000","°C","969.000","hPa","0.82","-0.015","0.00036","-0.00014","0","10","Humid","58.27","1","2500.00","296901.93","SADF0001000082","ABF0.1.0.10","4.0.0.2393","PSt7-10","250224-007","7/27/2025 6:28:56 PM","0000-00","0","no battery","V","","µV","","µV"
"03/05/2026","14:55:51","2","default","813736599","OXY_06","99.866","min","310.358","μmol/L","Humid","17.694","deg","53328","µV","24.024","°C","1017.000","hPa","34.9","pmil","0","55.710","deg","20.000","°C","100.000","%a.s.","22.780","deg","20.000","°C","969.000","hPa","0.82","-0.015","0.00036","-0.00014","0","10","Humid","58.27","1","2500.00","296899.22","SADF0001000082","ABF0.1.0.10","4.0.0.2393","PSt7-10","250224-007","7/27/2025 6:28:56 PM","0000-00","0","no battery","V","","µV","","µV"
"03/05/2026","14:55:53","2","default","813736599","OXY_06","99.900","min","310.432","μmol/L","Humid","17.697","deg","53321","µV","24.006","°C","1017.000","hPa","34.9","pmil","0","55.710","deg","20.000","°C","100.000","%a.s.","22.780","deg","20.000","°C","969.000","hPa","0.82","-0.015","0.00036","-0.00014","0","10","Humid","58.27","1","2500.00","296907.32","SADF0001000082","ABF0.1.0.10","4.0.0.2393","PSt7-10","250224-007","7/27/2025 6:28:56 PM","0000-00","0","no battery","V","","µV","","µV"
"03/05/2026","14:55:55","2","default","813736599","OXY_06","99.933","min","310.392","μmol/L","Humid","17.691","deg","53317","µV","24.030","°C","1017.000","hPa","34.9","pmil","0","55.710","deg","20.000","°C","100.000","%a.s.","22.780","deg","20.000","°C","969.000","hPa","0.82","-0.015","0.00036","-0.00014","0","10","Humid","58.27","1","2500.00","296894.34","SADF0001000082","ABF0.1.0.10","4.0.0.2393","PSt7-10","250224-007","7/27/2025 6:28:56 PM","0000-00","0","no battery","V","","µV","","µV"
"03/05/2026","14:55:57","2","default","813736599","OXY_06","99.966","min","310.170","μmol/L","Humid","17.693","deg","53304","µV","24.049","°C","1017.000","hPa","34.9","pmil","0","55.710","deg","20.000","°C","100.000","%a.s.","22.780","deg","20.000","°C","969.000","hPa","0.82","-0.015","0.00036","-0.00014","0","10","Humid","58.27","1","2500.00","296903.64","SADF0001000082","ABF0.1.0.10","4.0.0.2393","PSt7-10","250224-007","7/27/2025 6:28:56 PM","0000-00","0","no battery","V","","µV","","µV"
"03/05/2026","14:55:59","2","default","813736599","OXY_06","100.000","min","310.392","μmol/L","Humid","17.691","deg","53297","µV","24.030","°C","1017.000","hPa","34.9","pmil","0","55.710","deg","20.000","°C","100.000","%a.s.","22.780","deg","20.000","°C","969.000","hPa","0.82","-0.015","0.00036","-0.00014","0","10","Humid","58.27","1","2500.00","296898.50","SADF0001000082","ABF0.1.0.10","4.0.0.2393","PSt7-10","250224-007","7/27/2025 6:28:56 PM","0000-00","0","no battery","V","","µV","","µV"
"03/05/2026","14:56:01","2","default","813736599","OXY_06","100.033","min","310.338","μmol/L","Humid","17.691","deg","53294","µV","24.037","°C","1017.000","hPa","34.9","pmil","0","55.710","deg","20.000","°C","100.000","%a.s.","22.780","deg","20.000","°C","969.000","hPa","0.82","-0.015","0.00036","-0.00014","0","10","Humid","58.27","1","2500.00","296911.25","SADF0001000082","ABF0.1.0.10","4.0.0.2393","PSt7-10","250224-007","7/27/2025 6:28:56 PM","0000-00","0","no battery","V","","µV","","µV"
"03/05/2026","14:56:03","2","default","813736599","OXY_06","100.067","min","310.219","μmol/L","Humid","17.695","deg","53295","µV","24.037","°C","1017.000","hPa","34.9","pmil","0","55.710","deg","20.000","°C","100.000","%a.s.","22.780","deg","20.000","°C","969.000","hPa","0.82","-0.015","0.00036","-0.00014","0","10","Humid","58.27","1","2500.00","296904.12","SADF0001000082","ABF0.1.0.10","4.0.0.2393","PSt7-10","250224-007","7/27/2025 6:28:56 PM","0000-00","0","no battery","V","","µV","","µV"
"03/05/2026","14:56:05","2","default","813736599","OXY_06","100.100","min","310.284","μmol/L","Humid","17.691","deg","53287","µV","24.043","°C","1017.000","hPa","34.9","pmil","0","55.710","deg","20.000","°C","100.000","%a.s.","22.780","deg","20.000","°C","969.000","hPa","0.82","-0.015","0.00036","-0.00014","0","10","Humid","58.27","1","2500.00","296906.94","SADF0001000082","ABF0.1.0.10","4.0.0.2393","PSt7-10","250224-007","7/27/2025 6:28:56 PM","0000-00","0","no battery","V","","µV","","µV"
"03/05/2026","14:56:07","2","default","813736599","OXY_06","100.133","min","310.427","μmol/L","Humid","17.688","deg","53284","µV","24.037","°C","1017.000","hPa","34.9","pmil","0","55.710","deg","20.000","°C","100.000","%a.s.","22.780","deg","20.000","°C","969.000","hPa","0.82","-0.015","0.00036","-0.00014","0","10","Humid","58.27","1","2500.00","296907.64","SADF0001000082","ABF0.1.0.10","4.0.0.2393","PSt7-10","250224-007","7/27/2025 6:28:56 PM","0000-00","0","no battery","V","","µV","","µV"
"03/05/2026","14:56:09","2","default","813736599","OXY_06","100.167","min","310.372","μmol/L","Humid","17.688","deg","53282","µV","24.043","°C","1017.000","hPa","34.9","pmil","0","55.710","deg","20.000","°C","100.000","%a.s.","22.780","deg","20.000","°C","969.000","hPa","0.82","-0.015","0.00036","-0.00014","0","10","Humid","58.27","1","2500.00","296908.39","SADF0001000082","ABF0.1.0.10","4.0.0.2393","PSt7-10","250224-007","7/27/2025 6:28:56 PM","0000-00","0","no battery","V","","µV","","µV"
"03/05/2026","14:56:11","2","default","813736599","OXY_06","100.200","min","310.417","μmol/L","Humid","17.692","deg","53275","µV","24.024","°C","1017.000","hPa","34.9","pmil","0","55.710","deg","20.000","°C","100.000","%a.s.","22.780","deg","20.000","°C","969.000","hPa","0.82","-0.015","0.00036","-0.00014","0","10","Humid","58.27","1","2500.00","296910.36","SADF0001000082","ABF0.1.0.10","4.0.0.2393","PSt7-10","250224-007","7/27/2025 6:28:56 PM","0000-00","0","no battery","V","","µV","","µV"
"03/05/2026","14:56:13","2","default","813736599","OXY_06","100.234","min","310.541","μmol/L","Humid","17.686","deg","53265","µV","24.030","°C","1017.000","hPa","34.9","pmil","0","55.710","deg","20.000","°C","100.000","%a.s.","22.780","deg","20.000","°C","969.000","hPa","0.82","-0.015","0.00036","-0.00014","0","10","Humid","58.27","1","2500.00","296904.71","SADF0001000082","ABF0.1.0.10","4.0.0.2393","PSt7-10","250224-007","7/27/2025 6:28:56 PM","0000-00","0","no battery","V","","µV","","µV"
"03/05/2026","14:56:15","2","default","813736599","OXY_06","100.266","min","310.635","μmol/L","Humid","17.681","deg","53257","µV","24.037","°C","1017.000","hPa","34.9","pmil","0","55.710","deg","20.000","°C","100.000","%a.s.","22.780","deg","20.000","°C","969.000","hPa","0.82","-0.015","0.00036","-0.00014","0","10","Humid","58.27","1","2500.00","296905.48","SADF0001000082","ABF0.1.0.10","4.0.0.2393","PSt7-10","250224-007","7/27/2025 6:28:56 PM","0000-00","0","no battery","V","","µV","","µV"
"03/05/2026","14:56:17","2","default","813736599","OXY_06","100.300","min","310.605","μmol/L","Humid","17.682","deg","53254","µV","24.037","°C","1017.000","hPa","34.9","pmil","0","55.710","deg","20.000","°C","100.000","%a.s.","22.780","deg","20.000","°C","969.000","hPa","0.82","-0.015","0.00036","-0.00014","0","10","Humid","58.27","1","2500.00","296904.52","SADF0001000082","ABF0.1.0.10","4.0.0.2393","PSt7-10","250224-007","7/27/2025 6:28:56 PM","0000-00","0","no battery","V","","µV","","µV"
"03/05/2026","14:56:19","2","default","813736599","OXY_06","100.333","min","310.724","μmol/L","Humid","17.678","deg","53249","µV","24.037","°C","1017.000","hPa","34.9","pmil","0","55.710","deg","20.000","°C","100.000","%a.s.","22.780","deg","20.000","°C","969.000","hPa","0.82","-0.015","0.00036","-0.00014","0","10","Humid","58.27","1","2500.00","296893.74","SADF0001000082","ABF0.1.0.10","4.0.0.2393","PSt7-10","250224-007","7/27/2025 6:28:56 PM","0000-00","0","no battery","V","","µV","","µV"
"03/05/2026","14:56:21","2","default","813736599","OXY_06","100.367","min","310.872","μmol/L","Humid","17.673","deg","53243","µV","24.037","°C","1017.000","hPa","34.9","pmil","0","55.710","deg","20.000","°C","100.000","%a.s.","22.780","deg","20.000","°C","969.000","hPa","0.82","-0.015","0.00036","-0.00014","0","10","Humid","58.27","1","2500.00","296901.44","SADF0001000082","ABF0.1.0.10","4.0.0.2393","PSt7-10","250224-007","7/27/2025 6:28:56 PM","0000-00","0","no battery","V","","µV","","µV"
"03/05/2026","14:56:23","2","default","813736599","OXY_06","100.399","min","310.699","μmol/L","Humid","17.677","deg","53235","µV","24.043","°C","1017.000","hPa","34.9","pmil","0","55.710","deg","20.000","°C","100.000","%a.s.","22.780","deg","20.000","°C","969.000","hPa","0.82","-0.015","0.00036","-0.00014","0","10","Humid","58.27","1","2500.00","296896.27","SADF0001000082","ABF0.1.0.10","4.0.0.2393","PSt7-10","250224-007","7/27/2025 6:28:56 PM","0000-00","0","no battery","V","","µV","","µV"
"03/05/2026","14:56:25","2","default","813736599","OXY_06","100.433","min","310.674","μmol/L","Humid","17.676","deg","53229","µV","24.049","°C","1017.000","hPa","34.9","pmil","0","55.710","deg","20.000","°C","100.000","%a.s.","22.780","deg","20.000","°C","969.000","hPa","0.82","-0.015","0.00036","-0.00014","0","10","Humid","58.27","1","2500.00","296907.23","SADF0001000082","ABF0.1.0.10","4.0.0.2393","PSt7-10","250224-007","7/27/2025 6:28:56 PM","0000-00","0","no battery","V","","µV","","µV"
"03/05/2026","14:56:27","2","default","813736599","OXY_06","100.467","min","310.763","μmol/L","Humid","17.673","deg","53231","µV","24.049","°C","1017.000","hPa","34.9","pmil","0","55.710","deg","20.000","°C","100.000","%a.s.","22.780","deg","20.000","°C","969.000","hPa","0.82","-0.015","0.00036","-0.00014","0","10","Humid","58.27","1","2500.00","296907.99","SADF0001000082","ABF0.1.0.10","4.0.0.2393","PSt7-10","250224-007","7/27/2025 6:28:56 PM","0000-00","0","no battery","V","","µV","","µV"
"03/05/2026","14:56:29","2","default","813736599","OXY_06","100.500","min","310.932","μmol/L","Humid","17.671","deg","53221","µV","24.037","°C","1017.000","hPa","34.9","pmil","0","55.710","deg","20.000","°C","100.000","%a.s.","22.780","deg","20.000","°C","969.000","hPa","0.82","-0.015","0.00036","-0.00014","0","10","Humid","58.27","1","2500.00","296894.17","SADF0001000082","ABF0.1.0.10","4.0.0.2393","PSt7-10","250224-007","7/27/2025 6:28:56 PM","0000-00","0","no battery","V","","µV","","µV"
"03/05/2026","14:56:31","2","default","813736599","OXY_06","100.533","min","311.016","μmol/L","Humid","17.670","deg","53219","µV","24.030","°C","1017.000","hPa","34.9","pmil","0","55.710","deg","20.000","°C","100.000","%a.s.","22.780","deg","20.000","°C","969.000","hPa","0.82","-0.015","0.00036","-0.00014","0","10","Humid","58.27","1","2500.00","296897.41","SADF0001000082","ABF0.1.0.10","4.0.0.2393","PSt7-10","250224-007","7/27/2025 6:28:56 PM","0000-00","0","no battery","V","","µV","","µV"
"03/05/2026","14:56:33","2","default","813736599","OXY_06","100.567","min","311.046","μmol/L","Humid","17.669","deg","53207","µV","24.030","°C","1017.000","hPa","34.9","pmil","0","55.710","deg","20.000","°C","100.000","%a.s.","22.780","deg","20.000","°C","969.000","hPa","0.82","-0.015","0.00036","-0.00014","0","10","Humid","58.27","1","2500.00","296902.87","SADF0001000082","ABF0.1.0.10","4.0.0.2393","PSt7-10","250224-007","7/27/2025 6:28:56 PM","0000-00","0","no battery","V","","µV","","µV"
"03/05/2026","14:56:35","2","default","813736599","OXY_06","100.600","min","310.957","μmol/L","Humid","17.672","deg","53204","µV","24.030","°C","1017.000","hPa","34.9","pmil","0","55.710","deg","20.000","°C","100.000","%a.s.","22.780","deg","20.000","°C","969.000","hPa","0.82","-0.015","0.00036","-0.00014","0","10","Humid","58.27","1","2500.00","296896.89","SADF0001000082","ABF0.1.0.10","4.0.0.2393","PSt7-10","250224-007","7/27/2025 6:28:56 PM","0000-00","0","no battery","V","","µV","","µV"
"03/05/2026","14:56:37","2","default","813736599","OXY_06","100.633","min","311.061","μmol/L","Humid","17.663","deg","53196","µV","24.049","°C","1017.000","hPa","34.9","pmil","0","55.710","deg","20.000","°C","100.000","%a.s.","22.780","deg","20.000","°C","969.000","hPa","0.82","-0.015","0.00036","-0.00014","0","10","Humid","58.27","1","2500.00","296895.22","SADF0001000082","ABF0.1.0.10","4.0.0.2393","PSt7-10","250224-007","7/27/2025 6:28:56 PM","0000-00","0","no battery","V","","µV","","µV"
"03/05/2026","14:56:39","2","default","813736599","OXY_06","100.666","min","311.200","μmol/L","Humid","17.662","deg","53189","µV","24.037","°C","1017.000","hPa","34.9","pmil","0","55.710","deg","20.000","°C","100.000","%a.s.","22.780","deg","20.000","°C","969.000","hPa","0.82","-0.015","0.00036","-0.00014","0","10","Humid","58.27","1","2500.00","296890.20","SADF0001000082","ABF0.1.0.10","4.0.0.2393","PSt7-10","250224-007","7/27/2025 6:28:56 PM","0000-00","0","no battery","V","","µV","","µV"
"03/05/2026","14:56:41","2","default","813736599","OXY_06","100.700","min","311.344","μmol/L","Humid","17.659","deg","53179","µV","24.030","°C","1017.000","hPa","34.9","pmil","0","55.710","deg","20.000","°C","100.000","%a.s.","22.780","deg","20.000","°C","969.000","hPa","0.82","-0.015","0.00036","-0.00014","0","10","Humid","58.27","1","2500.00","296902.63","SADF0001000082","ABF0.1.0.10","4.0.0.2393","PSt7-10","250224-007","7/27/2025 6:28:56 PM","0000-00","0","no battery","V","","µV","","µV"
"03/05/2026","14:56:43","2","default","813736599","OXY_06","100.734","min","311.532","μmol/L","Humid","17.649","deg","53175","µV","24.043","°C","1017.000","hPa","34.9","pmil","0","55.710","deg","20.000","°C","100.000","%a.s.","22.780","deg","20.000","°C","969.000","hPa","0.82","-0.015","0.00036","-0.00014","0","10","Humid","58.27","1","2500.00","296912.83","SADF0001000082","ABF0.1.0.10","4.0.0.2393","PSt7-10","250224-007","7/27/2025 6:28:56 PM","0000-00","0","no battery","V","","µV","","µV"
"03/05/2026","14:56:45","2","default","813736599","OXY_06","100.766","min","311.493","μmol/L","Humid","17.654","deg","53169","µV","24.030","°C","1017.000","hPa","34.9","pmil","0","55.710","deg","20.000","°C","100.000","%a.s.","22.780","deg","20.000","°C","969.000","hPa","0.82","-0.015","0.00036","-0.00014","0","10","Humid","58.27","1","2500.00","296907.48","SADF0001000082","ABF0.1.0.10","4.0.0.2393","PSt7-10","250224-007","7/27/2025 6:28:56 PM","0000-00","0","no battery","V","","µV","","µV"
"03/05/2026","14:56:47","2","default","813736599","OXY_06","100.800","min","311.344","μmol/L","Humid","17.659","deg","53157","µV","24.030","°C","1017.000","hPa","34.9","pmil","0","55.710","deg","20.000","°C","100.000","%a.s.","22.780","deg","20.000","°C","969.000","hPa","0.82","-0.015","0.00036","-0.00014","0","10","Humid","58.27","1","2500.00","296893.60","SADF0001000082","ABF0.1.0.10","4.0.0.2393","PSt7-10","250224-007","7/27/2025 6:28:56 PM","0000-00","0","no battery","V","","µV","","µV"
"03/05/2026","14:56:49","2","default","813736599","OXY_06","100.833","min","311.378","μmol/L","Humid","17.656","deg","53156","µV","24.037","°C","1017.000","hPa","34.9","pmil","0","55.710","deg","20.000","°C","100.000","%a.s.","22.780","deg","20.000","°C","969.000","hPa","0.82","-0.015","0.00036","-0.00014","0","10","Humid","58.27","1","2500.00","296904.15","SADF0001000082","ABF0.1.0.10","4.0.0.2393","PSt7-10","250224-007","7/27/2025 6:28:56 PM","0000-00","0","no battery","V","","µV","","µV"
"03/05/2026","14:56:51","2","default","813736599","OXY_06","100.867","min","311.706","μmol/L","Humid","17.645","deg","53150","µV","24.037","°C","1017.000","hPa","34.9","pmil","0","55.710","deg","20.000","°C","100.000","%a.s.","22.780","deg","20.000","°C","969.000","hPa","0.82","-0.015","0.00036","-0.00014","0","10","Humid","58.27","1","2500.00","296906.51","SADF0001000082","ABF0.1.0.10","4.0.0.2393","PSt7-10","250224-007","7/27/2025 6:28:56 PM","0000-00","0","no battery","V","","µV","","µV"
"03/05/2026","14:56:53","2","default","813736599","OXY_06","100.900","min","311.264","μmol/L","Humid","17.658","deg","53144","µV","24.043","°C","1017.000","hPa","34.9","pmil","0","55.710","deg","20.000","°C","100.000","%a.s.","22.780","deg","20.000","°C","969.000","hPa","0.82","-0.015","0.00036","-0.00014","0","10","Humid","58.27","1","2500.00","296909.02","SADF0001000082","ABF0.1.0.10","4.0.0.2393","PSt7-10","250224-007","7/27/2025 6:28:56 PM","0000-00","0","no battery","V","","µV","","µV"
"03/05/2026","14:56:55","2","default","813736599","OXY_06","100.933","min","311.354","μmol/L","Humid","17.655","deg","53144","µV","24.043","°C","1017.000","hPa","34.9","pmil","0","55.710","deg","20.000","°C","100.000","%a.s.","22.780","deg","20.000","°C","969.000","hPa","0.82","-0.015","0.00036","-0.00014","0","10","Humid","58.27","1","2500.00","296912.93","SADF0001000082","ABF0.1.0.10","4.0.0.2393","PSt7-10","250224-007","7/27/2025 6:28:56 PM","0000-00","0","no battery","V","","µV","","µV"
"03/05/2026","14:56:57","2","default","813736599","OXY_06","100.967","min","311.856","μmol/L","Humid","17.640","deg","53135","µV","24.037","°C","1017.000","hPa","34.9","pmil","0","55.710","deg","20.000","°C","100.000","%a.s.","22.780","deg","20.000","°C","969.000","hPa","0.82","-0.015","0.00036","-0.00014","0","10","Humid","58.27","1","2500.00","296903.20","SADF0001000082","ABF0.1.0.10","4.0.0.2393","PSt7-10","250224-007","7/27/2025 6:28:56 PM","0000-00","0","no battery","V","","µV","","µV"
"03/05/2026","14:56:59","2","default","813736599","OXY_06","100.999","min","311.507","μmol/L","Humid","17.648","deg","53131","µV","24.049","°C","1017.000","hPa","34.9","pmil","0","55.710","deg","20.000","°C","100.000","%a.s.","22.780","deg","20.000","°C","969.000","hPa","0.82","-0.015","0.00036","-0.00014","0","10","Humid","58.27","1","2500.00","296906.68","SADF0001000082","ABF0.1.0.10","4.0.0.2393","PSt7-10","250224-007","7/27/2025 6:28:56 PM","0000-00","0","no battery","V","","µV","","µV"
"03/05/2026","14:57:01","2","default","813736599","OXY_06","101.033","min","311.622","μmol/L","Humid","17.646","deg","53118","µV","24.043","°C","1017.000","hPa","34.9","pmil","0","55.710","deg","20.000","°C","100.000","%a.s.","22.780","deg","20.000","°C","969.000","hPa","0.82","-0.015","0.00036","-0.00014","0","10","Humid","58.27","1","2500.00","296894.31","SADF0001000082","ABF0.1.0.10","4.0.0.2393","PSt7-10","250224-007","7/27/2025 6:28:56 PM","0000-00","0","no battery","V","","µV","","µV"
"03/05/2026","14:57:03","2","default","813736599","OXY_06","101.067","min","311.910","μmol/L","Humid","17.640","deg","53119","µV","24.030","°C","1017.000","hPa","34.9","pmil","0","55.710","deg","20.000","°C","100.000","%a.s.","22.780","deg","20.000","°C","969.000","hPa","0.82","-0.015","0.00036","-0.00014","0","10","Humid","58.27","1","2500.00","296902.54","SADF0001000082","ABF0.1.0.10","4.0.0.2393","PSt7-10","250224-007","7/27/2025 6:28:56 PM","0000-00","0","no battery","V","","µV","","µV"
"03/05/2026","14:57:05","2","default","813736599","OXY_06","101.100","min","311.995","μmol/L","Humid","17.639","deg","53109","µV","24.024","°C","1017.000","hPa","34.9","pmil","0","55.710","deg","20.000","°C","100.000","%a.s.","22.780","deg","20.000","°C","969.000","hPa","0.82","-0.015","0.00036","-0.00014","0","10","Humid","58.27","1","2500.00","296897.74","SADF0001000082","ABF0.1.0.10","4.0.0.2393","PSt7-10","250224-007","7/27/2025 6:28:56 PM","0000-00","0","no battery","V","","µV","","µV"
"03/05/2026","14:57:07","2","default","813736599","OXY_06","101.133","min","311.801","μmol/L","Humid","17.640","deg","53105","µV","24.043","°C","1017.000","hPa","34.9","pmil","0","55.710","deg","20.000","°C","100.000","%a.s.","22.780","deg","20.000","°C","969.000","hPa","0.82","-0.015","0.00036","-0.00014","0","10","Humid","58.27","1","2500.00","296899.72","SADF0001000082","ABF0.1.0.10","4.0.0.2393","PSt7-10","250224-007","7/27/2025 6:28:56 PM","0000-00","0","no battery","V","","µV","","µV"
"03/05/2026","14:57:09","2","default","813736599","OXY_06","101.167","min","312.035","μmol/L","Humid","17.634","deg","53096","µV","24.037","°C","1017.000","hPa","34.9","pmil","0","55.710","deg","20.000","°C","100.000","%a.s.","22.780","deg","20.000","°C","969.000","hPa","0.82","-0.015","0.00036","-0.00014","0","10","Humid","58.27","1","2500.00","296901.77","SADF0001000082","ABF0.1.0.10","4.0.0.2393","PSt7-10","250224-007","7/27/2025 6:28:56 PM","0000-00","0","no battery","V","","µV","","µV"
"03/05/2026","14:57:11","2","default","813736599","OXY_06","101.200","min","312.015","μmol/L","Humid","17.631","deg","53085","µV","24.049","°C","1017.000","hPa","34.9","pmil","0","55.710","deg","20.000","°C","100.000","%a.s.","22.780","deg","20.000","°C","969.000","hPa","0.82","-0.015","0.00036","-0.00014","0","10","Humid","58.27","1","2500.00","296892.45","SADF0001000082","ABF0.1.0.10","4.0.0.2393","PSt7-10","250224-007","7/27/2025 6:28:56 PM","0000-00","0","no battery","V","","µV","","µV"
"03/05/2026","14:57:13","2","default","813736599","OXY_06","101.234","min","311.870","μmol/L","Humid","17.634","deg","53083","µV","24.055","°C","1017.000","hPa","34.9","pmil","0","55.710","deg","20.000","°C","100.000","%a.s.","22.780","deg","20.000","°C","969.000","hPa","0.82","-0.015","0.00036","-0.00014","0","10","Humid","58.27","1","2500.00","296903.63","SADF0001000082","ABF0.1.0.10","4.0.0.2393","PSt7-10","250224-007","7/27/2025 6:28:56 PM","0000-00","0","no battery","V","","µV","","µV"
"03/05/2026","14:57:15","2","default","813736599","OXY_06","101.266","min","312.159","μmol/L","Humid","17.628","deg","53077","µV","24.043","°C","1017.000","hPa","34.9","pmil","0","55.710","deg","20.000","°C","100.000","%a.s.","22.780","deg","20.000","°C","969.000","hPa","0.82","-0.015","0.00036","-0.00014","0","10","Humid","58.27","1","2500.00","296908.87","SADF0001000082","ABF0.1.0.10","4.0.0.2393","PSt7-10","250224-007","7/27/2025 6:28:56 PM","0000-00","0","no battery","V","","µV","","µV"
"03/05/2026","14:57:17","2","default","813736599","OXY_06","101.300","min","311.985","μmol/L","Humid","17.632","deg","53069","µV","24.049","°C","1017.000","hPa","34.9","pmil","0","55.710","deg","20.000","°C","100.000","%a.s.","22.780","deg","20.000","°C","969.000","hPa","0.82","-0.015","0.00036","-0.00014","0","10","Humid","58.27","1","2500.00","296899.85","SADF0001000082","ABF0.1.0.10","4.0.0.2393","PSt7-10","250224-007","7/27/2025 6:28:56 PM","0000-00","0","no battery","V","","µV","","µV"
"03/05/2026","14:57:19","2","default","813736599","OXY_06","101.333","min","312.164","μmol/L","Humid","17.626","deg","53076","µV","24.049","°C","1017.000","hPa","34.9","pmil","0","55.710","deg","20.000","°C","100.000","%a.s.","22.780","deg","20.000","°C","969.000","hPa","0.82","-0.015","0.00036","-0.00014","0","10","Humid","58.27","1","2500.00","296899.66","SADF0001000082","ABF0.1.0.10","4.0.0.2393","PSt7-10","250224-007","7/27/2025 6:28:56 PM","0000-00","0","no battery","V","","µV","","µV"
"03/05/2026","14:57:21","2","default","813736599","OXY_06","101.367","min","312.244","μmol/L","Humid","17.627","deg","53066","µV","24.037","°C","1017.000","hPa","34.9","pmil","0","55.710","deg","20.000","°C","100.000","%a.s.","22.780","deg","20.000","°C","969.000","hPa","0.82","-0.015","0.00036","-0.00014","0","10","Humid","58.27","1","2500.00","296890.65","SADF0001000082","ABF0.1.0.10","4.0.0.2393","PSt7-10","250224-007","7/27/2025 6:28:56 PM","0000-00","0","no battery","V","","µV","","µV"
"03/05/2026","14:57:23","2","default","813736599","OXY_06","101.400","min","312.159","μmol/L","Humid","17.628","deg","53060","µV","24.043","°C","1017.000","hPa","34.9","pmil","0","55.710","deg","20.000","°C","100.000","%a.s.","22.780","deg","20.000","°C","969.000","hPa","0.82","-0.015","0.00036","-0.00014","0","10","Humid","58.27","1","2500.00","296894.48","SADF0001000082","ABF0.1.0.10","4.0.0.2393","PSt7-10","250224-007","7/27/2025 6:28:56 PM","0000-00","0","no battery","V","","µV","","µV"
"03/05/2026","14:57:25","2","default","813736599","OXY_06","101.433","min","312.309","μmol/L","Humid","17.623","deg","53046","µV","24.043","°C","1017.000","hPa","34.9","pmil","0","55.710","deg","20.000","°C","100.000","%a.s.","22.780","deg","20.000","°C","969.000","hPa","0.82","-0.015","0.00036","-0.00014","0","10","Humid","58.27","1","2500.00","296898.96","SADF0001000082","ABF0.1.0.10","4.0.0.2393","PSt7-10","250224-007","7/27/2025 6:28:56 PM","0000-00","0","no battery","V","","µV","","µV"
"03/05/2026","14:57:27","2","default","813736599","OXY_06","101.467","min","312.344","μmol/L","Humid","17.620","deg","53045","µV","24.049","°C","1017.000","hPa","34.9","pmil","0","55.710","deg","20.000","°C","100.000","%a.s.","22.780","deg","20.000","°C","969.000","hPa","0.82","-0.015","0.00036","-0.00014","0","10","Humid","58.27","1","2500.00","296903.15","SADF0001000082","ABF0.1.0.10","4.0.0.2393","PSt7-10","250224-007","7/27/2025 6:28:56 PM","0000-00","0","no battery","V","","µV","","µV"
"03/05/2026","14:57:29","2","default","813736599","OXY_06","101.500","min","312.369","μmol/L","Humid","17.621","deg","53032","µV","24.043","°C","1017.000","hPa","34.9","pmil","0","55.710","deg","20.000","°C","100.000","%a.s.","22.780","deg","20.000","°C","969.000","hPa","0.82","-0.015","0.00036","-0.00014","0","10","Humid","58.27","1","2500.00","296906.01","SADF0001000082","ABF0.1.0.10","4.0.0.2393","PSt7-10","250224-007","7/27/2025 6:28:56 PM","0000-00","0","no battery","V","","µV","","µV"
"03/05/2026","14:57:31","2","default","813736599","OXY_06","101.533","min","312.289","μmol/L","Humid","17.620","deg","53030","µV","24.055","°C","1017.000","hPa","34.9","pmil","0","55.710","deg","20.000","°C","100.000","%a.s.","22.780","deg","20.000","°C","969.000","hPa","0.82","-0.015","0.00036","-0.00014","0","10","Humid","58.27","1","2500.00","296899.09","SADF0001000082","ABF0.1.0.10","4.0.0.2393","PSt7-10","250224-007","7/27/2025 6:28:56 PM","0000-00","0","no battery","V","","µV","","µV"
"03/05/2026","14:57:33","2","default","813736599","OXY_06","101.567","min","312.409","μmol/L","Humid","17.616","deg","53028","µV","24.055","°C","1017.000","hPa","34.9","pmil","0","55.710","deg","20.000","°C","100.000","%a.s.","22.780","deg","20.000","°C","969.000","hPa","0.82","-0.015","0.00036","-0.00014","0","10","Humid","58.27","1","2500.00","296899.60","SADF0001000082","ABF0.1.0.10","4.0.0.2393","PSt7-10","250224-007","7/27/2025 6:28:56 PM","0000-00","0","no battery","V","","µV","","µV"
"03/05/2026","14:57:35","2","default","813736599","OXY_06","101.600","min","313.013","μmol/L","Humid","17.605","deg","53016","µV","24.024","°C","1017.000","hPa","34.9","pmil","0","55.710","deg","20.000","°C","100.000","%a.s.","22.780","deg","20.000","°C","969.000","hPa","0.82","-0.015","0.00036","-0.00014","0","10","Humid","58.27","1","2500.00","296893.75","SADF0001000082","ABF0.1.0.10","4.0.0.2393","PSt7-10","250224-007","7/27/2025 6:28:56 PM","0000-00","0","no battery","V","","µV","","µV"
"03/05/2026","14:57:37","2","default","813736599","OXY_06","101.633","min","312.718","μmol/L","Humid","17.613","deg","53017","µV","24.030","°C","1017.000","hPa","34.9","pmil","0","55.710","deg","20.000","°C","100.000","%a.s.","22.780","deg","20.000","°C","969.000","hPa","0.82","-0.015","0.00036","-0.00014","0","10","Humid","58.27","1","2500.00","296898.51","SADF0001000082","ABF0.1.0.10","4.0.0.2393","PSt7-10","250224-007","7/27/2025 6:28:56 PM","0000-00","0","no battery","V","","µV","","µV"
"03/05/2026","14:57:39","2","default","813736599","OXY_06","101.666","min","312.548","μmol/L","Humid","17.615","deg","53010","µV","24.043","°C","1017.000","hPa","34.9","pmil","0","55.710","deg","20.000","°C","100.000","%a.s.","22.780","deg","20.000","°C","969.000","hPa","0.82","-0.015","0.00036","-0.00014","0","10","Humid","58.27","1","2500.00","296895.63","SADF0001000082","ABF0.1.0.10","4.0.0.2393","PSt7-10","250224-007","7/27/2025 6:28:56 PM","0000-00","0","no battery","V","","µV","","µV"
"03/05/2026","14:57:41","2","default","813736599","OXY_06","101.700","min","312.748","μmol/L","Humid","17.612","deg","53006","µV","24.030","°C","1017.000","hPa","34.9","pmil","0","55.710","deg","20.000","°C","100.000","%a.s.","22.780","deg","20.000","°C","969.000","hPa","0.82","-0.015","0.00036","-0.00014","0","10","Humid","58.27","1","2500.00","296891.68","SADF0001000082","ABF0.1.0.10","4.0.0.2393","PSt7-10","250224-007","7/27/2025 6:28:56 PM","0000-00","0","no battery","V","","µV","","µV"
"03/05/2026","14:57:43","2","default","813736599","OXY_06","101.733","min","312.778","μmol/L","Humid","17.611","deg","52997","µV","24.030","°C","1017.000","hPa","34.9","pmil","0","55.710","deg","20.000","°C","100.000","%a.s.","22.780","deg","20.000","°C","969.000","hPa","0.82","-0.015","0.00036","-0.00014","0","10","Humid","58.27","1","2500.00","296905.75","SADF0001000082","ABF0.1.0.10","4.0.0.2393","PSt7-10","250224-007","7/27/2025 6:28:56 PM","0000-00","0","no battery","V","","µV","","µV"
"03/05/2026","14:57:45","2","default","813736599","OXY_06","101.766","min","312.723","μmol/L","Humid","17.611","deg","52994","µV","24.037","°C","1017.000","hPa","34.9","pmil","0","55.710","deg","20.000","°C","100.000","%a.s.","22.780","deg","20.000","°C","969.000","hPa","0.82","-0.015","0.00036","-0.00014","0","10","Humid","58.27","1","2500.00","296913.04","SADF0001000082","ABF0.1.0.10","4.0.0.2393","PSt7-10","250224-007","7/27/2025 6:28:56 PM","0000-00","0","no battery","V","","µV","","µV"
"03/05/2026","14:57:47","2","default","813736599","OXY_06","101.800","min","312.533","μmol/L","Humid","17.610","deg","52986","µV","24.061","°C","1017.000","hPa","34.9","pmil","0","55.710","deg","20.000","°C","100.000","%a.s.","22.780","deg","20.000","°C","969.000","hPa","0.82","-0.015","0.00036","-0.00014","0","10","Humid","58.27","1","2500.00","296893.33","SADF0001000082","ABF0.1.0.10","4.0.0.2393","PSt7-10","250224-007","7/27/2025 6:28:56 PM","0000-00","0","no battery","V","","µV","","µV"
"03/05/2026","14:57:49","2","default","813736599","OXY_06","101.833","min","312.758","μmol/L","Humid","17.608","deg","52986","µV","24.043","°C","1017.000","hPa","34.9","pmil","0","55.710","deg","20.000","°C","100.000","%a.s.","22.780","deg","20.000","°C","969.000","hPa","0.82","-0.015","0.00036","-0.00014","0","10","Humid","58.27","1","2500.00","296897.94","SADF0001000082","ABF0.1.0.10","4.0.0.2393","PSt7-10","250224-007","7/27/2025 6:28:56 PM","0000-00","0","no battery","V","","µV","","µV"
"03/05/2026","14:57:51","2","default","813736599","OXY_06","101.867","min","312.908","μmol/L","Humid","17.603","deg","52985","µV","24.043","°C","1017.000","hPa","34.9","pmil","0","55.710","deg","20.000","°C","100.000","%a.s.","22.780","deg","20.000","°C","969.000","hPa","0.82","-0.015","0.00036","-0.00014","0","10","Humid","58.27","1","2500.00","296903.07","SADF0001000082","ABF0.1.0.10","4.0.0.2393","PSt7-10","250224-007","7/27/2025 6:28:56 PM","0000-00","0","no battery","V","","µV","","µV"
"03/05/2026","14:57:53","2","default","813736599","OXY_06","101.900","min","312.963","μmol/L","Humid","17.603","deg","52970","µV","24.037","°C","1017.000","hPa","34.9","pmil","0","55.710","deg","20.000","°C","100.000","%a.s.","22.780","deg","20.000","°C","969.000","hPa","0.82","-0.015","0.00036","-0.00014","0","10","Humid","58.27","1","2500.00","296908.21","SADF0001000082","ABF0.1.0.10","4.0.0.2393","PSt7-10","250224-007","7/27/2025 6:28:56 PM","0000-00","0","no battery","V","","µV","","µV"
"03/05/2026","14:57:55","2","default","813736599","OXY_06","101.933","min","312.993","μmol/L","Humid","17.602","deg","52971","µV","24.037","°C","1017.000","hPa","34.9","pmil","0","55.710","deg","20.000","°C","100.000","%a.s.","22.780","deg","20.000","°C","969.000","hPa","0.82","-0.015","0.00036","-0.00014","0","10","Humid","58.27","1","2500.00","296912.79","SADF0001000082","ABF0.1.0.10","4.0.0.2393","PSt7-10","250224-007","7/27/2025 6:28:56 PM","0000-00","0","no battery","V","","µV","","µV"
"03/05/2026","14:57:57","2","default","813736599","OXY_06","101.967","min","312.828","μmol/L","Humid","17.602","deg","52962","µV","24.055","°C","1017.000","hPa","34.9","pmil","0","55.710","deg","20.000","°C","100.000","%a.s.","22.780","deg","20.000","°C","969.000","hPa","0.82","-0.015","0.00036","-0.00014","0","10","Humid","58.27","1","2500.00","296904.57","SADF0001000082","ABF0.1.0.10","4.0.0.2393","PSt7-10","250224-007","7/27/2025 6:28:56 PM","0000-00","0","no battery","V","","µV","","µV"
"03/05/2026","14:57:59","2","default","813736599","OXY_06","102.000","min","313.088","μmol/L","Humid","17.597","deg","52952","µV","24.043","°C","1017.000","hPa","34.9","pmil","0","55.710","deg","20.000","°C","100.000","%a.s.","22.780","deg","20.000","°C","969.000","hPa","0.82","-0.015","0.00036","-0.00014","0","10","Humid","58.27","1","2500.00","296895.63","SADF0001000082","ABF0.1.0.10","4.0.0.2393","PSt7-10","250224-007","7/27/2025 6:28:56 PM","0000-00","0","no battery","V","","µV","","µV"
"03/05/2026","14:58:01","2","default","813736599","OXY_06","102.033","min","313.028","μmol/L","Humid","17.599","deg","52957","µV","24.043","°C","1017.000","hPa","34.9","pmil","0","55.710","deg","20.000","°C","100.000","%a.s.","22.780","deg","20.000","°C","969.000","hPa","0.82","-0.015","0.00036","-0.00014","0","10","Humid","58.27","1","2500.00","296907.71","SADF0001000082","ABF0.1.0.10","4.0.0.2393","PSt7-10","250224-007","7/27/2025 6:28:56 PM","0000-00","0","no battery","V","","µV","","µV"
"03/05/2026","14:58:03","2","default","813736599","OXY_06","102.067","min","313.233","μmol/L","Humid","17.594","deg","52953","µV","24.037","°C","1017.000","hPa","34.9","pmil","0","55.710","deg","20.000","°C","100.000","%a.s.","22.780","deg","20.000","°C","969.000","hPa","0.82","-0.015","0.00036","-0.00014","0","10","Humid","58.27","1","2500.00","296905.61","SADF0001000082","ABF0.1.0.10","4.0.0.2393","PSt7-10","250224-007","7/27/2025 6:28:56 PM","0000-00","0","no battery","V","","µV","","µV"
"03/05/2026","14:58:05","2","default","813736599","OXY_06","102.100","min","313.208","μmol/L","Humid","17.593","deg","52941","µV","24.043","°C","1017.000","hPa","34.9","pmil","0","55.710","deg","20.000","°C","100.000","%a.s.","22.780","deg","20.000","°C","969.000","hPa","0.82","-0.015","0.00036","-0.00014","0","10","Humid","58.27","1","2500.00","296892.92","SADF0001000082","ABF0.1.0.10","4.0.0.2393","PSt7-10","250224-007","7/27/2025 6:28:56 PM","0000-00","0","no battery","V","","µV","","µV"
"03/05/2026","14:58:07","2","default","813736599","OXY_06","102.133","min","313.428","μmol/L","Humid","17.593","deg","52940","µV","24.018","°C","1017.000","hPa","34.9","pmil","0","55.710","deg","20.000","°C","100.000","%a.s.","22.780","deg","20.000","°C","969.000","hPa","0.82","-0.015","0.00036","-0.00014","0","10","Humid","58.27","1","2500.00","296887.16","SADF0001000082","ABF0.1.0.10","4.0.0.2393","PSt7-10","250224-007","7/27/2025 6:28:56 PM","0000-00","0","no battery","V","","µV","","µV"
"03/05/2026","14:58:09","2","default","813736599","OXY_06","102.166","min","313.468","μmol/L","Humid","17.588","deg","52935","µV","24.030","°C","1017.000","hPa","34.9","pmil","0","55.710","deg","20.000","°C","100.000","%a.s.","22.780","deg","20.000","°C","969.000","hPa","0.82","-0.015","0.00036","-0.00014","0","10","Humid","58.27","1","2500.00","296899.88","SADF0001000082","ABF0.1.0.10","4.0.0.2393","PSt7-10","250224-007","7/27/2025 6:28:56 PM","0000-00","0","no battery","V","","µV","","µV"
"03/05/2026","14:58:11","2","default","813736599","OXY_06","102.200","min","313.268","μmol/L","Humid","17.591","deg","52922","µV","24.043","°C","1017.000","hPa","34.9","pmil","0","55.710","deg","20.000","°C","100.000","%a.s.","22.780","deg","20.000","°C","969.000","hPa","0.82","-0.015","0.00036","-0.00014","0","10","Humid","58.27","1","2500.00","296884.17","SADF0001000082","ABF0.1.0.10","4.0.0.2393","PSt7-10","250224-007","7/27/2025 6:28:56 PM","0000-00","0","no battery","V","","µV","","µV"
"03/05/2026","14:58:13","2","default","813736599","OXY_06","102.233","min","313.418","μmol/L","Humid","17.586","deg","52918","µV","24.043","°C","1017.000","hPa","34.9","pmil","0","55.710","deg","20.000","°C","100.000","%a.s.","22.780","deg","20.000","°C","969.000","hPa","0.82","-0.015","0.00036","-0.00014","0","10","Humid","58.27","1","2500.00","296891.92","SADF0001000082","ABF0.1.0.10","4.0.0.2393","PSt7-10","250224-007","7/27/2025 6:28:56 PM","0000-00","0","no battery","V","","µV","","µV"
"03/05/2026","14:58:15","2","default","813736599","OXY_06","102.266","min","313.423","μmol/L","Humid","17.584","deg","52913","µV","24.049","°C","1017.000","hPa","34.9","pmil","0","55.710","deg","20.000","°C","100.000","%a.s.","22.780","deg","20.000","°C","969.000","hPa","0.82","-0.015","0.00036","-0.00014","0","10","Humid","58.27","1","2500.00","296888.20","SADF0001000082","ABF0.1.0.10","4.0.0.2393","PSt7-10","250224-007","7/27/2025 6:28:56 PM","0000-00","0","no battery","V","","µV","","µV"
"03/05/2026","14:58:17","2","default","813736599","OXY_06","102.300","min","313.538","μmol/L","Humid","17.582","deg","52906","µV","24.043","°C","1017.000","hPa","34.9","pmil","0","55.710","deg","20.000","°C","100.000","%a.s.","22.780","deg","20.000","°C","969.000","hPa","0.82","-0.015","0.00036","-0.00014","0","10","Humid","58.27","1","2500.00","296894.84","SADF0001000082","ABF0.1.0.10","4.0.0.2393","PSt7-10","250224-007","7/27/2025 6:28:56 PM","0000-00","0","no battery","V","","µV","","µV"
"03/05/2026","14:58:19","2","default","813736599","OXY_06","102.334","min","313.508","μmol/L","Humid","17.583","deg","52898","µV","24.043","°C","1017.000","hPa","34.9","pmil","0","55.710","deg","20.000","°C","100.000","%a.s.","22.780","deg","20.000","°C","969.000","hPa","0.82","-0.015","0.00036","-0.00014","0","10","Humid","58.27","1","2500.00","296887.48","SADF0001000082","ABF0.1.0.10","4.0.0.2393","PSt7-10","250224-007","7/27/2025 6:28:56 PM","0000-00","0","no battery","V","","µV","","µV"
"03/05/2026","14:58:21","2","default","813736599","OXY_06","102.366","min","313.598","μmol/L","Humid","17.580","deg","52892","µV","24.043","°C","1017.000","hPa","34.9","pmil","0","55.710","deg","20.000","°C","100.000","%a.s.","22.780","deg","20.000","°C","969.000","hPa","0.82","-0.015","0.00036","-0.00014","0","10","Humid","58.27","1","2500.00","296899.23","SADF0001000082","ABF0.1.0.10","4.0.0.2393","PSt7-10","250224-007","7/27/2025 6:28:56 PM","0000-00","0","no battery","V","","µV","","µV"
"03/05/2026","14:58:23","2","default","813736599","OXY_06","102.400","min","313.654","μmol/L","Humid","17.580","deg","52885","µV","24.037","°C","1017.000","hPa","34.9","pmil","0","55.710","deg","20.000","°C","100.000","%a.s.","22.780","deg","20.000","°C","969.000","hPa","0.82","-0.015","0.00036","-0.00014","0","10","Humid","58.27","1","2500.00","296893.66","SADF0001000082","ABF0.1.0.10","4.0.0.2393","PSt7-10","250224-007","7/27/2025 6:28:56 PM","0000-00","0","no battery","V","","µV","","µV"
"03/05/2026","14:58:25","2","default","813736599","OXY_06","102.433","min","313.829","μmol/L","Humid","17.576","deg","52880","µV","24.030","°C","1017.000","hPa","34.9","pmil","0","55.710","deg","20.000","°C","100.000","%a.s.","22.780","deg","20.000","°C","969.000","hPa","0.82","-0.015","0.00036","-0.00014","0","10","Humid","58.27","1","2500.00","296881.23","SADF0001000082","ABF0.1.0.10","4.0.0.2393","PSt7-10","250224-007","7/27/2025 6:28:56 PM","0000-00","0","no battery","V","","µV","","µV"
"03/05/2026","14:58:27","2","default","813736599","OXY_06","102.466","min","313.734","μmol/L","Humid","17.570","deg","52882","µV","24.061","°C","1017.000","hPa","34.9","pmil","0","55.710","deg","20.000","°C","100.000","%a.s.","22.780","deg","20.000","°C","969.000","hPa","0.82","-0.015","0.00036","-0.00014","0","10","Humid","58.27","1","2500.00","296896.08","SADF0001000082","ABF0.1.0.10","4.0.0.2393","PSt7-10","250224-007","7/27/2025 6:28:56 PM","0000-00","0","no battery","V","","µV","","µV"
"03/05/2026","14:58:29","2","default","813736599","OXY_06","102.500","min","313.699","μmol/L","Humid","17.573","deg","52870","µV","24.055","°C","1017.000","hPa","34.9","pmil","0","55.710","deg","20.000","°C","100.000","%a.s.","22.780","deg","20.000","°C","969.000","hPa","0.82","-0.015","0.00036","-0.00014","0","10","Humid","58.27","1","2500.00","296890.68","SADF0001000082","ABF0.1.0.10","4.0.0.2393","PSt7-10","250224-007","7/27/2025 6:28:56 PM","0000-00","0","no battery","V","","µV","","µV"
"03/05/2026","14:58:31","2","default","813736599","OXY_06","102.533","min","313.689","μmol/L","Humid","17.577","deg","52870","µV","24.043","°C","1017.000","hPa","34.9","pmil","0","55.710","deg","20.000","°C","100.000","%a.s.","22.780","deg","20.000","°C","969.000","hPa","0.82","-0.015","0.00036","-0.00014","0","10","Humid","58.27","1","2500.00","296894.16","SADF0001000082","ABF0.1.0.10","4.0.0.2393","PSt7-10","250224-007","7/27/2025 6:28:56 PM","0000-00","0","no battery","V","","µV","","µV"
"03/05/2026","14:58:33","2","default","813736599","OXY_06","102.567","min","313.639","μmol/L","Humid","17.575","deg","52861","µV","24.055","°C","1017.000","hPa","34.9","pmil","0","55.710","deg","20.000","°C","100.000","%a.s.","22.780","deg","20.000","°C","969.000","hPa","0.82","-0.015","0.00036","-0.00014","0","10","Humid","58.27","1","2500.00","296900.33","SADF0001000082","ABF0.1.0.10","4.0.0.2393","PSt7-10","250224-007","7/27/2025 6:28:56 PM","0000-00","0","no battery","V","","µV","","µV"
"03/05/2026","14:58:35","2","default","813736599","OXY_06","102.600","min","313.985","μmol/L","Humid","17.569","deg","52856","µV","24.037","°C","1017.000","hPa","34.9","pmil","0","55.710","deg","20.000","°C","100.000","%a.s.","22.780","deg","20.000","°C","969.000","hPa","0.82","-0.015","0.00036","-0.00014","0","10","Humid","58.27","1","2500.00","296889.02","SADF0001000082","ABF0.1.0.10","4.0.0.2393","PSt7-10","250224-007","7/27/2025 6:28:56 PM","0000-00","0","no battery","V","","µV","","µV"
"03/05/2026","14:58:37","2","default","813736599","OXY_06","102.633","min","313.905","μmol/L","Humid","17.568","deg","52853","µV","24.049","°C","1017.000","hPa","34.9","pmil","0","55.710","deg","20.000","°C","100.000","%a.s.","22.780","deg","20.000","°C","969.000","hPa","0.82","-0.015","0.00036","-0.00014","0","10","Humid","58.27","1","2500.00","296890.86","SADF0001000082","ABF0.1.0.10","4.0.0.2393","PSt7-10","250224-007","7/27/2025 6:28:56 PM","0000-00","0","no battery","V","","µV","","µV"
"03/05/2026","14:58:39","2","default","813736599","OXY_06","102.667","min","313.905","μmol/L","Humid","17.568","deg","52849","µV","24.049","°C","1017.000","hPa","34.9","pmil","0","55.710","deg","20.000","°C","100.000","%a.s.","22.780","deg","20.000","°C","969.000","hPa","0.82","-0.015","0.00036","-0.00014","0","10","Humid","58.27","1","2500.00","296893.37","SADF0001000082","ABF0.1.0.10","4.0.0.2393","PSt7-10","250224-007","7/27/2025 6:28:56 PM","0000-00","0","no battery","V","","µV","","µV"
"03/05/2026","14:58:41","2","default","813736599","OXY_06","102.700","min","313.905","μmol/L","Humid","17.568","deg","52844","µV","24.049","°C","1017.000","hPa","34.9","pmil","0","55.710","deg","20.000","°C","100.000","%a.s.","22.780","deg","20.000","°C","969.000","hPa","0.82","-0.015","0.00036","-0.00014","0","10","Humid","58.27","1","2500.00","296891.78","SADF0001000082","ABF0.1.0.10","4.0.0.2393","PSt7-10","250224-007","7/27/2025 6:28:56 PM","0000-00","0","no battery","V","","µV","","µV"
"03/05/2026","14:58:43","2","default","813736599","OXY_06","102.733","min","314.251","μmol/L","Humid","17.562","deg","52834","µV","24.030","°C","1017.000","hPa","34.9","pmil","0","55.710","deg","20.000","°C","100.000","%a.s.","22.780","deg","20.000","°C","969.000","hPa","0.82","-0.015","0.00036","-0.00014","0","10","Humid","58.27","1","2500.00","296881.39","SADF0001000082","ABF0.1.0.10","4.0.0.2393","PSt7-10","250224-007","7/27/2025 6:28:56 PM","0000-00","0","no battery","V","","µV","","µV"
"03/05/2026","14:58:45","2","default","813736599","OXY_06","102.767","min","314.316","μmol/L","Humid","17.558","deg","52829","µV","24.037","°C","1017.000","hPa","34.9","pmil","0","55.710","deg","20.000","°C","100.000","%a.s.","22.780","deg","20.000","°C","969.000","hPa","0.82","-0.015","0.00036","-0.00014","0","10","Humid","58.27","1","2500.00","296891.83","SADF0001000082","ABF0.1.0.10","4.0.0.2393","PSt7-10","250224-007","7/27/2025 6:28:56 PM","0000-00","0","no battery","V","","µV","","µV"
"03/05/2026","14:58:47","2","default","813736599","OXY_06","102.800","min","314.221","μmol/L","Humid","17.563","deg","52820","µV","24.030","°C","1017.000","hPa","34.9","pmil","0","55.710","deg","20.000","°C","100.000","%a.s.","22.780","deg","20.000","°C","969.000","hPa","0.82","-0.015","0.00036","-0.00014","0","10","Humid","58.27","1","2500.00","296889.87","SADF0001000082","ABF0.1.0.10","4.0.0.2393","PSt7-10","250224-007","7/27/2025 6:28:56 PM","0000-00","0","no battery","V","","µV","","µV"
"03/05/2026","14:58:49","2","default","813736599","OXY_06","102.833","min","314.085","μmol/L","Humid","17.562","deg","52823","µV","24.049","°C","1017.000","hPa","34.9","pmil","0","55.710","deg","20.000","°C","100.000","%a.s.","22.780","deg","20.000","°C","969.000","hPa","0.82","-0.015","0.00036","-0.00014","0","10","Humid","58.27","1","2500.00","296892.63","SADF0001000082","ABF0.1.0.10","4.0.0.2393","PSt7-10","250224-007","7/27/2025 6:28:56 PM","0000-00","0","no battery","V","","µV","","µV"
"03/05/2026","14:58:51","2","default","813736599","OXY_06","102.866","min","314.231","μmol/L","Humid","17.559","deg","52812","µV","24.043","°C","1017.000","hPa","34.9","pmil","0","55.710","deg","20.000","°C","100.000","%a.s.","22.780","deg","20.000","°C","969.000","hPa","0.82","-0.015","0.00036","-0.00014","0","10","Humid","58.27","1","2500.00","296892.00","SADF0001000082","ABF0.1.0.10","4.0.0.2393","PSt7-10","250224-007","7/27/2025 6:28:56 PM","0000-00","0","no battery","V","","µV","","µV"
"03/05/2026","14:58:53","2","default","813736599","OXY_06","102.900","min","314.407","μmol/L","Humid","17.555","deg","52806","µV","24.037","°C","1017.000","hPa","34.9","pmil","0","55.710","deg","20.000","°C","100.000","%a.s.","22.780","deg","20.000","°C","969.000","hPa","0.82","-0.015","0.00036","-0.00014","0","10","Humid","58.27","1","2500.00","296890.42","SADF0001000082","ABF0.1.0.10","4.0.0.2393","PSt7-10","250224-007","7/27/2025 6:28:56 PM","0000-00","0","no battery","V","","µV","","µV"
"03/05/2026","14:58:55","2","default","813736599","OXY_06","102.933","min","314.402","μmol/L","Humid","17.557","deg","52801","µV","24.030","°C","1017.000","hPa","34.9","pmil","0","55.710","deg","20.000","°C","100.000","%a.s.","22.780","deg","20.000","°C","969.000","hPa","0.82","-0.015","0.00036","-0.00014","0","10","Humid","58.27","1","2500.00","296903.42","SADF0001000082","ABF0.1.0.10","4.0.0.2393","PSt7-10","250224-007","7/27/2025 6:28:56 PM","0000-00","0","no battery","V","","µV","","µV"
"03/05/2026","14:58:57","2","default","813736599","OXY_06","102.966","min","314.357","μmol/L","Humid","17.553","deg","52792","µV","24.049","°C","1017.000","hPa","34.9","pmil","0","55.710","deg","20.000","°C","100.000","%a.s.","22.780","deg","20.000","°C","969.000","hPa","0.82","-0.015","0.00036","-0.00014","0","10","Humid","58.27","1","2500.00","296886.20","SADF0001000082","ABF0.1.0.10","4.0.0.2393","PSt7-10","250224-007","7/27/2025 6:28:56 PM","0000-00","0","no battery","V","","µV","","µV"
"03/05/2026","14:58:59","2","default","813736599","OXY_06","103.000","min","314.382","μmol/L","Humid","17.554","deg","52789","µV","24.043","°C","1017.000","hPa","34.9","pmil","0","55.710","deg","20.000","°C","100.000","%a.s.","22.780","deg","20.000","°C","969.000","hPa","0.82","-0.015","0.00036","-0.00014","0","10","Humid","58.27","1","2500.00","296883.40","SADF0001000082","ABF0.1.0.10","4.0.0.2393","PSt7-10","250224-007","7/27/2025 6:28:56 PM","0000-00","0","no battery","V","","µV","","µV"
"03/05/2026","14:59:01","2","default","813736599","OXY_06","103.033","min","314.458","μmol/L","Humid","17.546","deg","52776","µV","24.061","°C","1017.000","hPa","34.9","pmil","0","55.710","deg","20.000","°C","100.000","%a.s.","22.780","deg","20.000","°C","969.000","hPa","0.82","-0.015","0.00036","-0.00014","0","10","Humid","58.27","1","2500.00","296883.28","SADF0001000082","ABF0.1.0.10","4.0.0.2393","PSt7-10","250224-007","7/27/2025 6:28:56 PM","0000-00","0","no battery","V","","µV","","µV"
"03/05/2026","14:59:03","2","default","813736599","OXY_06","103.067","min","314.216","μmol/L","Humid","17.554","deg","52773","µV","24.061","°C","1017.000","hPa","34.9","pmil","0","55.710","deg","20.000","°C","100.000","%a.s.","22.780","deg","20.000","°C","969.000","hPa","0.82","-0.015","0.00036","-0.00014","0","10","Humid","58.27","1","2500.00","296890.61","SADF0001000082","ABF0.1.0.10","4.0.0.2393","PSt7-10","250224-007","7/27/2025 6:28:56 PM","0000-00","0","no battery","V","","µV","","µV"
"03/05/2026","14:59:05","2","default","813736599","OXY_06","103.100","min","314.673","μmol/L","Humid","17.548","deg","52764","µV","24.030","°C","1017.000","hPa","34.9","pmil","0","55.710","deg","20.000","°C","100.000","%a.s.","22.780","deg","20.000","°C","969.000","hPa","0.82","-0.015","0.00036","-0.00014","0","10","Humid","58.27","1","2500.00","296900.37","SADF0001000082","ABF0.1.0.10","4.0.0.2393","PSt7-10","250224-007","7/27/2025 6:28:56 PM","0000-00","0","no battery","V","","µV","","µV"
"03/05/2026","14:59:07","2","default","813736599","OXY_06","103.133","min","314.805","μmol/L","Humid","17.540","deg","52757","µV","24.043","°C","1017.000","hPa","34.9","pmil","0","55.710","deg","20.000","°C","100.000","%a.s.","22.780","deg","20.000","°C","969.000","hPa","0.82","-0.015","0.00036","-0.00014","0","10","Humid","58.27","1","2500.00","296899.30","SADF0001000082","ABF0.1.0.10","4.0.0.2393","PSt7-10","250224-007","7/27/2025 6:28:56 PM","0000-00","0","no battery","V","","µV","","µV"
"03/05/2026","14:59:09","2","default","813736599","OXY_06","103.167","min","314.774","μmol/L","Humid","17.541","deg","52756","µV","24.043","°C","1017.000","hPa","34.9","pmil","0","55.710","deg","20.000","°C","100.000","%a.s.","22.780","deg","20.000","°C","969.000","hPa","0.82","-0.015","0.00036","-0.00014","0","10","Humid","58.27","1","2500.00","296905.87","SADF0001000082","ABF0.1.0.10","4.0.0.2393","PSt7-10","250224-007","7/27/2025 6:28:56 PM","0000-00","0","no battery","V","","µV","","µV"
"03/05/2026","14:59:11","2","default","813736599","OXY_06","103.200","min","314.609","μmol/L","Humid","17.541","deg","52747","µV","24.061","°C","1017.000","hPa","34.9","pmil","0","55.710","deg","20.000","°C","100.000","%a.s.","22.780","deg","20.000","°C","969.000","hPa","0.82","-0.015","0.00036","-0.00014","0","10","Humid","58.27","1","2500.00","296901.01","SADF0001000082","ABF0.1.0.10","4.0.0.2393","PSt7-10","250224-007","7/27/2025 6:28:56 PM","0000-00","0","no battery","V","","µV","","µV"
"03/05/2026","14:59:13","2","default","813736599","OXY_06","103.233","min","314.870","μmol/L","Humid","17.536","deg","52743","µV","24.049","°C","1017.000","hPa","34.9","pmil","0","55.710","deg","20.000","°C","100.000","%a.s.","22.780","deg","20.000","°C","969.000","hPa","0.82","-0.015","0.00036","-0.00014","0","10","Humid","58.27","1","2500.00","296898.53","SADF0001000082","ABF0.1.0.10","4.0.0.2393","PSt7-10","250224-007","7/27/2025 6:28:56 PM","0000-00","0","no battery","V","","µV","","µV"
"03/05/2026","14:59:15","2","default","813736599","OXY_06","103.266","min","314.931","μmol/L","Humid","17.534","deg","52734","µV","24.049","°C","1017.000","hPa","34.9","pmil","0","55.710","deg","20.000","°C","100.000","%a.s.","22.780","deg","20.000","°C","969.000","hPa","0.82","-0.015","0.00036","-0.00014","0","10","Humid","58.27","1","2500.00","296885.09","SADF0001000082","ABF0.1.0.10","4.0.0.2393","PSt7-10","250224-007","7/27/2025 6:28:56 PM","0000-00","0","no battery","V","","µV","","µV"
"03/05/2026","14:59:17","2","default","813736599","OXY_06","103.300","min","314.719","μmol/L","Humid","17.541","deg","52726","µV","24.049","°C","1017.000","hPa","34.9","pmil","0","55.710","deg","20.000","°C","100.000","%a.s.","22.780","deg","20.000","°C","969.000","hPa","0.82","-0.015","0.00036","-0.00014","0","10","Humid","58.27","1","2500.00","296895.09","SADF0001000082","ABF0.1.0.10","4.0.0.2393","PSt7-10","250224-007","7/27/2025 6:28:56 PM","0000-00","0","no battery","V","","µV","","µV"
"03/05/2026","14:59:19","2","default","813736599","OXY_06","103.333","min","315.137","μmol/L","Humid","17.529","deg","52725","µV","24.043","°C","1017.000","hPa","34.9","pmil","0","55.710","deg","20.000","°C","100.000","%a.s.","22.780","deg","20.000","°C","969.000","hPa","0.82","-0.015","0.00036","-0.00014","0","10","Humid","58.27","1","2500.00","296892.83","SADF0001000082","ABF0.1.0.10","4.0.0.2393","PSt7-10","250224-007","7/27/2025 6:28:56 PM","0000-00","0","no battery","V","","µV","","µV"
"03/05/2026","14:59:21","2","default","813736599","OXY_06","103.366","min","315.016","μmol/L","Humid","17.533","deg","52710","µV","24.043","°C","1017.000","hPa","34.9","pmil","0","55.710","deg","20.000","°C","100.000","%a.s.","22.780","deg","20.000","°C","969.000","hPa","0.82","-0.015","0.00036","-0.00014","0","10","Humid","58.27","1","2500.00","296896.92","SADF0001000082","ABF0.1.0.10","4.0.0.2393","PSt7-10","250224-007","7/27/2025 6:28:56 PM","0000-00","0","no battery","V","","µV","","µV"
"03/05/2026","14:59:23","2","default","813736599","OXY_06","103.400","min","315.319","μmol/L","Humid","17.523","deg","52711","µV","24.043","°C","1017.000","hPa","34.9","pmil","0","55.710","deg","20.000","°C","100.000","%a.s.","22.780","deg","20.000","°C","969.000","hPa","0.82","-0.015","0.00036","-0.00014","0","10","Humid","58.27","1","2500.00","296898.10","SADF0001000082","ABF0.1.0.10","4.0.0.2393","PSt7-10","250224-007","7/27/2025 6:28:56 PM","0000-00","0","no battery","V","","µV","","µV"
"03/05/2026","14:59:25","2","default","813736599","OXY_06","103.434","min","314.971","μmol/L","Humid","17.529","deg","52705","µV","24.061","°C","1017.000","hPa","34.9","pmil","0","55.710","deg","20.000","°C","100.000","%a.s.","22.780","deg","20.000","°C","969.000","hPa","0.82","-0.015","0.00036","-0.00014","0","10","Humid","58.27","1","2500.00","296899.26","SADF0001000082","ABF0.1.0.10","4.0.0.2393","PSt7-10","250224-007","7/27/2025 6:28:56 PM","0000-00","0","no battery","V","","µV","","µV"
"03/05/2026","14:59:27","2","default","813736599","OXY_06","103.466","min","315.339","μmol/L","Humid","17.526","deg","52701","µV","24.030","°C","1017.000","hPa","34.9","pmil","0","55.710","deg","20.000","°C","100.000","%a.s.","22.780","deg","20.000","°C","969.000","hPa","0.82","-0.015","0.00036","-0.00014","0","10","Humid","58.27","1","2500.00","296895.85","SADF0001000082","ABF0.1.0.10","4.0.0.2393","PSt7-10","250224-007","7/27/2025 6:28:56 PM","0000-00","0","no battery","V","","µV","","µV"
"03/05/2026","14:59:29","2","default","813736599","OXY_06","103.500","min","315.283","μmol/L","Humid","17.526","deg","52696","µV","24.037","°C","1017.000","hPa","34.9","pmil","0","55.710","deg","20.000","°C","100.000","%a.s.","22.780","deg","20.000","°C","969.000","hPa","0.82","-0.015","0.00036","-0.00014","0","10","Humid","58.27","1","2500.00","296893.58","SADF0001000082","ABF0.1.0.10","4.0.0.2393","PSt7-10","250224-007","7/27/2025 6:28:56 PM","0000-00","0","no battery","V","","µV","","µV"
"03/05/2026","14:59:31","2","default","813736599","OXY_06","103.533","min","315.642","μmol/L","Humid","17.516","deg","52684","µV","24.030","°C","1017.000","hPa","34.9","pmil","0","55.710","deg","20.000","°C","100.000","%a.s.","22.780","deg","20.000","°C","969.000","hPa","0.82","-0.015","0.00036","-0.00014","0","10","Humid","58.27","1","2500.00","296896.03","SADF0001000082","ABF0.1.0.10","4.0.0.2393","PSt7-10","250224-007","7/27/2025 6:28:56 PM","0000-00","0","no battery","V","","µV","","µV"
"03/05/2026","14:59:33","2","default","813736599","OXY_06","103.567","min","315.430","μmol/L","Humid","17.523","deg","52680","µV","24.030","°C","1017.000","hPa","34.9","pmil","0","55.710","deg","20.000","°C","100.000","%a.s.","22.780","deg","20.000","°C","969.000","hPa","0.82","-0.015","0.00036","-0.00014","0","10","Humid","58.27","1","2500.00","296896.08","SADF0001000082","ABF0.1.0.10","4.0.0.2393","PSt7-10","250224-007","7/27/2025 6:28:56 PM","0000-00","0","no battery","V","","µV","","µV"
"03/05/2026","14:59:35","2","default","813736599","OXY_06","103.600","min","315.587","μmol/L","Humid","17.516","deg","52670","µV","24.037","°C","1017.000","hPa","34.9","pmil","0","55.710","deg","20.000","°C","100.000","%a.s.","22.780","deg","20.000","°C","969.000","hPa","0.82","-0.015","0.00036","-0.00014","0","10","Humid","58.27","1","2500.00","296883.17","SADF0001000082","ABF0.1.0.10","4.0.0.2393","PSt7-10","250224-007","7/27/2025 6:28:56 PM","0000-00","0","no battery","V","","µV","","µV"
"03/05/2026","14:59:37","2","default","813736599","OXY_06","103.633","min","315.183","μmol/L","Humid","17.522","deg","52664","µV","24.061","°C","1017.000","hPa","34.9","pmil","0","55.710","deg","20.000","°C","100.000","%a.s.","22.780","deg","20.000","°C","969.000","hPa","0.82","-0.015","0.00036","-0.00014","0","10","Humid","58.27","1","2500.00","296893.04","SADF0001000082","ABF0.1.0.10","4.0.0.2393","PSt7-10","250224-007","7/27/2025 6:28:56 PM","0000-00","0","no battery","V","","µV","","µV"
"03/05/2026","14:59:39","2","default","813736599","OXY_06","103.666","min","315.567","μmol/L","Humid","17.513","deg","52662","µV","24.049","°C","1017.000","hPa","34.9","pmil","0","55.710","deg","20.000","°C","100.000","%a.s.","22.780","deg","20.000","°C","969.000","hPa","0.82","-0.015","0.00036","-0.00014","0","10","Humid","58.27","1","2500.00","296892.91","SADF0001000082","ABF0.1.0.10","4.0.0.2393","PSt7-10","250224-007","7/27/2025 6:28:56 PM","0000-00","0","no battery","V","","µV","","µV"
"03/05/2026","14:59:41","2","default","813736599","OXY_06","103.700","min","315.708","μmol/L","Humid","17.512","deg","52654","µV","24.037","°C","1017.000","hPa","34.9","pmil","0","55.710","deg","20.000","°C","100.000","%a.s.","22.780","deg","20.000","°C","969.000","hPa","0.82","-0.015","0.00036","-0.00014","0","10","Humid","58.27","1","2500.00","296898.17","SADF0001000082","ABF0.1.0.10","4.0.0.2393","PSt7-10","250224-007","7/27/2025 6:28:56 PM","0000-00","0","no battery","V","","µV","","µV"
"03/05/2026","14:59:43","2","default","813736599","OXY_06","103.734","min","315.779","μmol/L","Humid","17.506","deg","52651","µV","24.049","°C","1017.000","hPa","34.9","pmil","0","55.710","deg","20.000","°C","100.000","%a.s.","22.780","deg","20.000","°C","969.000","hPa","0.82","-0.015","0.00036","-0.00014","0","10","Humid","58.27","1","2500.00","296900.08","SADF0001000082","ABF0.1.0.10","4.0.0.2393","PSt7-10","250224-007","7/27/2025 6:28:56 PM","0000-00","0","no battery","V","","µV","","µV"
"03/05/2026","14:59:45","2","default","813736599","OXY_06","103.766","min","315.718","μmol/L","Humid","17.508","deg","52641","µV","24.049","°C","1017.000","hPa","34.9","pmil","0","55.710","deg","20.000","°C","100.000","%a.s.","22.780","deg","20.000","°C","969.000","hPa","0.82","-0.015","0.00036","-0.00014","0","10","Humid","58.27","1","2500.00","296888.60","SADF0001000082","ABF0.1.0.10","4.0.0.2393","PSt7-10","250224-007","7/27/2025 6:28:56 PM","0000-00","0","no battery","V","","µV","","µV"
"03/05/2026","14:59:47","2","default","813736599","OXY_06","103.800","min","315.633","μmol/L","Humid","17.509","deg","52636","µV","24.055","°C","1017.000","hPa","34.9","pmil","0","55.710","deg","20.000","°C","100.000","%a.s.","22.780","deg","20.000","°C","969.000","hPa","0.82","-0.015","0.00036","-0.00014","0","10","Humid","58.27","1","2500.00","296899.41","SADF0001000082","ABF0.1.0.10","4.0.0.2393","PSt7-10","250224-007","7/27/2025 6:28:56 PM","0000-00","0","no battery","V","","µV","","µV"
"03/05/2026","14:59:49","2","default","813736599","OXY_06","103.834","min","315.693","μmol/L","Humid","17.507","deg","52631","µV","24.055","°C","1017.000","hPa","34.9","pmil","0","55.710","deg","20.000","°C","100.000","%a.s.","22.780","deg","20.000","°C","969.000","hPa","0.82","-0.015","0.00036","-0.00014","0","10","Humid","58.27","1","2500.00","296890.65","SADF0001000082","ABF0.1.0.10","4.0.0.2393","PSt7-10","250224-007","7/27/2025 6:28:56 PM","0000-00","0","no battery","V","","µV","","µV"
"03/05/2026","14:59:51","2","default","813736599","OXY_06","103.866","min","315.895","μmol/L","Humid","17.504","deg","52625","µV","24.043","°C","1017.000","hPa","34.9","pmil","0","55.710","deg","20.000","°C","100.000","%a.s.","22.780","deg","20.000","°C","969.000","hPa","0.82","-0.015","0.00036","-0.00014","0","10","Humid","58.27","1","2500.00","296887.54","SADF0001000082","ABF0.1.0.10","4.0.0.2393","PSt7-10","250224-007","7/27/2025 6:28:56 PM","0000-00","0","no battery","V","","µV","","µV"
"03/05/2026","14:59:53","2","default","813736599","OXY_06","103.900","min","315.749","μmol/L","Humid","17.507","deg","52617","µV","24.049","°C","1017.000","hPa","34.9","pmil","0","55.710","deg","20.000","°C","100.000","%a.s.","22.780","deg","20.000","°C","969.000","hPa","0.82","-0.015","0.00036","-0.00014","0","10","Humid","58.27","1","2500.00","296885.62","SADF0001000082","ABF0.1.0.10","4.0.0.2393","PSt7-10","250224-007","7/27/2025 6:28:56 PM","0000-00","0","no battery","V","","µV","","µV"
"03/05/2026","14:59:55","2","default","813736599","OXY_06","103.933","min","316.013","μmol/L","Humid","17.491","deg","52614","µV","24.074","°C","1017.000","hPa","34.9","pmil","0","55.710","deg","20.000","°C","100.000","%a.s.","22.780","deg","20.000","°C","969.000","hPa","0.82","-0.015","0.00036","-0.00014","0","10","Humid","58.27","1","2500.00","296898.69","SADF0001000082","ABF0.1.0.10","4.0.0.2393","PSt7-10","250224-007","7/27/2025 6:28:56 PM","0000-00","0","no battery","V","","µV","","µV"
"03/05/2026","14:59:57","2","default","813736599","OXY_06","103.967","min","315.876","μmol/L","Humid","17.501","deg","52606","µV","24.055","°C","1017.000","hPa","34.9","pmil","0","55.710","deg","20.000","°C","100.000","%a.s.","22.780","deg","20.000","°C","969.000","hPa","0.82","-0.015","0.00036","-0.00014","0","10","Humid","58.27","1","2500.00","296882.77","SADF0001000082","ABF0.1.0.10","4.0.0.2393","PSt7-10","250224-007","7/27/2025 6:28:56 PM","0000-00","0","no battery","V","","µV","","µV"
"03/05/2026","14:59:59","2","default","813736599","OXY_06","104.000","min","315.759","μmol/L","Humid","17.503","deg","52600","µV","24.061","°C","1017.000","hPa","34.9","pmil","0","55.710","deg","20.000","°C","100.000","%a.s.","22.780","deg","20.000","°C","969.000","hPa","0.82","-0.015","0.00036","-0.00014","0","10","Humid","58.27","1","2500.00","296899.22","SADF0001000082","ABF0.1.0.10","4.0.0.2393","PSt7-10","250224-007","7/27/2025 6:28:56 PM","0000-00","0","no battery","V","","µV","","µV"
"03/05/2026","15:00:01","2","default","813736599","OXY_06","104.033","min","316.078","μmol/L","Humid","17.498","deg","52595","µV","24.043","°C","1017.000","hPa","34.9","pmil","0","55.710","deg","20.000","°C","100.000","%a.s.","22.780","deg","20.000","°C","969.000","hPa","0.82","-0.015","0.00036","-0.00014","0","10","Humid","58.27","1","2500.00","296895.17","SADF0001000082","ABF0.1.0.10","4.0.0.2393","PSt7-10","250224-007","7/27/2025 6:28:56 PM","0000-00","0","no battery","V","","µV","","µV"
"03/05/2026","15:00:03","2","default","813736599","OXY_06","104.067","min","316.144","μmol/L","Humid","17.494","deg","52588","µV","24.049","°C","1017.000","hPa","34.9","pmil","0","55.710","deg","20.000","°C","100.000","%a.s.","22.780","deg","20.000","°C","969.000","hPa","0.82","-0.015","0.00036","-0.00014","0","10","Humid","58.27","1","2500.00","296890.48","SADF0001000082","ABF0.1.0.10","4.0.0.2393","PSt7-10","250224-007","7/27/2025 6:28:56 PM","0000-00","0","no battery","V","","µV","","µV"
"03/05/2026","15:00:05","2","default","813736599","OXY_06","104.100","min","316.271","μmol/L","Humid","17.488","deg","52579","µV","24.055","°C","1017.000","hPa","34.9","pmil","0","55.710","deg","20.000","°C","100.000","%a.s.","22.780","deg","20.000","°C","969.000","hPa","0.82","-0.015","0.00036","-0.00014","0","10","Humid","58.27","1","2500.00","296902.69","SADF0001000082","ABF0.1.0.10","4.0.0.2393","PSt7-10","250224-007","7/27/2025 6:28:56 PM","0000-00","0","no battery","V","","µV","","µV"
"03/05/2026","15:00:07","2","default","813736599","OXY_06","104.133","min","316.088","μmol/L","Humid","17.494","deg","52576","µV","24.055","°C","1017.000","hPa","34.9","pmil","0","55.710","deg","20.000","°C","100.000","%a.s.","22.780","deg","20.000","°C","969.000","hPa","0.82","-0.015","0.00036","-0.00014","0","10","Humid","58.27","1","2500.00","296905.53","SADF0001000082","ABF0.1.0.10","4.0.0.2393","PSt7-10","250224-007","7/27/2025 6:28:56 PM","0000-00","0","no battery","V","","µV","","µV"
"03/05/2026","15:00:09","2","default","813736599","OXY_06","104.167","min","316.296","μmol/L","Humid","17.489","deg","52567","µV","24.049","°C","1017.000","hPa","34.9","pmil","0","55.710","deg","20.000","°C","100.000","%a.s.","22.780","deg","20.000","°C","969.000","hPa","0.82","-0.015","0.00036","-0.00014","0","10","Humid","58.27","1","2500.00","296900.79","SADF0001000082","ABF0.1.0.10","4.0.0.2393","PSt7-10","250224-007","7/27/2025 6:28:56 PM","0000-00","0","no battery","V","","µV","","µV"
"03/05/2026","15:00:11","2","default","813736599","OXY_06","104.200","min","316.448","μmol/L","Humid","17.484","deg","52562","µV","24.049","°C","1017.000","hPa","34.9","pmil","0","55.710","deg","20.000","°C","100.000","%a.s.","22.780","deg","20.000","°C","969.000","hPa","0.82","-0.015","0.00036","-0.00014","0","10","Humid","58.27","1","2500.00","296887.75","SADF0001000082","ABF0.1.0.10","4.0.0.2393","PSt7-10","250224-007","7/27/2025 6:28:56 PM","0000-00","0","no battery","V","","µV","","µV"
"03/05/2026","15:00:13","2","default","813736599","OXY_06","104.233","min","316.357","μmol/L","Humid","17.487","deg","52552","µV","24.049","°C","1017.000","hPa","34.9","pmil","0","55.710","deg","20.000","°C","100.000","%a.s.","22.780","deg","20.000","°C","969.000","hPa","0.82","-0.015","0.00036","-0.00014","0","10","Humid","58.27","1","2500.00","296901.01","SADF0001000082","ABF0.1.0.10","4.0.0.2393","PSt7-10","250224-007","7/27/2025 6:28:56 PM","0000-00","0","no battery","V","","µV","","µV"
"03/05/2026","15:00:15","2","default","813736599","OXY_06","104.266","min","316.514","μmol/L","Humid","17.480","deg","52545","µV","24.055","°C","1017.000","hPa","34.9","pmil","0","55.710","deg","20.000","°C","100.000","%a.s.","22.780","deg","20.000","°C","969.000","hPa","0.82","-0.015","0.00036","-0.00014","0","10","Humid","58.27","1","2500.00","296894.02","SADF0001000082","ABF0.1.0.10","4.0.0.2393","PSt7-10","250224-007","7/27/2025 6:28:56 PM","0000-00","0","no battery","V","","µV","","µV"
"03/05/2026","15:00:17","2","default","813736599","OXY_06","104.300","min","316.564","μmol/L","Humid","17.482","deg","52535","µV","24.043","°C","1017.000","hPa","34.9","pmil","0","55.710","deg","20.000","°C","100.000","%a.s.","22.780","deg","20.000","°C","969.000","hPa","0.82","-0.015","0.00036","-0.00014","0","10","Humid","58.27","1","2500.00","296891.15","SADF0001000082","ABF0.1.0.10","4.0.0.2393","PSt7-10","250224-007","7/27/2025 6:28:56 PM","0000-00","0","no battery","V","","µV","","µV"
"03/05/2026","15:00:19","2","default","813736599","OXY_06","104.334","min","316.550","μmol/L","Humid","17.477","deg","52530","µV","24.061","°C","1017.000","hPa","34.9","pmil","0","55.710","deg","20.000","°C","100.000","%a.s.","22.780","deg","20.000","°C","969.000","hPa","0.82","-0.015","0.00036","-0.00014","0","10","Humid","58.27","1","2500.00","296887.48","SADF0001000082","ABF0.1.0.10","4.0.0.2393","PSt7-10","250224-007","7/27/2025 6:28:56 PM","0000-00","0","no battery","V","","µV","","µV"
"03/05/2026","15:00:21","2","default","813736599","OXY_06","104.366","min","316.752","μmol/L","Humid","17.474","deg","52524","µV","24.049","°C","1017.000","hPa","34.9","pmil","0","55.710","deg","20.000","°C","100.000","%a.s.","22.780","deg","20.000","°C","969.000","hPa","0.82","-0.015","0.00036","-0.00014","0","10","Humid","58.27","1","2500.00","296889.83","SADF0001000082","ABF0.1.0.10","4.0.0.2393","PSt7-10","250224-007","7/27/2025 6:28:56 PM","0000-00","0","no battery","V","","µV","","µV"
"03/05/2026","15:00:23","2","default","813736599","OXY_06","104.400","min","316.930","μmol/L","Humid","17.470","deg","52518","µV","24.043","°C","1017.000","hPa","34.9","pmil","0","55.710","deg","20.000","°C","100.000","%a.s.","22.780","deg","20.000","°C","969.000","hPa","0.82","-0.015","0.00036","-0.00014","0","10","Humid","58.27","1","2500.00","296894.82","SADF0001000082","ABF0.1.0.10","4.0.0.2393","PSt7-10","250224-007","7/27/2025 6:28:56 PM","0000-00","0","no battery","V","","µV","","µV"
"03/05/2026","15:00:25","2","default","813736599","OXY_06","104.433","min","316.661","μmol/L","Humid","17.477","deg","52514","µV","24.049","°C","1017.000","hPa","34.9","pmil","0","55.710","deg","20.000","°C","100.000","%a.s.","22.780","deg","20.000","°C","969.000","hPa","0.82","-0.015","0.00036","-0.00014","0","10","Humid","58.27","1","2500.00","296890.81","SADF0001000082","ABF0.1.0.10","4.0.0.2393","PSt7-10","250224-007","7/27/2025 6:28:56 PM","0000-00","0","no battery","V","","µV","","µV"
"03/05/2026","15:00:27","2","default","813736599","OXY_06","104.467","min","316.778","μmol/L","Humid","17.475","deg","52509","µV","24.043","°C","1017.000","hPa","34.9","pmil","0","55.710","deg","20.000","°C","100.000","%a.s.","22.780","deg","20.000","°C","969.000","hPa","0.82","-0.015","0.00036","-0.00014","0","10","Humid","58.27","1","2500.00","296903.87","SADF0001000082","ABF0.1.0.10","4.0.0.2393","PSt7-10","250224-007","7/27/2025 6:28:56 PM","0000-00","0","no battery","V","","µV","","µV"
"03/05/2026","15:00:29","2","default","813736599","OXY_06","104.500","min","317.011","μmol/L","Humid","17.471","deg","52499","µV","24.030","°C","1017.000","hPa","34.9","pmil","0","55.710","deg","20.000","°C","100.000","%a.s.","22.780","deg","20.000","°C","969.000","hPa","0.82","-0.015","0.00036","-0.00014","0","10","Humid","58.27","1","2500.00","296899.32","SADF0001000082","ABF0.1.0.10","4.0.0.2393","PSt7-10","250224-007","7/27/2025 6:28:56 PM","0000-00","0","no battery","V","","µV","","µV"
"03/05/2026","15:00:31","2","default","813736599","OXY_06","104.533","min","316.941","μmol/L","Humid","17.466","deg","52495","µV","24.055","°C","1017.000","hPa","34.9","pmil","0","55.710","deg","20.000","°C","100.000","%a.s.","22.780","deg","20.000","°C","969.000","hPa","0.82","-0.015","0.00036","-0.00014","0","10","Humid","58.27","1","2500.00","296896.01","SADF0001000082","ABF0.1.0.10","4.0.0.2393","PSt7-10","250224-007","7/27/2025 6:28:56 PM","0000-00","0","no battery","V","","µV","","µV"
"03/05/2026","15:00:33","2","default","813736599","OXY_06","104.567","min","316.966","μmol/L","Humid","17.467","deg","52483","µV","24.049","°C","1017.000","hPa","34.9","pmil","0","55.710","deg","20.000","°C","100.000","%a.s.","22.780","deg","20.000","°C","969.000","hPa","0.82","-0.015","0.00036","-0.00014","0","10","Humid","58.27","1","2500.00","296909.21","SADF0001000082","ABF0.1.0.10","4.0.0.2393","PSt7-10","250224-007","7/27/2025 6:28:56 PM","0000-00","0","no battery","V","","µV","","µV"
"03/05/2026","15:00:35","2","default","813736599","OXY_06","104.600","min","317.093","μmol/L","Humid","17.461","deg","52477","µV","24.055","°C","1017.000","hPa","34.9","pmil","0","55.710","deg","20.000","°C","100.000","%a.s.","22.780","deg","20.000","°C","969.000","hPa","0.82","-0.015","0.00036","-0.00014","0","10","Humid","58.27","1","2500.00","296900.40","SADF0001000082","ABF0.1.0.10","4.0.0.2393","PSt7-10","250224-007","7/27/2025 6:28:56 PM","0000-00","0","no battery","V","","µV","","µV"
"03/05/2026","15:00:37","2","default","813736599","OXY_06","104.633","min","317.185","μmol/L","Humid","17.458","deg","52466","µV","24.055","°C","1017.000","hPa","34.9","pmil","0","55.710","deg","20.000","°C","100.000","%a.s.","22.780","deg","20.000","°C","969.000","hPa","0.82","-0.015","0.00036","-0.00014","0","10","Humid","58.27","1","2500.00","296891.62","SADF0001000082","ABF0.1.0.10","4.0.0.2393","PSt7-10","250224-007","7/27/2025 6:28:56 PM","0000-00","0","no battery","V","","µV","","µV"
"03/05/2026","15:00:39","2","default","813736599","OXY_06","104.667","min","317.149","μmol/L","Humid","17.461","deg","52465","µV","24.049","°C","1017.000","hPa","34.9","pmil","0","55.710","deg","20.000","°C","100.000","%a.s.","22.780","deg","20.000","°C","969.000","hPa","0.82","-0.015","0.00036","-0.00014","0","10","Humid","58.27","1","2500.00","296891.91","SADF0001000082","ABF0.1.0.10","4.0.0.2393","PSt7-10","250224-007","7/27/2025 6:28:56 PM","0000-00","0","no battery","V","","µV","","µV"
"03/05/2026","15:00:41","2","default","813736599","OXY_06","104.700","min","317.338","μmol/L","Humid","17.453","deg","52459","µV","24.055","°C","1017.000","hPa","34.9","pmil","0","55.710","deg","20.000","°C","100.000","%a.s.","22.780","deg","20.000","°C","969.000","hPa","0.82","-0.015","0.00036","-0.00014","0","10","Humid","58.27","1","2500.00","296896.09","SADF0001000082","ABF0.1.0.10","4.0.0.2393","PSt7-10","250224-007","7/27/2025 6:28:56 PM","0000-00","0","no battery","V","","µV","","µV"
"03/05/2026","15:00:43","2","default","813736599","OXY_06","104.733","min","317.226","μmol/L","Humid","17.453","deg","52457","µV","24.068","°C","1017.000","hPa","34.9","pmil","0","55.710","deg","20.000","°C","100.000","%a.s.","22.780","deg","20.000","°C","969.000","hPa","0.82","-0.015","0.00036","-0.00014","0","10","Humid","58.27","1","2500.00","296896.55","SADF0001000082","ABF0.1.0.10","4.0.0.2393","PSt7-10","250224-007","7/27/2025 6:28:56 PM","0000-00","0","no battery","V","","µV","","µV"
"03/05/2026","15:00:45","2","default","813736599","OXY_06","104.766","min","317.388","μmol/L","Humid","17.455","deg","52453","µV","24.043","°C","1017.000","hPa","34.9","pmil","0","55.710","deg","20.000","°C","100.000","%a.s.","22.780","deg","20.000","°C","969.000","hPa","0.82","-0.015","0.00036","-0.00014","0","10","Humid","58.27","1","2500.00","296900.92","SADF0001000082","ABF0.1.0.10","4.0.0.2393","PSt7-10","250224-007","7/27/2025 6:28:56 PM","0000-00","0","no battery","V","","µV","","µV"
"03/05/2026","15:00:47","2","default","813736599","OXY_06","104.800","min","317.505","μmol/L","Humid","17.453","deg","52447","µV","24.037","°C","1017.000","hPa","34.9","pmil","0","55.710","deg","20.000","°C","100.000","%a.s.","22.780","deg","20.000","°C","969.000","hPa","0.82","-0.015","0.00036","-0.00014","0","10","Humid","58.27","1","2500.00","296906.29","SADF0001000082","ABF0.1.0.10","4.0.0.2393","PSt7-10","250224-007","7/27/2025 6:28:56 PM","0000-00","0","no battery","V","","µV","","µV"
"03/05/2026","15:00:49","2","default","813736599","OXY_06","104.834","min","317.455","μmol/L","Humid","17.451","deg","52440","µV","24.049","°C","1017.000","hPa","34.9","pmil","0","55.710","deg","20.000","°C","100.000","%a.s.","22.780","deg","20.000","°C","969.000","hPa","0.82","-0.015","0.00036","-0.00014","0","10","Humid","58.27","1","2500.00","296902.36","SADF0001000082","ABF0.1.0.10","4.0.0.2393","PSt7-10","250224-007","7/27/2025 6:28:56 PM","0000-00","0","no battery","V","","µV","","µV"
"03/05/2026","15:00:51","2","default","813736599","OXY_06","104.866","min","317.679","μmol/L","Humid","17.440","deg","52432","µV","24.061","°C","1017.000","hPa","34.9","pmil","0","55.710","deg","20.000","°C","100.000","%a.s.","22.780","deg","20.000","°C","969.000","hPa","0.82","-0.015","0.00036","-0.00014","0","10","Humid","58.27","1","2500.00","296898.64","SADF0001000082","ABF0.1.0.10","4.0.0.2393","PSt7-10","250224-007","7/27/2025 6:28:56 PM","0000-00","0","no battery","V","","µV","","µV"
"03/05/2026","15:00:53","2","default","813736599","OXY_06","104.900","min","317.399","μmol/L","Humid","17.451","deg","52425","µV","24.055","°C","1017.000","hPa","34.9","pmil","0","55.710","deg","20.000","°C","100.000","%a.s.","22.780","deg","20.000","°C","969.000","hPa","0.82","-0.015","0.00036","-0.00014","0","10","Humid","58.27","1","2500.00","296893.88","SADF0001000082","ABF0.1.0.10","4.0.0.2393","PSt7-10","250224-007","7/27/2025 6:28:56 PM","0000-00","0","no battery","V","","µV","","µV"
"03/05/2026","15:00:55","2","default","813736599","OXY_06","104.933","min","317.577","μmol/L","Humid","17.447","deg","52419","µV","24.049","°C","1017.000","hPa","34.9","pmil","0","55.710","deg","20.000","°C","100.000","%a.s.","22.780","deg","20.000","°C","969.000","hPa","0.82","-0.015","0.00036","-0.00014","0","10","Humid","58.27","1","2500.00","296894.86","SADF0001000082","ABF0.1.0.10","4.0.0.2393","PSt7-10","250224-007","7/27/2025 6:28:56 PM","0000-00","0","no battery","V","","µV","","µV"
"03/05/2026","15:00:57","2","default","813736599","OXY_06","104.967","min","317.894","μmol/L","Humid","17.433","deg","52415","µV","24.061","°C","1017.000","hPa","34.9","pmil","0","55.710","deg","20.000","°C","100.000","%a.s.","22.780","deg","20.000","°C","969.000","hPa","0.82","-0.015","0.00036","-0.00014","0","10","Humid","58.27","1","2500.00","296889.13","SADF0001000082","ABF0.1.0.10","4.0.0.2393","PSt7-10","250224-007","7/27/2025 6:28:56 PM","0000-00","0","no battery","V","","µV","","µV"
"03/05/2026","15:00:59","2","default","813736599","OXY_06","104.999","min","317.643","μmol/L","Humid","17.443","deg","52400","µV","24.055","°C","1017.000","hPa","34.9","pmil","0","55.710","deg","20.000","°C","100.000","%a.s.","22.780","deg","20.000","°C","969.000","hPa","0.82","-0.015","0.00036","-0.00014","0","10","Humid","58.27","1","2500.00","296885.46","SADF0001000082","ABF0.1.0.10","4.0.0.2393","PSt7-10","250224-007","7/27/2025 6:28:56 PM","0000-00","0","no battery","V","","µV","","µV"
"03/05/2026","15:01:01","2","default","813736599","OXY_06","105.033","min","317.780","μmol/L","Humid","17.444","deg","52397","µV","24.037","°C","1017.000","hPa","34.9","pmil","0","55.710","deg","20.000","°C","100.000","%a.s.","22.780","deg","20.000","°C","969.000","hPa","0.82","-0.015","0.00036","-0.00014","0","10","Humid","58.27","1","2500.00","296880.96","SADF0001000082","ABF0.1.0.10","4.0.0.2393","PSt7-10","250224-007","7/27/2025 6:28:56 PM","0000-00","0","no battery","V","","µV","","µV"
"03/05/2026","15:01:03","2","default","813736599","OXY_06","105.067","min","317.858","μmol/L","Humid","17.436","deg","52394","µV","24.055","°C","1017.000","hPa","34.9","pmil","0","55.710","deg","20.000","°C","100.000","%a.s.","22.780","deg","20.000","°C","969.000","hPa","0.82","-0.015","0.00036","-0.00014","0","10","Humid","58.27","1","2500.00","296883.23","SADF0001000082","ABF0.1.0.10","4.0.0.2393","PSt7-10","250224-007","7/27/2025 6:28:56 PM","0000-00","0","no battery","V","","µV","","µV"
"03/05/2026","15:01:05","2","default","813736599","OXY_06","105.100","min","317.883","μmol/L","Humid","17.437","deg","52384","µV","24.049","°C","1017.000","hPa","34.9","pmil","0","55.710","deg","20.000","°C","100.000","%a.s.","22.780","deg","20.000","°C","969.000","hPa","0.82","-0.015","0.00036","-0.00014","0","10","Humid","58.27","1","2500.00","296893.77","SADF0001000082","ABF0.1.0.10","4.0.0.2393","PSt7-10","250224-007","7/27/2025 6:28:56 PM","0000-00","0","no battery","V","","µV","","µV"
"03/05/2026","15:01:07","2","default","813736599","OXY_06","105.133","min","317.950","μmol/L","Humid","17.433","deg","52380","µV","24.055","°C","1017.000","hPa","34.9","pmil","0","55.710","deg","20.000","°C","100.000","%a.s.","22.780","deg","20.000","°C","969.000","hPa","0.82","-0.015","0.00036","-0.00014","0","10","Humid","58.27","1","2500.00","296881.62","SADF0001000082","ABF0.1.0.10","4.0.0.2393","PSt7-10","250224-007","7/27/2025 6:28:56 PM","0000-00","0","no battery","V","","µV","","µV"
"03/05/2026","15:01:09","2","default","813736599","OXY_06","105.166","min","317.969","μmol/L","Humid","17.436","deg","52375","µV","24.043","°C","1017.000","hPa","34.9","pmil","0","55.710","deg","20.000","°C","100.000","%a.s.","22.780","deg","20.000","°C","969.000","hPa","0.82","-0.015","0.00036","-0.00014","0","10","Humid","58.27","1","2500.00","296890.23","SADF0001000082","ABF0.1.0.10","4.0.0.2393","PSt7-10","250224-007","7/27/2025 6:28:56 PM","0000-00","0","no battery","V","","µV","","µV"
"03/05/2026","15:01:11","2","default","813736599","OXY_06","105.200","min","317.822","μmol/L","Humid","17.439","deg","52368","µV","24.049","°C","1017.000","hPa","34.9","pmil","0","55.710","deg","20.000","°C","100.000","%a.s.","22.780","deg","20.000","°C","969.000","hPa","0.82","-0.015","0.00036","-0.00014","0","10","Humid","58.27","1","2500.00","296895.00","SADF0001000082","ABF0.1.0.10","4.0.0.2393","PSt7-10","250224-007","7/27/2025 6:28:56 PM","0000-00","0","no battery","V","","µV","","µV"
"03/05/2026","15:01:13","2","default","813736599","OXY_06","105.234","min","318.031","μmol/L","Humid","17.434","deg","52361","µV","24.043","°C","1017.000","hPa","34.9","pmil","0","55.710","deg","20.000","°C","100.000","%a.s.","22.780","deg","20.000","°C","969.000","hPa","0.82","-0.015","0.00036","-0.00014","0","10","Humid","58.27","1","2500.00","296885.99","SADF0001000082","ABF0.1.0.10","4.0.0.2393","PSt7-10","250224-007","7/27/2025 6:28:56 PM","0000-00","0","no battery","V","","µV","","µV"
"03/05/2026","15:01:15","2","default","813736599","OXY_06","105.266","min","318.072","μmol/L","Humid","17.429","deg","52363","µV","24.055","°C","1017.000","hPa","34.9","pmil","0","55.710","deg","20.000","°C","100.000","%a.s.","22.780","deg","20.000","°C","969.000","hPa","0.82","-0.015","0.00036","-0.00014","0","10","Humid","58.27","1","2500.00","296896.92","SADF0001000082","ABF0.1.0.10","4.0.0.2393","PSt7-10","250224-007","7/27/2025 6:28:56 PM","0000-00","0","no battery","V","","µV","","µV"
"03/05/2026","15:01:17","2","default","813736599","OXY_06","105.300","min","318.036","μmol/L","Humid","17.432","deg","52347","µV","24.049","°C","1017.000","hPa","34.9","pmil","0","55.710","deg","20.000","°C","100.000","%a.s.","22.780","deg","20.000","°C","969.000","hPa","0.82","-0.015","0.00036","-0.00014","0","10","Humid","58.27","1","2500.00","296901.85","SADF0001000082","ABF0.1.0.10","4.0.0.2393","PSt7-10","250224-007","7/27/2025 6:28:56 PM","0000-00","0","no battery","V","","µV","","µV"
"03/05/2026","15:01:19","2","default","813736599","OXY_06","105.333","min","318.393","μmol/L","Humid","17.424","deg","52344","µV","24.037","°C","1017.000","hPa","34.9","pmil","0","55.710","deg","20.000","°C","100.000","%a.s.","22.780","deg","20.000","°C","969.000","hPa","0.82","-0.015","0.00036","-0.00014","0","10","Humid","58.27","1","2500.00","296893.67","SADF0001000082","ABF0.1.0.10","4.0.0.2393","PSt7-10","250224-007","7/27/2025 6:28:56 PM","0000-00","0","no battery","V","","µV","","µV"
"03/05/2026","15:01:21","2","default","813736599","OXY_06","105.367","min","318.373","μmol/L","Humid","17.421","deg","52337","µV","24.049","°C","1017.000","hPa","34.9","pmil","0","55.710","deg","20.000","°C","100.000","%a.s.","22.780","deg","20.000","°C","969.000","hPa","0.82","-0.015","0.00036","-0.00014","0","10","Humid","58.27","1","2500.00","296892.09","SADF0001000082","ABF0.1.0.10","4.0.0.2393","PSt7-10","250224-007","7/27/2025 6:28:56 PM","0000-00","0","no battery","V","","µV","","µV"
"03/05/2026","15:01:23","2","default","813736599","OXY_06","105.400","min","318.583","μmol/L","Humid","17.416","deg","52333","µV","24.043","°C","1017.000","hPa","34.9","pmil","0","55.710","deg","20.000","°C","100.000","%a.s.","22.780","deg","20.000","°C","969.000","hPa","0.82","-0.015","0.00036","-0.00014","0","10","Humid","58.27","1","2500.00","296900.63","SADF0001000082","ABF0.1.0.10","4.0.0.2393","PSt7-10","250224-007","7/27/2025 6:28:56 PM","0000-00","0","no battery","V","","µV","","µV"
"03/05/2026","15:01:25","2","default","813736599","OXY_06","105.433","min","318.491","μmol/L","Humid","17.419","deg","52333","µV","24.043","°C","1017.000","hPa","34.9","pmil","0","55.710","deg","20.000","°C","100.000","%a.s.","22.780","deg","20.000","°C","969.000","hPa","0.82","-0.015","0.00036","-0.00014","0","10","Humid","58.27","1","2500.00","296892.09","SADF0001000082","ABF0.1.0.10","4.0.0.2393","PSt7-10","250224-007","7/27/2025 6:28:56 PM","0000-00","0","no battery","V","","µV","","µV"
"03/05/2026","15:01:27","2","default","813736599","OXY_06","105.467","min","318.220","μmol/L","Humid","17.426","deg","52325","µV","24.049","°C","1017.000","hPa","34.9","pmil","0","55.710","deg","20.000","°C","100.000","%a.s.","22.780","deg","20.000","°C","969.000","hPa","0.82","-0.015","0.00036","-0.00014","0","10","Humid","58.27","1","2500.00","296882.59","SADF0001000082","ABF0.1.0.10","4.0.0.2393","PSt7-10","250224-007","7/27/2025 6:28:56 PM","0000-00","0","no battery","V","","µV","","µV"
"03/05/2026","15:01:29","2","default","813736599","OXY_06","105.500","min","318.343","μmol/L","Humid","17.422","deg","52319","µV","24.049","°C","1017.000","hPa","34.9","pmil","0","55.710","deg","20.000","°C","100.000","%a.s.","22.780","deg","20.000","°C","969.000","hPa","0.82","-0.015","0.00036","-0.00014","0","10","Humid","58.27","1","2500.00","296882.99","SADF0001000082","ABF0.1.0.10","4.0.0.2393","PSt7-10","250224-007","7/27/2025 6:28:56 PM","0000-00","0","no battery","V","","µV","","µV"
"03/05/2026","15:01:31","2","default","813736599","OXY_06","105.533","min","318.435","μmol/L","Humid","17.419","deg","52311","µV","24.049","°C","1017.000","hPa","34.9","pmil","0","55.710","deg","20.000","°C","100.000","%a.s.","22.780","deg","20.000","°C","969.000","hPa","0.82","-0.015","0.00036","-0.00014","0","10","Humid","58.27","1","2500.00","296889.03","SADF0001000082","ABF0.1.0.10","4.0.0.2393","PSt7-10","250224-007","7/27/2025 6:28:56 PM","0000-00","0","no battery","V","","µV","","µV"
"03/05/2026","15:01:33","2","default","813736599","OXY_06","105.566","min","318.613","μmol/L","Humid","17.415","deg","52308","µV","24.043","°C","1017.000","hPa","34.9","pmil","0","55.710","deg","20.000","°C","100.000","%a.s.","22.780","deg","20.000","°C","969.000","hPa","0.82","-0.015","0.00036","-0.00014","0","10","Humid","58.27","1","2500.00","296891.90","SADF0001000082","ABF0.1.0.10","4.0.0.2393","PSt7-10","250224-007","7/27/2025 6:28:56 PM","0000-00","0","no battery","V","","µV","","µV"
"03/05/2026","15:01:35","2","default","813736599","OXY_06","105.600","min","318.736","μmol/L","Humid","17.411","deg","52301","µV","24.043","°C","1017.000","hPa","34.9","pmil","0","55.710","deg","20.000","°C","100.000","%a.s.","22.780","deg","20.000","°C","969.000","hPa","0.82","-0.015","0.00036","-0.00014","0","10","Humid","58.27","1","2500.00","296901.74","SADF0001000082","ABF0.1.0.10","4.0.0.2393","PSt7-10","250224-007","7/27/2025 6:28:56 PM","0000-00","0","no battery","V","","µV","","µV"
"03/05/2026","15:01:37","2","default","813736599","OXY_06","105.633","min","318.588","μmol/L","Humid","17.414","deg","52300","µV","24.049","°C","1017.000","hPa","34.9","pmil","0","55.710","deg","20.000","°C","100.000","%a.s.","22.780","deg","20.000","°C","969.000","hPa","0.82","-0.015","0.00036","-0.00014","0","10","Humid","58.27","1","2500.00","296893.88","SADF0001000082","ABF0.1.0.10","4.0.0.2393","PSt7-10","250224-007","7/27/2025 6:28:56 PM","0000-00","0","no battery","V","","µV","","µV"
"03/05/2026","15:01:39","2","default","813736599","OXY_06","105.667","min","318.798","μmol/L","Humid","17.409","deg","52291","µV","24.043","°C","1017.000","hPa","34.9","pmil","0","55.710","deg","20.000","°C","100.000","%a.s.","22.780","deg","20.000","°C","969.000","hPa","0.82","-0.015","0.00036","-0.00014","0","10","Humid","58.27","1","2500.00","296904.32","SADF0001000082","ABF0.1.0.10","4.0.0.2393","PSt7-10","250224-007","7/27/2025 6:28:56 PM","0000-00","0","no battery","V","","µV","","µV"
"03/05/2026","15:01:41","2","default","813736599","OXY_06","105.700","min","318.854","μmol/L","Humid","17.409","deg","52279","µV","24.037","°C","1017.000","hPa","34.9","pmil","0","55.710","deg","20.000","°C","100.000","%a.s.","22.780","deg","20.000","°C","969.000","hPa","0.82","-0.015","0.00036","-0.00014","0","10","Humid","58.27","1","2500.00","296886.80","SADF0001000082","ABF0.1.0.10","4.0.0.2393","PSt7-10","250224-007","7/27/2025 6:28:56 PM","0000-00","0","no battery","V","","µV","","µV"
"03/05/2026","15:01:43","2","default","813736599","OXY_06","105.733","min","318.910","μmol/L","Humid","17.409","deg","52274","µV","24.030","°C","1017.000","hPa","34.9","pmil","0","55.710","deg","20.000","°C","100.000","%a.s.","22.780","deg","20.000","°C","969.000","hPa","0.82","-0.015","0.00036","-0.00014","0","10","Humid","58.27","1","2500.00","296889.25","SADF0001000082","ABF0.1.0.10","4.0.0.2393","PSt7-10","250224-007","7/27/2025 6:28:56 PM","0000-00","0","no battery","V","","µV","","µV"
"03/05/2026","15:01:45","2","default","813736599","OXY_06","105.767","min","318.952","μmol/L","Humid","17.404","deg","52267","µV","24.043","°C","1017.000","hPa","34.9","pmil","0","55.710","deg","20.000","°C","100.000","%a.s.","22.780","deg","20.000","°C","969.000","hPa","0.82","-0.015","0.00036","-0.00014","0","10","Humid","58.27","1","2500.00","296883.13","SADF0001000082","ABF0.1.0.10","4.0.0.2393","PSt7-10","250224-007","7/27/2025 6:28:56 PM","0000-00","0","no battery","V","","µV","","µV"
"03/05/2026","15:01:47","2","default","813736599","OXY_06","105.800","min","318.982","μmol/L","Humid","17.403","deg","52263","µV","24.043","°C","1017.000","hPa","34.9","pmil","0","55.710","deg","20.000","°C","100.000","%a.s.","22.780","deg","20.000","°C","969.000","hPa","0.82","-0.015","0.00036","-0.00014","0","10","Humid","58.27","1","2500.00","296875.97","SADF0001000082","ABF0.1.0.10","4.0.0.2393","PSt7-10","250224-007","7/27/2025 6:28:56 PM","0000-00","0","no battery","V","","µV","","µV"
"03/05/2026","15:01:49","2","default","813736599","OXY_06","105.833","min","319.075","μmol/L","Humid","17.400","deg","52250","µV","24.043","°C","1017.000","hPa","34.9","pmil","0","55.710","deg","20.000","°C","100.000","%a.s.","22.780","deg","20.000","°C","969.000","hPa","0.82","-0.015","0.00036","-0.00014","0","10","Humid","58.27","1","2500.00","296881.32","SADF0001000082","ABF0.1.0.10","4.0.0.2393","PSt7-10","250224-007","7/27/2025 6:28:56 PM","0000-00","0","no battery","V","","µV","","µV"
"03/05/2026","15:01:51","2","default","813736599","OXY_06","105.867","min","318.809","μmol/L","Humid","17.405","deg","52252","µV","24.055","°C","1017.000","hPa","34.9","pmil","0","55.710","deg","20.000","°C","100.000","%a.s.","22.780","deg","20.000","°C","969.000","hPa","0.82","-0.015","0.00036","-0.00014","0","10","Humid","58.27","1","2500.00","296894.14","SADF0001000082","ABF0.1.0.10","4.0.0.2393","PSt7-10","250224-007","7/27/2025 6:28:56 PM","0000-00","0","no battery","V","","µV","","µV"
"03/05/2026","15:01:53","2","default","813736599","OXY_06","105.900","min","319.100","μmol/L","Humid","17.401","deg","52242","µV","24.037","°C","1017.000","hPa","34.9","pmil","0","55.710","deg","20.000","°C","100.000","%a.s.","22.780","deg","20.000","°C","969.000","hPa","0.82","-0.015","0.00036","-0.00014","0","10","Humid","58.27","1","2500.00","296894.28","SADF0001000082","ABF0.1.0.10","4.0.0.2393","PSt7-10","250224-007","7/27/2025 6:28:56 PM","0000-00","0","no battery","V","","µV","","µV"
"03/05/2026","15:01:55","2","default","813736599","OXY_06","105.933","min","318.887","μmol/L","Humid","17.397","deg","52231","µV","24.074","°C","1017.000","hPa","34.9","pmil","0","55.710","deg","20.000","°C","100.000","%a.s.","22.780","deg","20.000","°C","969.000","hPa","0.82","-0.015","0.00036","-0.00014","0","10","Humid","58.27","1","2500.00","296899.42","SADF0001000082","ABF0.1.0.10","4.0.0.2393","PSt7-10","250224-007","7/27/2025 6:28:56 PM","0000-00","0","no battery","V","","µV","","µV"
"03/05/2026","15:01:57","2","default","813736599","OXY_06","105.966","min","319.301","μmol/L","Humid","17.389","deg","52229","µV","24.055","°C","1017.000","hPa","34.9","pmil","0","55.710","deg","20.000","°C","100.000","%a.s.","22.780","deg","20.000","°C","969.000","hPa","0.82","-0.015","0.00036","-0.00014","0","10","Humid","58.27","1","2500.00","296886.64","SADF0001000082","ABF0.1.0.10","4.0.0.2393","PSt7-10","250224-007","7/27/2025 6:28:56 PM","0000-00","0","no battery","V","","µV","","µV"
"03/05/2026","15:01:59","2","default","813736599","OXY_06","106.000","min","319.214","μmol/L","Humid","17.390","deg","52221","µV","24.061","°C","1017.000","hPa","34.9","pmil","0","55.710","deg","20.000","°C","100.000","%a.s.","22.780","deg","20.000","°C","969.000","hPa","0.82","-0.015","0.00036","-0.00014","0","10","Humid","58.27","1","2500.00","296900.85","SADF0001000082","ABF0.1.0.10","4.0.0.2393","PSt7-10","250224-007","7/27/2025 6:28:56 PM","0000-00","0","no battery","V","","µV","","µV"
"03/05/2026","15:02:01","2","default","813736599","OXY_06","106.033","min","319.066","μmol/L","Humid","17.393","deg","52217","µV","24.068","°C","1017.000","hPa","34.9","pmil","0","55.710","deg","20.000","°C","100.000","%a.s.","22.780","deg","20.000","°C","969.000","hPa","0.82","-0.015","0.00036","-0.00014","0","10","Humid","58.27","1","2500.00","296899.80","SADF0001000082","ABF0.1.0.10","4.0.0.2393","PSt7-10","250224-007","7/27/2025 6:28:56 PM","0000-00","0","no battery","V","","µV","","µV"
"03/05/2026","15:02:03","2","default","813736599","OXY_06","106.067","min","319.481","μmol/L","Humid","17.385","deg","52212","µV","24.049","°C","1017.000","hPa","34.9","pmil","0","55.710","deg","20.000","°C","100.000","%a.s.","22.780","deg","20.000","°C","969.000","hPa","0.82","-0.015","0.00036","-0.00014","0","10","Humid","58.27","1","2500.00","296886.11","SADF0001000082","ABF0.1.0.10","4.0.0.2393","PSt7-10","250224-007","7/27/2025 6:28:56 PM","0000-00","0","no battery","V","","µV","","µV"
"03/05/2026","15:02:05","2","default","813736599","OXY_06","106.100","min","319.394","μmol/L","Humid","17.386","deg","52208","µV","24.055","°C","1017.000","hPa","34.9","pmil","0","55.710","deg","20.000","°C","100.000","%a.s.","22.780","deg","20.000","°C","969.000","hPa","0.82","-0.015","0.00036","-0.00014","0","10","Humid","58.27","1","2500.00","296893.26","SADF0001000082","ABF0.1.0.10","4.0.0.2393","PSt7-10","250224-007","7/27/2025 6:28:56 PM","0000-00","0","no battery","V","","µV","","µV"
"03/05/2026","15:02:07","2","default","813736599","OXY_06","106.133","min","319.553","μmol/L","Humid","17.379","deg","52197","µV","24.061","°C","1017.000","hPa","34.9","pmil","0","55.710","deg","20.000","°C","100.000","%a.s.","22.780","deg","20.000","°C","969.000","hPa","0.82","-0.015","0.00036","-0.00014","0","10","Humid","58.27","1","2500.00","296887.58","SADF0001000082","ABF0.1.0.10","4.0.0.2393","PSt7-10","250224-007","7/27/2025 6:28:56 PM","0000-00","0","no battery","V","","µV","","µV"
"03/05/2026","15:02:09","2","default","813736599","OXY_06","106.167","min","319.537","μmol/L","Humid","17.385","deg","52191","µV","24.043","°C","1017.000","hPa","34.9","pmil","0","55.710","deg","20.000","°C","100.000","%a.s.","22.780","deg","20.000","°C","969.000","hPa","0.82","-0.015","0.00036","-0.00014","0","10","Humid","58.27","1","2500.00","296893.39","SADF0001000082","ABF0.1.0.10","4.0.0.2393","PSt7-10","250224-007","7/27/2025 6:28:56 PM","0000-00","0","no battery","V","","µV","","µV"
"03/05/2026","15:02:11","2","default","813736599","OXY_06","106.200","min","319.548","μmol/L","Humid","17.381","deg","52185","µV","24.055","°C","1017.000","hPa","34.9","pmil","0","55.710","deg","20.000","°C","100.000","%a.s.","22.780","deg","20.000","°C","969.000","hPa","0.82","-0.015","0.00036","-0.00014","0","10","Humid","58.27","1","2500.00","296890.99","SADF0001000082","ABF0.1.0.10","4.0.0.2393","PSt7-10","250224-007","7/27/2025 6:28:56 PM","0000-00","0","no battery","V","","µV","","µV"
"03/05/2026","15:02:13","2","default","813736599","OXY_06","106.233","min","319.553","μmol/L","Humid","17.379","deg","52183","µV","24.061","°C","1017.000","hPa","34.9","pmil","0","55.710","deg","20.000","°C","100.000","%a.s.","22.780","deg","20.000","°C","969.000","hPa","0.82","-0.015","0.00036","-0.00014","0","10","Humid","58.27","1","2500.00","296879.25","SADF0001000082","ABF0.1.0.10","4.0.0.2393","PSt7-10","250224-007","7/27/2025 6:28:56 PM","0000-00","0","no battery","V","","µV","","µV"
"03/05/2026","15:02:15","2","default","813736599","OXY_06","106.266","min","319.584","μmol/L","Humid","17.378","deg","52169","µV","24.061","°C","1017.000","hPa","34.9","pmil","0","55.710","deg","20.000","°C","100.000","%a.s.","22.780","deg","20.000","°C","969.000","hPa","0.82","-0.015","0.00036","-0.00014","0","10","Humid","58.27","1","2500.00","296884.61","SADF0001000082","ABF0.1.0.10","4.0.0.2393","PSt7-10","250224-007","7/27/2025 6:28:56 PM","0000-00","0","no battery","V","","µV","","µV"
"03/05/2026","15:02:17","2","default","813736599","OXY_06","106.300","min","319.795","μmol/L","Humid","17.373","deg","52165","µV","24.055","°C","1017.000","hPa","34.9","pmil","0","55.710","deg","20.000","°C","100.000","%a.s.","22.780","deg","20.000","°C","969.000","hPa","0.82","-0.015","0.00036","-0.00014","0","10","Humid","58.27","1","2500.00","296898.00","SADF0001000082","ABF0.1.0.10","4.0.0.2393","PSt7-10","250224-007","7/27/2025 6:28:56 PM","0000-00","0","no battery","V","","µV","","µV"
"03/05/2026","15:02:19","2","default","813736599","OXY_06","106.334","min","319.702","μmol/L","Humid","17.376","deg","52159","µV","24.055","°C","1017.000","hPa","34.9","pmil","0","55.710","deg","20.000","°C","100.000","%a.s.","22.780","deg","20.000","°C","969.000","hPa","0.82","-0.015","0.00036","-0.00014","0","10","Humid","58.27","1","2500.00","296895.18","SADF0001000082","ABF0.1.0.10","4.0.0.2393","PSt7-10","250224-007","7/27/2025 6:28:56 PM","0000-00","0","no battery","V","","µV","","µV"
"03/05/2026","15:02:21","2","default","813736599","OXY_06","106.366","min","319.739","μmol/L","Humid","17.373","deg","52159","µV","24.061","°C","1017.000","hPa","34.9","pmil","0","55.710","deg","20.000","°C","100.000","%a.s.","22.780","deg","20.000","°C","969.000","hPa","0.82","-0.015","0.00036","-0.00014","0","10","Humid","58.27","1","2500.00","296878.71","SADF0001000082","ABF0.1.0.10","4.0.0.2393","PSt7-10","250224-007","7/27/2025 6:28:56 PM","0000-00","0","no battery","V","","µV","","µV"
"03/05/2026","15:02:23","2","default","813736599","OXY_06","106.400","min","319.943","μmol/L","Humid","17.370","deg","52148","µV","24.049","°C","1017.000","hPa","34.9","pmil","0","55.710","deg","20.000","°C","100.000","%a.s.","22.780","deg","20.000","°C","969.000","hPa","0.82","-0.015","0.00036","-0.00014","0","10","Humid","58.27","1","2500.00","296891.97","SADF0001000082","ABF0.1.0.10","4.0.0.2393","PSt7-10","250224-007","7/27/2025 6:28:56 PM","0000-00","0","no battery","V","","µV","","µV"
"03/05/2026","15:02:25","2","default","813736599","OXY_06","106.433","min","320.185","μmol/L","Humid","17.364","deg","52144","µV","24.043","°C","1017.000","hPa","34.9","pmil","0","55.710","deg","20.000","°C","100.000","%a.s.","22.780","deg","20.000","°C","969.000","hPa","0.82","-0.015","0.00036","-0.00014","0","10","Humid","58.27","1","2500.00","296887.46","SADF0001000082","ABF0.1.0.10","4.0.0.2393","PSt7-10","250224-007","7/27/2025 6:28:56 PM","0000-00","0","no battery","V","","µV","","µV"
"03/05/2026","15:02:27","2","default","813736599","OXY_06","106.467","min","319.929","μmol/L","Humid","17.365","deg","52138","µV","24.068","°C","1017.000","hPa","34.9","pmil","0","55.710","deg","20.000","°C","100.000","%a.s.","22.780","deg","20.000","°C","969.000","hPa","0.82","-0.015","0.00036","-0.00014","0","10","Humid","58.27","1","2500.00","296895.42","SADF0001000082","ABF0.1.0.10","4.0.0.2393","PSt7-10","250224-007","7/27/2025 6:28:56 PM","0000-00","0","no battery","V","","µV","","µV"
"03/05/2026","15:02:29","2","default","813736599","OXY_06","106.500","min","320.160","μmol/L","Humid","17.363","deg","52127","µV","24.049","°C","1017.000","hPa","34.9","pmil","0","55.710","deg","20.000","°C","100.000","%a.s.","22.780","deg","20.000","°C","969.000","hPa","0.82","-0.015","0.00036","-0.00014","0","10","Humid","58.27","1","2500.00","296883.19","SADF0001000082","ABF0.1.0.10","4.0.0.2393","PSt7-10","250224-007","7/27/2025 6:28:56 PM","0000-00","0","no battery","V","","µV","","µV"
"03/05/2026","15:02:31","2","default","813736599","OXY_06","106.533","min","320.154","μmol/L","Humid","17.365","deg","52127","µV","24.043","°C","1017.000","hPa","34.9","pmil","0","55.710","deg","20.000","°C","100.000","%a.s.","22.780","deg","20.000","°C","969.000","hPa","0.82","-0.015","0.00036","-0.00014","0","10","Humid","58.27","1","2500.00","296888.39","SADF0001000082","ABF0.1.0.10","4.0.0.2393","PSt7-10","250224-007","7/27/2025 6:28:56 PM","0000-00","0","no battery","V","","µV","","µV"
"03/05/2026","15:02:33","2","default","813736599","OXY_06","106.567","min","320.278","μmol/L","Humid","17.361","deg","52117","µV","24.043","°C","1017.000","hPa","34.9","pmil","0","55.710","deg","20.000","°C","100.000","%a.s.","22.780","deg","20.000","°C","969.000","hPa","0.82","-0.015","0.00036","-0.00014","0","10","Humid","58.27","1","2500.00","296886.37","SADF0001000082","ABF0.1.0.10","4.0.0.2393","PSt7-10","250224-007","7/27/2025 6:28:56 PM","0000-00","0","no battery","V","","µV","","µV"
"03/05/2026","15:02:35","2","default","813736599","OXY_06","106.600","min","320.289","μmol/L","Humid","17.357","deg","52113","µV","24.055","°C","1017.000","hPa","34.9","pmil","0","55.710","deg","20.000","°C","100.000","%a.s.","22.780","deg","20.000","°C","969.000","hPa","0.82","-0.015","0.00036","-0.00014","0","10","Humid","58.27","1","2500.00","296883.50","SADF0001000082","ABF0.1.0.10","4.0.0.2393","PSt7-10","250224-007","7/27/2025 6:28:56 PM","0000-00","0","no battery","V","","µV","","µV"
"03/05/2026","15:02:37","2","default","813736599","OXY_06","106.633","min","320.258","μmol/L","Humid","17.358","deg","52101","µV","24.055","°C","1017.000","hPa","34.9","pmil","0","55.710","deg","20.000","°C","100.000","%a.s.","22.780","deg","20.000","°C","969.000","hPa","0.82","-0.015","0.00036","-0.00014","0","10","Humid","58.27","1","2500.00","296890.85","SADF0001000082","ABF0.1.0.10","4.0.0.2393","PSt7-10","250224-007","7/27/2025 6:28:56 PM","0000-00","0","no battery","V","","µV","","µV"
"03/05/2026","15:02:39","2","default","813736599","OXY_06","106.667","min","320.264","μmol/L","Humid","17.356","deg","52096","µV","24.061","°C","1017.000","hPa","34.9","pmil","0","55.710","deg","20.000","°C","100.000","%a.s.","22.780","deg","20.000","°C","969.000","hPa","0.82","-0.015","0.00036","-0.00014","0","10","Humid","58.27","1","2500.00","296879.44","SADF0001000082","ABF0.1.0.10","4.0.0.2393","PSt7-10","250224-007","7/27/2025 6:28:56 PM","0000-00","0","no battery","V","","µV","","µV"
"03/05/2026","15:02:41","2","default","813736599","OXY_06","106.700","min","320.326","μmol/L","Humid","17.354","deg","52092","µV","24.061","°C","1017.000","hPa","34.9","pmil","0","55.710","deg","20.000","°C","100.000","%a.s.","22.780","deg","20.000","°C","969.000","hPa","0.82","-0.015","0.00036","-0.00014","0","10","Humid","58.27","1","2500.00","296893.22","SADF0001000082","ABF0.1.0.10","4.0.0.2393","PSt7-10","250224-007","7/27/2025 6:28:56 PM","0000-00","0","no battery","V","","µV","","µV"
"03/05/2026","15:02:43","2","default","813736599","OXY_06","106.733","min","320.109","μmol/L","Humid","17.361","deg","52081","µV","24.061","°C","1017.000","hPa","34.9","pmil","0","55.710","deg","20.000","°C","100.000","%a.s.","22.780","deg","20.000","°C","969.000","hPa","0.82","-0.015","0.00036","-0.00014","0","10","Humid","58.27","1","2500.00","296897.23","SADF0001000082","ABF0.1.0.10","4.0.0.2393","PSt7-10","250224-007","7/27/2025 6:28:56 PM","0000-00","0","no battery","V","","µV","","µV"
"03/05/2026","15:02:45","2","default","813736599","OXY_06","106.766","min","320.432","μmol/L","Humid","17.356","deg","52078","µV","24.043","°C","1017.000","hPa","34.9","pmil","0","55.710","deg","20.000","°C","100.000","%a.s.","22.780","deg","20.000","°C","969.000","hPa","0.82","-0.015","0.00036","-0.00014","0","10","Humid","58.27","1","2500.00","296875.28","SADF0001000082","ABF0.1.0.10","4.0.0.2393","PSt7-10","250224-007","7/27/2025 6:28:56 PM","0000-00","0","no battery","V","","µV","","µV"
"03/05/2026","15:02:47","2","default","813736599","OXY_06","106.800","min","320.475","μmol/L","Humid","17.351","deg","52075","µV","24.055","°C","1017.000","hPa","34.9","pmil","0","55.710","deg","20.000","°C","100.000","%a.s.","22.780","deg","20.000","°C","969.000","hPa","0.82","-0.015","0.00036","-0.00014","0","10","Humid","58.27","1","2500.00","296890.73","SADF0001000082","ABF0.1.0.10","4.0.0.2393","PSt7-10","250224-007","7/27/2025 6:28:56 PM","0000-00","0","no battery","V","","µV","","µV"
"03/05/2026","15:02:49","2","default","813736599","OXY_06","106.833","min","320.461","μmol/L","Humid","17.346","deg","52065","µV","24.074","°C","1017.000","hPa","34.9","pmil","0","55.710","deg","20.000","°C","100.000","%a.s.","22.780","deg","20.000","°C","969.000","hPa","0.82","-0.015","0.00036","-0.00014","0","10","Humid","58.27","1","2500.00","296896.17","SADF0001000082","ABF0.1.0.10","4.0.0.2393","PSt7-10","250224-007","7/27/2025 6:28:56 PM","0000-00","0","no battery","V","","µV","","µV"
"03/05/2026","15:02:51","2","default","813736599","OXY_06","106.866","min","320.610","μmol/L","Humid","17.343","deg","52062","µV","24.068","°C","1017.000","hPa","34.9","pmil","0","55.710","deg","20.000","°C","100.000","%a.s.","22.780","deg","20.000","°C","969.000","hPa","0.82","-0.015","0.00036","-0.00014","0","10","Humid","58.27","1","2500.00","296894.02","SADF0001000082","ABF0.1.0.10","4.0.0.2393","PSt7-10","250224-007","7/27/2025 6:28:56 PM","0000-00","0","no battery","V","","µV","","µV"
"03/05/2026","15:02:53","2","default","813736599","OXY_06","106.900","min","320.709","μmol/L","Humid","17.338","deg","52059","µV","24.074","°C","1017.000","hPa","34.9","pmil","0","55.710","deg","20.000","°C","100.000","%a.s.","22.780","deg","20.000","°C","969.000","hPa","0.82","-0.015","0.00036","-0.00014","0","10","Humid","58.27","1","2500.00","296902.02","SADF0001000082","ABF0.1.0.10","4.0.0.2393","PSt7-10","250224-007","7/27/2025 6:28:56 PM","0000-00","0","no battery","V","","µV","","µV"
"03/05/2026","15:02:55","2","default","813736599","OXY_06","106.933","min","320.672","μmol/L","Humid","17.341","deg","52050","µV","24.068","°C","1017.000","hPa","34.9","pmil","0","55.710","deg","20.000","°C","100.000","%a.s.","22.780","deg","20.000","°C","969.000","hPa","0.82","-0.015","0.00036","-0.00014","0","10","Humid","58.27","1","2500.00","296898.77","SADF0001000082","ABF0.1.0.10","4.0.0.2393","PSt7-10","250224-007","7/27/2025 6:28:56 PM","0000-00","0","no battery","V","","µV","","µV"
"03/05/2026","15:02:57","2","default","813736599","OXY_06","106.967","min","320.872","μmol/L","Humid","17.340","deg","52040","µV","24.049","°C","1017.000","hPa","34.9","pmil","0","55.710","deg","20.000","°C","100.000","%a.s.","22.780","deg","20.000","°C","969.000","hPa","0.82","-0.015","0.00036","-0.00014","0","10","Humid","58.27","1","2500.00","296902.79","SADF0001000082","ABF0.1.0.10","4.0.0.2393","PSt7-10","250224-007","7/27/2025 6:28:56 PM","0000-00","0","no battery","V","","µV","","µV"
"03/05/2026","15:02:59","2","default","813736599","OXY_06","107.000","min","320.745","μmol/L","Humid","17.335","deg","52034","µV","24.080","°C","1017.000","hPa","34.9","pmil","0","55.710","deg","20.000","°C","100.000","%a.s.","22.780","deg","20.000","°C","969.000","hPa","0.82","-0.015","0.00036","-0.00014","0","10","Humid","58.27","1","2500.00","296895.22","SADF0001000082","ABF0.1.0.10","4.0.0.2393","PSt7-10","250224-007","7/27/2025 6:28:56 PM","0000-00","0","no battery","V","","µV","","µV"
"03/05/2026","15:03:01","2","default","813736599","OXY_06","107.033","min","320.903","μmol/L","Humid","17.339","deg","52027","µV","24.049","°C","1017.000","hPa","34.9","pmil","0","55.710","deg","20.000","°C","100.000","%a.s.","22.780","deg","20.000","°C","969.000","hPa","0.82","-0.015","0.00036","-0.00014","0","10","Humid","58.27","1","2500.00","296903.57","SADF0001000082","ABF0.1.0.10","4.0.0.2393","PSt7-10","250224-007","7/27/2025 6:28:56 PM","0000-00","0","no battery","V","","µV","","µV"
"03/05/2026","15:03:03","2","default","813736599","OXY_06","107.066","min","320.790","μmol/L","Humid","17.339","deg","52022","µV","24.061","°C","1017.000","hPa","34.9","pmil","0","55.710","deg","20.000","°C","100.000","%a.s.","22.780","deg","20.000","°C","969.000","hPa","0.82","-0.015","0.00036","-0.00014","0","10","Humid","58.27","1","2500.00","296899.45","SADF0001000082","ABF0.1.0.10","4.0.0.2393","PSt7-10","250224-007","7/27/2025 6:28:56 PM","0000-00","0","no battery","V","","µV","","µV"
"03/05/2026","15:03:05","2","default","813736599","OXY_06","107.100","min","320.976","μmol/L","Humid","17.333","deg","52018","µV","24.061","°C","1017.000","hPa","34.9","pmil","0","55.710","deg","20.000","°C","100.000","%a.s.","22.780","deg","20.000","°C","969.000","hPa","0.82","-0.015","0.00036","-0.00014","0","10","Humid","58.27","1","2500.00","296909.25","SADF0001000082","ABF0.1.0.10","4.0.0.2393","PSt7-10","250224-007","7/27/2025 6:28:56 PM","0000-00","0","no battery","V","","µV","","µV"
"03/05/2026","15:03:07","2","default","813736599","OXY_06","107.134","min","321.007","μmol/L","Humid","17.332","deg","52007","µV","24.061","°C","1017.000","hPa","34.9","pmil","0","55.710","deg","20.000","°C","100.000","%a.s.","22.780","deg","20.000","°C","969.000","hPa","0.82","-0.015","0.00036","-0.00014","0","10","Humid","58.27","1","2500.00","296909.66","SADF0001000082","ABF0.1.0.10","4.0.0.2393","PSt7-10","250224-007","7/27/2025 6:28:56 PM","0000-00","0","no battery","V","","µV","","µV"
"03/05/2026","15:03:09","2","default","813736599","OXY_06","107.166","min","321.100","μmol/L","Humid","17.329","deg","52012","µV","24.061","°C","1017.000","hPa","34.9","pmil","0","55.710","deg","20.000","°C","100.000","%a.s.","22.780","deg","20.000","°C","969.000","hPa","0.82","-0.015","0.00036","-0.00014","0","10","Humid","58.27","1","2500.00","296901.26","SADF0001000082","ABF0.1.0.10","4.0.0.2393","PSt7-10","250224-007","7/27/2025 6:28:56 PM","0000-00","0","no battery","V","","µV","","µV"
"03/05/2026","15:03:11","2","default","813736599","OXY_06","107.200","min","321.213","μmol/L","Humid","17.329","deg","52007","µV","24.049","°C","1017.000","hPa","34.9","pmil","0","55.710","deg","20.000","°C","100.000","%a.s.","22.780","deg","20.000","°C","969.000","hPa","0.82","-0.015","0.00036","-0.00014","0","10","Humid","58.27","1","2500.00","296910.14","SADF0001000082","ABF0.1.0.10","4.0.0.2393","PSt7-10","250224-007","7/27/2025 6:28:56 PM","0000-00","0","no battery","V","","µV","","µV"
"03/05/2026","15:03:13","2","default","813736599","OXY_06","107.233","min","321.069","μmol/L","Humid","17.330","deg","51993","µV","24.061","°C","1017.000","hPa","34.9","pmil","0","55.710","deg","20.000","°C","100.000","%a.s.","22.780","deg","20.000","°C","969.000","hPa","0.82","-0.015","0.00036","-0.00014","0","10","Humid","58.27","1","2500.00","296895.07","SADF0001000082","ABF0.1.0.10","4.0.0.2393","PSt7-10","250224-007","7/27/2025 6:28:56 PM","0000-00","0","no battery","V","","µV","","µV"
"03/05/2026","15:03:15","2","default","813736599","OXY_06","107.266","min","321.611","μmol/L","Humid","17.318","deg","51988","µV","24.043","°C","1017.000","hPa","34.9","pmil","0","55.710","deg","20.000","°C","100.000","%a.s.","22.780","deg","20.000","°C","969.000","hPa","0.82","-0.015","0.00036","-0.00014","0","10","Humid","58.27","1","2500.00","296892.91","SADF0001000082","ABF0.1.0.10","4.0.0.2393","PSt7-10","250224-007","7/27/2025 6:28:56 PM","0000-00","0","no battery","V","","µV","","µV"
"03/05/2026","15:03:17","2","default","813736599","OXY_06","107.300","min","321.174","μmol/L","Humid","17.323","deg","51983","µV","24.074","°C","1017.000","hPa","34.9","pmil","0","55.710","deg","20.000","°C","100.000","%a.s.","22.780","deg","20.000","°C","969.000","hPa","0.82","-0.015","0.00036","-0.00014","0","10","Humid","58.27","1","2500.00","296894.93","SADF0001000082","ABF0.1.0.10","4.0.0.2393","PSt7-10","250224-007","7/27/2025 6:28:56 PM","0000-00","0","no battery","V","","µV","","µV"
"03/05/2026","15:03:19","2","default","813736599","OXY_06","107.333","min","321.400","μmol/L","Humid","17.323","deg","51977","µV","24.049","°C","1017.000","hPa","34.9","pmil","0","55.710","deg","20.000","°C","100.000","%a.s.","22.780","deg","20.000","°C","969.000","hPa","0.82","-0.015","0.00036","-0.00014","0","10","Humid","58.27","1","2500.00","296889.72","SADF0001000082","ABF0.1.0.10","4.0.0.2393","PSt7-10","250224-007","7/27/2025 6:28:56 PM","0000-00","0","no battery","V","","µV","","µV"
"03/05/2026","15:03:21","2","default","813736599","OXY_06","107.367","min","321.292","μmol/L","Humid","17.321","deg","51970","µV","24.068","°C","1017.000","hPa","34.9","pmil","0","55.710","deg","20.000","°C","100.000","%a.s.","22.780","deg","20.000","°C","969.000","hPa","0.82","-0.015","0.00036","-0.00014","0","10","Humid","58.27","1","2500.00","296887.60","SADF0001000082","ABF0.1.0.10","4.0.0.2393","PSt7-10","250224-007","7/27/2025 6:28:56 PM","0000-00","0","no battery","V","","µV","","µV"
"03/05/2026","15:03:23","2","default","813736599","OXY_06","107.400","min","321.250","μmol/L","Humid","17.326","deg","51969","µV","24.055","°C","1017.000","hPa","34.9","pmil","0","55.710","deg","20.000","°C","100.000","%a.s.","22.780","deg","20.000","°C","969.000","hPa","0.82","-0.015","0.00036","-0.00014","0","10","Humid","58.27","1","2500.00","296889.02","SADF0001000082","ABF0.1.0.10","4.0.0.2393","PSt7-10","250224-007","7/27/2025 6:28:56 PM","0000-00","0","no battery","V","","µV","","µV"
"03/05/2026","15:03:25","2","default","813736599","OXY_06","107.433","min","321.648","μmol/L","Humid","17.315","deg","51961","µV","24.049","°C","1017.000","hPa","34.9","pmil","0","55.710","deg","20.000","°C","100.000","%a.s.","22.780","deg","20.000","°C","969.000","hPa","0.82","-0.015","0.00036","-0.00014","0","10","Humid","58.27","1","2500.00","296900.09","SADF0001000082","ABF0.1.0.10","4.0.0.2393","PSt7-10","250224-007","7/27/2025 6:28:56 PM","0000-00","0","no battery","V","","µV","","µV"
"03/05/2026","15:03:27","2","default","813736599","OXY_06","107.466","min","321.436","μmol/L","Humid","17.320","deg","51953","µV","24.055","°C","1017.000","hPa","34.9","pmil","0","55.710","deg","20.000","°C","100.000","%a.s.","22.780","deg","20.000","°C","969.000","hPa","0.82","-0.015","0.00036","-0.00014","0","10","Humid","58.27","1","2500.00","296901.30","SADF0001000082","ABF0.1.0.10","4.0.0.2393","PSt7-10","250224-007","7/27/2025 6:28:56 PM","0000-00","0","no battery","V","","µV","","µV"
"03/05/2026","15:03:29","2","default","813736599","OXY_06","107.500","min","321.541","μmol/L","Humid","17.313","deg","51949","µV","24.068","°C","1017.000","hPa","34.9","pmil","0","55.710","deg","20.000","°C","100.000","%a.s.","22.780","deg","20.000","°C","969.000","hPa","0.82","-0.015","0.00036","-0.00014","0","10","Humid","58.27","1","2500.00","296893.64","SADF0001000082","ABF0.1.0.10","4.0.0.2393","PSt7-10","250224-007","7/27/2025 6:28:56 PM","0000-00","0","no battery","V","","µV","","µV"
"03/05/2026","15:03:31","2","default","813736599","OXY_06","107.533","min","321.485","μmol/L","Humid","17.313","deg","51944","µV","24.074","°C","1017.000","hPa","34.9","pmil","0","55.710","deg","20.000","°C","100.000","%a.s.","22.780","deg","20.000","°C","969.000","hPa","0.82","-0.015","0.00036","-0.00014","0","10","Humid","58.27","1","2500.00","296891.05","SADF0001000082","ABF0.1.0.10","4.0.0.2393","PSt7-10","250224-007","7/27/2025 6:28:56 PM","0000-00","0","no battery","V","","µV","","µV"
"03/05/2026","15:03:33","2","default","813736599","OXY_06","107.566","min","321.716","μmol/L","Humid","17.311","deg","51943","µV","24.055","°C","1017.000","hPa","34.9","pmil","0","55.710","deg","20.000","°C","100.000","%a.s.","22.780","deg","20.000","°C","969.000","hPa","0.82","-0.015","0.00036","-0.00014","0","10","Humid","58.27","1","2500.00","296889.98","SADF0001000082","ABF0.1.0.10","4.0.0.2393","PSt7-10","250224-007","7/27/2025 6:28:56 PM","0000-00","0","no battery","V","","µV","","µV"
"03/05/2026","15:03:35","2","default","813736599","OXY_06","107.600","min","321.940","μmol/L","Humid","17.302","deg","51934","µV","24.061","°C","1017.000","hPa","34.9","pmil","0","55.710","deg","20.000","°C","100.000","%a.s.","22.780","deg","20.000","°C","969.000","hPa","0.82","-0.015","0.00036","-0.00014","0","10","Humid","58.27","1","2500.00","296897.35","SADF0001000082","ABF0.1.0.10","4.0.0.2393","PSt7-10","250224-007","7/27/2025 6:28:56 PM","0000-00","0","no battery","V","","µV","","µV"
"03/05/2026","15:03:37","2","default","813736599","OXY_06","107.633","min","321.561","μmol/L","Humid","17.316","deg","51939","µV","24.055","°C","1017.000","hPa","34.9","pmil","0","55.710","deg","20.000","°C","100.000","%a.s.","22.780","deg","20.000","°C","969.000","hPa","0.82","-0.015","0.00036","-0.00014","0","10","Humid","58.27","1","2500.00","296896.66","SADF0001000082","ABF0.1.0.10","4.0.0.2393","PSt7-10","250224-007","7/27/2025 6:28:56 PM","0000-00","0","no battery","V","","µV","","µV"
"03/05/2026","15:03:39","2","default","813736599","OXY_06","107.667","min","321.558","μmol/L","Humid","17.307","deg","51924","µV","24.086","°C","1017.000","hPa","34.9","pmil","0","55.710","deg","20.000","°C","100.000","%a.s.","22.780","deg","20.000","°C","969.000","hPa","0.82","-0.015","0.00036","-0.00014","0","10","Humid","58.27","1","2500.00","296895.58","SADF0001000082","ABF0.1.0.10","4.0.0.2393","PSt7-10","250224-007","7/27/2025 6:28:56 PM","0000-00","0","no battery","V","","µV","","µV"
"03/05/2026","15:03:41","2","default","813736599","OXY_06","107.700","min","321.821","μmol/L","Humid","17.304","deg","51925","µV","24.068","°C","1017.000","hPa","34.9","pmil","0","55.710","deg","20.000","°C","100.000","%a.s.","22.780","deg","20.000","°C","969.000","hPa","0.82","-0.015","0.00036","-0.00014","0","10","Humid","58.27","1","2500.00","296898.31","SADF0001000082","ABF0.1.0.10","4.0.0.2393","PSt7-10","250224-007","7/27/2025 6:28:56 PM","0000-00","0","no battery","V","","µV","","µV"
"03/05/2026","15:03:43","2","default","813736599","OXY_06","107.733","min","321.909","μmol/L","Humid","17.303","deg","51920","µV","24.061","°C","1017.000","hPa","34.9","pmil","0","55.710","deg","20.000","°C","100.000","%a.s.","22.780","deg","20.000","°C","969.000","hPa","0.82","-0.015","0.00036","-0.00014","0","10","Humid","58.27","1","2500.00","296890.74","SADF0001000082","ABF0.1.0.10","4.0.0.2393","PSt7-10","250224-007","7/27/2025 6:28:56 PM","0000-00","0","no battery","V","","µV","","µV"
"03/05/2026","15:03:45","2","default","813736599","OXY_06","107.767","min","321.702","μmol/L","Humid","17.306","deg","51913","µV","24.074","°C","1017.000","hPa","34.9","pmil","0","55.710","deg","20.000","°C","100.000","%a.s.","22.780","deg","20.000","°C","969.000","hPa","0.82","-0.015","0.00036","-0.00014","0","10","Humid","58.27","1","2500.00","296895.70","SADF0001000082","ABF0.1.0.10","4.0.0.2393","PSt7-10","250224-007","7/27/2025 6:28:56 PM","0000-00","0","no battery","V","","µV","","µV"
"03/05/2026","15:03:47","2","default","813736599","OXY_06","107.800","min","321.946","μmol/L","Humid","17.300","deg","51907","µV","24.068","°C","1017.000","hPa","34.9","pmil","0","55.710","deg","20.000","°C","100.000","%a.s.","22.780","deg","20.000","°C","969.000","hPa","0.82","-0.015","0.00036","-0.00014","0","10","Humid","58.27","1","2500.00","296888.94","SADF0001000082","ABF0.1.0.10","4.0.0.2393","PSt7-10","250224-007","7/27/2025 6:28:56 PM","0000-00","0","no battery","V","","µV","","µV"
"03/05/2026","15:03:49","2","default","813736599","OXY_06","107.833","min","322.107","μmol/L","Humid","17.293","deg","51900","µV","24.074","°C","1017.000","hPa","34.9","pmil","0","55.710","deg","20.000","°C","100.000","%a.s.","22.780","deg","20.000","°C","969.000","hPa","0.82","-0.015","0.00036","-0.00014","0","10","Humid","58.27","1","2500.00","296912.32","SADF0001000082","ABF0.1.0.10","4.0.0.2393","PSt7-10","250224-007","7/27/2025 6:28:56 PM","0000-00","0","no battery","V","","µV","","µV"
"03/05/2026","15:03:51","2","default","813736599","OXY_06","107.866","min","322.183","μmol/L","Humid","17.296","deg","51888","µV","24.055","°C","1017.000","hPa","34.9","pmil","0","55.710","deg","20.000","°C","100.000","%a.s.","22.780","deg","20.000","°C","969.000","hPa","0.82","-0.015","0.00036","-0.00014","0","10","Humid","58.27","1","2500.00","296893.65","SADF0001000082","ABF0.1.0.10","4.0.0.2393","PSt7-10","250224-007","7/27/2025 6:28:56 PM","0000-00","0","no battery","V","","µV","","µV"
"03/05/2026","15:03:53","2","default","813736599","OXY_06","107.900","min","322.096","μmol/L","Humid","17.297","deg","51884","µV","24.061","°C","1017.000","hPa","34.9","pmil","0","55.710","deg","20.000","°C","100.000","%a.s.","22.780","deg","20.000","°C","969.000","hPa","0.82","-0.015","0.00036","-0.00014","0","10","Humid","58.27","1","2500.00","296906.24","SADF0001000082","ABF0.1.0.10","4.0.0.2393","PSt7-10","250224-007","7/27/2025 6:28:56 PM","0000-00","0","no battery","V","","µV","","µV"
"03/05/2026","15:03:55","2","default","813736599","OXY_06","107.934","min","322.271","μmol/L","Humid","17.295","deg","51883","µV","24.049","°C","1017.000","hPa","34.9","pmil","0","55.710","deg","20.000","°C","100.000","%a.s.","22.780","deg","20.000","°C","969.000","hPa","0.82","-0.015","0.00036","-0.00014","0","10","Humid","58.27","1","2500.00","296900.01","SADF0001000082","ABF0.1.0.10","4.0.0.2393","PSt7-10","250224-007","7/27/2025 6:28:56 PM","0000-00","0","no battery","V","","µV","","µV"
"03/05/2026","15:03:57","2","default","813736599","OXY_06","107.966","min","321.889","μmol/L","Humid","17.300","deg","51872","µV","24.074","°C","1017.000","hPa","34.9","pmil","0","55.710","deg","20.000","°C","100.000","%a.s.","22.780","deg","20.000","°C","969.000","hPa","0.82","-0.015","0.00036","-0.00014","0","10","Humid","58.27","1","2500.00","296888.25","SADF0001000082","ABF0.1.0.10","4.0.0.2393","PSt7-10","250224-007","7/27/2025 6:28:56 PM","0000-00","0","no battery","V","","µV","","µV"
"03/05/2026","15:03:59","2","default","813736599","OXY_06","108.000","min","322.302","μmol/L","Humid","17.294","deg","51872","µV","24.049","°C","1017.000","hPa","34.9","pmil","0","55.710","deg","20.000","°C","100.000","%a.s.","22.780","deg","20.000","°C","969.000","hPa","0.82","-0.015","0.00036","-0.00014","0","10","Humid","58.27","1","2500.00","296888.90","SADF0001000082","ABF0.1.0.10","4.0.0.2393","PSt7-10","250224-007","7/27/2025 6:28:56 PM","0000-00","0","no battery","V","","µV","","µV"
"03/05/2026","15:04:01","2","default","813736599","OXY_06","108.033","min","322.308","μmol/L","Humid","17.292","deg","51869","µV","24.055","°C","1017.000","hPa","34.9","pmil","0","55.710","deg","20.000","°C","100.000","%a.s.","22.780","deg","20.000","°C","969.000","hPa","0.82","-0.015","0.00036","-0.00014","0","10","Humid","58.27","1","2500.00","296898.88","SADF0001000082","ABF0.1.0.10","4.0.0.2393","PSt7-10","250224-007","7/27/2025 6:28:56 PM","0000-00","0","no battery","V","","µV","","µV"
"03/05/2026","15:04:03","2","default","813736599","OXY_06","108.067","min","322.289","μmol/L","Humid","17.289","deg","51860","µV","24.068","°C","1017.000","hPa","34.9","pmil","0","55.710","deg","20.000","°C","100.000","%a.s.","22.780","deg","20.000","°C","969.000","hPa","0.82","-0.015","0.00036","-0.00014","0","10","Humid","58.27","1","2500.00","296903.49","SADF0001000082","ABF0.1.0.10","4.0.0.2393","PSt7-10","250224-007","7/27/2025 6:28:56 PM","0000-00","0","no battery","V","","µV","","µV"
"03/05/2026","15:04:05","2","default","813736599","OXY_06","108.100","min","322.269","μmol/L","Humid","17.286","deg","51862","µV","24.080","°C","1017.000","hPa","34.9","pmil","0","55.710","deg","20.000","°C","100.000","%a.s.","22.780","deg","20.000","°C","969.000","hPa","0.82","-0.015","0.00036","-0.00014","0","10","Humid","58.27","1","2500.00","296902.18","SADF0001000082","ABF0.1.0.10","4.0.0.2393","PSt7-10","250224-007","7/27/2025 6:28:56 PM","0000-00","0","no battery","V","","µV","","µV"
"03/05/2026","15:04:07","2","default","813736599","OXY_06","108.133","min","322.365","μmol/L","Humid","17.292","deg","51853","µV","24.049","°C","1017.000","hPa","34.9","pmil","0","55.710","deg","20.000","°C","100.000","%a.s.","22.780","deg","20.000","°C","969.000","hPa","0.82","-0.015","0.00036","-0.00014","0","10","Humid","58.27","1","2500.00","296903.83","SADF0001000082","ABF0.1.0.10","4.0.0.2393","PSt7-10","250224-007","7/27/2025 6:28:56 PM","0000-00","0","no battery","V","","µV","","µV"
"03/05/2026","15:04:09","2","default","813736599","OXY_06","108.166","min","322.521","μmol/L","Humid","17.287","deg","51845","µV","24.049","°C","1017.000","hPa","34.9","pmil","0","55.710","deg","20.000","°C","100.000","%a.s.","22.780","deg","20.000","°C","969.000","hPa","0.82","-0.015","0.00036","-0.00014","0","10","Humid","58.27","1","2500.00","296915.01","SADF0001000082","ABF0.1.0.10","4.0.0.2393","PSt7-10","250224-007","7/27/2025 6:28:56 PM","0000-00","0","no battery","V","","µV","","µV"
"03/05/2026","15:04:11","2","default","813736599","OXY_06","108.200","min","322.614","μmol/L","Humid","17.284","deg","51840","µV","24.049","°C","1017.000","hPa","34.9","pmil","0","55.710","deg","20.000","°C","100.000","%a.s.","22.780","deg","20.000","°C","969.000","hPa","0.82","-0.015","0.00036","-0.00014","0","10","Humid","58.27","1","2500.00","296903.73","SADF0001000082","ABF0.1.0.10","4.0.0.2393","PSt7-10","250224-007","7/27/2025 6:28:56 PM","0000-00","0","no battery","V","","µV","","µV"
"03/05/2026","15:04:13","2","default","813736599","OXY_06","108.234","min","322.289","μmol/L","Humid","17.289","deg","51836","µV","24.068","°C","1017.000","hPa","34.9","pmil","0","55.710","deg","20.000","°C","100.000","%a.s.","22.780","deg","20.000","°C","969.000","hPa","0.82","-0.015","0.00036","-0.00014","0","10","Humid","58.27","1","2500.00","296898.57","SADF0001000082","ABF0.1.0.10","4.0.0.2393","PSt7-10","250224-007","7/27/2025 6:28:56 PM","0000-00","0","no battery","V","","µV","","µV"
"03/05/2026","15:04:15","2","default","813736599","OXY_06","108.266","min","322.689","μmol/L","Humid","17.278","deg","51824","µV","24.061","°C","1017.000","hPa","34.9","pmil","0","55.710","deg","20.000","°C","100.000","%a.s.","22.780","deg","20.000","°C","969.000","hPa","0.82","-0.015","0.00036","-0.00014","0","10","Humid","58.27","1","2500.00","296903.82","SADF0001000082","ABF0.1.0.10","4.0.0.2393","PSt7-10","250224-007","7/27/2025 6:28:56 PM","0000-00","0","no battery","V","","µV","","µV"
"03/05/2026","15:04:17","2","default","813736599","OXY_06","108.300","min","322.726","μmol/L","Humid","17.275","deg","51820","µV","24.068","°C","1017.000","hPa","34.9","pmil","0","55.710","deg","20.000","°C","100.000","%a.s.","22.780","deg","20.000","°C","969.000","hPa","0.82","-0.015","0.00036","-0.00014","0","10","Humid","58.27","1","2500.00","296897.76","SADF0001000082","ABF0.1.0.10","4.0.0.2393","PSt7-10","250224-007","7/27/2025 6:28:56 PM","0000-00","0","no battery","V","","µV","","µV"
"03/05/2026","15:04:19","2","default","813736599","OXY_06","108.333","min","322.845","μmol/L","Humid","17.273","deg","51808","µV","24.061","°C","1017.000","hPa","34.9","pmil","0","55.710","deg","20.000","°C","100.000","%a.s.","22.780","deg","20.000","°C","969.000","hPa","0.82","-0.015","0.00036","-0.00014","0","10","Humid","58.27","1","2500.00","296888.11","SADF0001000082","ABF0.1.0.10","4.0.0.2393","PSt7-10","250224-007","7/27/2025 6:28:56 PM","0000-00","0","no battery","V","","µV","","µV"
"03/05/2026","15:04:21","2","default","813736599","OXY_06","108.367","min","322.757","μmol/L","Humid","17.274","deg","51808","µV","24.068","°C","1017.000","hPa","34.9","pmil","0","55.710","deg","20.000","°C","100.000","%a.s.","22.780","deg","20.000","°C","969.000","hPa","0.82","-0.015","0.00036","-0.00014","0","10","Humid","58.27","1","2500.00","296903.94","SADF0001000082","ABF0.1.0.10","4.0.0.2393","PSt7-10","250224-007","7/27/2025 6:28:56 PM","0000-00","0","no battery","V","","µV","","µV"
"03/05/2026","15:04:23","2","default","813736599","OXY_06","108.400","min","322.851","μmol/L","Humid","17.271","deg","51803","µV","24.068","°C","1017.000","hPa","34.9","pmil","0","55.710","deg","20.000","°C","100.000","%a.s.","22.780","deg","20.000","°C","969.000","hPa","0.82","-0.015","0.00036","-0.00014","0","10","Humid","58.27","1","2500.00","296890.04","SADF0001000082","ABF0.1.0.10","4.0.0.2393","PSt7-10","250224-007","7/27/2025 6:28:56 PM","0000-00","0","no battery","V","","µV","","µV"
"03/05/2026","15:04:25","2","default","813736599","OXY_06","108.433","min","322.644","μmol/L","Humid","17.274","deg","51795","µV","24.080","°C","1017.000","hPa","34.9","pmil","0","55.710","deg","20.000","°C","100.000","%a.s.","22.780","deg","20.000","°C","969.000","hPa","0.82","-0.015","0.00036","-0.00014","0","10","Humid","58.27","1","2500.00","296886.50","SADF0001000082","ABF0.1.0.10","4.0.0.2393","PSt7-10","250224-007","7/27/2025 6:28:56 PM","0000-00","0","no battery","V","","µV","","µV"
"03/05/2026","15:04:27","2","default","813736599","OXY_06","108.467","min","322.831","μmol/L","Humid","17.268","deg","51789","µV","24.080","°C","1017.000","hPa","34.9","pmil","0","55.710","deg","20.000","°C","100.000","%a.s.","22.780","deg","20.000","°C","969.000","hPa","0.82","-0.015","0.00036","-0.00014","0","10","Humid","58.27","1","2500.00","296898.15","SADF0001000082","ABF0.1.0.10","4.0.0.2393","PSt7-10","250224-007","7/27/2025 6:28:56 PM","0000-00","0","no battery","V","","µV","","µV"
"03/05/2026","15:04:29","2","default","813736599","OXY_06","108.500","min","323.121","μmol/L","Humid","17.266","deg","51787","µV","24.055","°C","1017.000","hPa","34.9","pmil","0","55.710","deg","20.000","°C","100.000","%a.s.","22.780","deg","20.000","°C","969.000","hPa","0.82","-0.015","0.00036","-0.00014","0","10","Humid","58.27","1","2500.00","296886.70","SADF0001000082","ABF0.1.0.10","4.0.0.2393","PSt7-10","250224-007","7/27/2025 6:28:56 PM","0000-00","0","no battery","V","","µV","","µV"
"03/05/2026","15:04:31","2","default","813736599","OXY_06","108.534","min","323.001","μmol/L","Humid","17.268","deg","51783","µV","24.061","°C","1017.000","hPa","34.9","pmil","0","55.710","deg","20.000","°C","100.000","%a.s.","22.780","deg","20.000","°C","969.000","hPa","0.82","-0.015","0.00036","-0.00014","0","10","Humid","58.27","1","2500.00","296889.10","SADF0001000082","ABF0.1.0.10","4.0.0.2393","PSt7-10","250224-007","7/27/2025 6:28:56 PM","0000-00","0","no battery","V","","µV","","µV"
"03/05/2026","15:04:33","2","default","813736599","OXY_06","108.566","min","323.121","μmol/L","Humid","17.266","deg","51778","µV","24.055","°C","1017.000","hPa","34.9","pmil","0","55.710","deg","20.000","°C","100.000","%a.s.","22.780","deg","20.000","°C","969.000","hPa","0.82","-0.015","0.00036","-0.00014","0","10","Humid","58.27","1","2500.00","296896.83","SADF0001000082","ABF0.1.0.10","4.0.0.2393","PSt7-10","250224-007","7/27/2025 6:28:56 PM","0000-00","0","no battery","V","","µV","","µV"
"03/05/2026","15:04:35","2","default","813736599","OXY_06","108.600","min","323.058","μmol/L","Humid","17.268","deg","51764","µV","24.055","°C","1017.000","hPa","34.9","pmil","0","55.710","deg","20.000","°C","100.000","%a.s.","22.780","deg","20.000","°C","969.000","hPa","0.82","-0.015","0.00036","-0.00014","0","10","Humid","58.27","1","2500.00","296890.94","SADF0001000082","ABF0.1.0.10","4.0.0.2393","PSt7-10","250224-007","7/27/2025 6:28:56 PM","0000-00","0","no battery","V","","µV","","µV"
"03/05/2026","15:04:37","2","default","813736599","OXY_06","108.633","min","323.201","μmol/L","Humid","17.258","deg","51762","µV","24.074","°C","1017.000","hPa","34.9","pmil","0","55.710","deg","20.000","°C","100.000","%a.s.","22.780","deg","20.000","°C","969.000","hPa","0.82","-0.015","0.00036","-0.00014","0","10","Humid","58.27","1","2500.00","296887.87","SADF0001000082","ABF0.1.0.10","4.0.0.2393","PSt7-10","250224-007","7/27/2025 6:28:56 PM","0000-00","0","no battery","V","","µV","","µV"
"03/05/2026","15:04:39","2","default","813736599","OXY_06","108.667","min","323.289","μmol/L","Humid","17.257","deg","51754","µV","24.068","°C","1017.000","hPa","34.9","pmil","0","55.710","deg","20.000","°C","100.000","%a.s.","22.780","deg","20.000","°C","969.000","hPa","0.82","-0.015","0.00036","-0.00014","0","10","Humid","58.27","1","2500.00","296891.29","SADF0001000082","ABF0.1.0.10","4.0.0.2393","PSt7-10","250224-007","7/27/2025 6:28:56 PM","0000-00","0","no battery","V","","µV","","µV"
"03/05/2026","15:04:41","2","default","813736599","OXY_06","108.700","min","323.465","μmol/L","Humid","17.255","deg","51748","µV","24.055","°C","1017.000","hPa","34.9","pmil","0","55.710","deg","20.000","°C","100.000","%a.s.","22.780","deg","20.000","°C","969.000","hPa","0.82","-0.015","0.00036","-0.00014","0","10","Humid","58.27","1","2500.00","296907.20","SADF0001000082","ABF0.1.0.10","4.0.0.2393","PSt7-10","250224-007","7/27/2025 6:28:56 PM","0000-00","0","no battery","V","","µV","","µV"
"03/05/2026","15:04:43","2","default","813736599","OXY_06","108.733","min","323.357","μmol/L","Humid","17.253","deg","51742","µV","24.074","°C","1017.000","hPa","34.9","pmil","0","55.710","deg","20.000","°C","100.000","%a.s.","22.780","deg","20.000","°C","969.000","hPa","0.82","-0.015","0.00036","-0.00014","0","10","Humid","58.27","1","2500.00","296890.50","SADF0001000082","ABF0.1.0.10","4.0.0.2393","PSt7-10","250224-007","7/27/2025 6:28:56 PM","0000-00","0","no battery","V","","µV","","µV"
"03/05/2026","15:04:45","2","default","813736599","OXY_06","108.766","min","323.465","μmol/L","Humid","17.255","deg","51742","µV","24.055","°C","1017.000","hPa","34.9","pmil","0","55.710","deg","20.000","°C","100.000","%a.s.","22.780","deg","20.000","°C","969.000","hPa","0.82","-0.015","0.00036","-0.00014","0","10","Humid","58.27","1","2500.00","296888.45","SADF0001000082","ABF0.1.0.10","4.0.0.2393","PSt7-10","250224-007","7/27/2025 6:28:56 PM","0000-00","0","no battery","V","","µV","","µV"
"03/05/2026","15:04:47","2","default","813736599","OXY_06","108.800","min","323.647","μmol/L","Humid","17.251","deg","51736","µV","24.049","°C","1017.000","hPa","34.9","pmil","0","55.710","deg","20.000","°C","100.000","%a.s.","22.780","deg","20.000","°C","969.000","hPa","0.82","-0.015","0.00036","-0.00014","0","10","Humid","58.27","1","2500.00","296905.50","SADF0001000082","ABF0.1.0.10","4.0.0.2393","PSt7-10","250224-007","7/27/2025 6:28:56 PM","0000-00","0","no battery","V","","µV","","µV"
"03/05/2026","15:04:49","2","default","813736599","OXY_06","108.833","min","323.308","μmol/L","Humid","17.260","deg","51730","µV","24.055","°C","1017.000","hPa","34.9","pmil","0","55.710","deg","20.000","°C","100.000","%a.s.","22.780","deg","20.000","°C","969.000","hPa","0.82","-0.015","0.00036","-0.00014","0","10","Humid","58.27","1","2500.00","296906.35","SADF0001000082","ABF0.1.0.10","4.0.0.2393","PSt7-10","250224-007","7/27/2025 6:28:56 PM","0000-00","0","no battery","V","","µV","","µV"
"03/05/2026","15:04:51","2","default","813736599","OXY_06","108.867","min","323.685","μmol/L","Humid","17.248","deg","51727","µV","24.055","°C","1017.000","hPa","34.9","pmil","0","55.710","deg","20.000","°C","100.000","%a.s.","22.780","deg","20.000","°C","969.000","hPa","0.82","-0.015","0.00036","-0.00014","0","10","Humid","58.27","1","2500.00","296903.28","SADF0001000082","ABF0.1.0.10","4.0.0.2393","PSt7-10","250224-007","7/27/2025 6:28:56 PM","0000-00","0","no battery","V","","µV","","µV"
"03/05/2026","15:04:53","2","default","813736599","OXY_06","108.900","min","323.446","μmol/L","Humid","17.252","deg","51714","µV","24.068","°C","1017.000","hPa","34.9","pmil","0","55.710","deg","20.000","°C","100.000","%a.s.","22.780","deg","20.000","°C","969.000","hPa","0.82","-0.015","0.00036","-0.00014","0","10","Humid","58.27","1","2500.00","296897.70","SADF0001000082","ABF0.1.0.10","4.0.0.2393","PSt7-10","250224-007","7/27/2025 6:28:56 PM","0000-00","0","no battery","V","","µV","","µV"
"03/05/2026","15:04:55","2","default","813736599","OXY_06","108.933","min","323.634","μmol/L","Humid","17.246","deg","51720","µV","24.068","°C","1017.000","hPa","34.9","pmil","0","55.710","deg","20.000","°C","100.000","%a.s.","22.780","deg","20.000","°C","969.000","hPa","0.82","-0.015","0.00036","-0.00014","0","10","Humid","58.27","1","2500.00","296894.38","SADF0001000082","ABF0.1.0.10","4.0.0.2393","PSt7-10","250224-007","7/27/2025 6:28:56 PM","0000-00","0","no battery","V","","µV","","µV"
"03/05/2026","15:04:57","2","default","813736599","OXY_06","108.967","min","323.571","μmol/L","Humid","17.248","deg","51708","µV","24.068","°C","1017.000","hPa","34.9","pmil","0","55.710","deg","20.000","°C","100.000","%a.s.","22.780","deg","20.000","°C","969.000","hPa","0.82","-0.015","0.00036","-0.00014","0","10","Humid","58.27","1","2500.00","296887.69","SADF0001000082","ABF0.1.0.10","4.0.0.2393","PSt7-10","250224-007","7/27/2025 6:28:56 PM","0000-00","0","no battery","V","","µV","","µV"
"03/05/2026","15:04:59","2","default","813736599","OXY_06","109.000","min","323.708","μmol/L","Humid","17.240","deg","51702","µV","24.080","°C","1017.000","hPa","34.9","pmil","0","55.710","deg","20.000","°C","100.000","%a.s.","22.780","deg","20.000","°C","969.000","hPa","0.82","-0.015","0.00036","-0.00014","0","10","Humid","58.27","1","2500.00","296895.79","SADF0001000082","ABF0.1.0.10","4.0.0.2393","PSt7-10","250224-007","7/27/2025 6:28:56 PM","0000-00","0","no battery","V","","µV","","µV"
"03/05/2026","15:05:01","2","default","813736599","OXY_06","109.033","min","323.628","μmol/L","Humid","17.248","deg","51697","µV","24.061","°C","1017.000","hPa","34.9","pmil","0","55.710","deg","20.000","°C","100.000","%a.s.","22.780","deg","20.000","°C","969.000","hPa","0.82","-0.015","0.00036","-0.00014","0","10","Humid","58.27","1","2500.00","296901.31","SADF0001000082","ABF0.1.0.10","4.0.0.2393","PSt7-10","250224-007","7/27/2025 6:28:56 PM","0000-00","0","no battery","V","","µV","","µV"
"03/05/2026","15:05:03","2","default","813736599","OXY_06","109.066","min","323.834","μmol/L","Humid","17.236","deg","51685","µV","24.080","°C","1017.000","hPa","34.9","pmil","0","55.710","deg","20.000","°C","100.000","%a.s.","22.780","deg","20.000","°C","969.000","hPa","0.82","-0.015","0.00036","-0.00014","0","10","Humid","58.27","1","2500.00","296898.54","SADF0001000082","ABF0.1.0.10","4.0.0.2393","PSt7-10","250224-007","7/27/2025 6:28:56 PM","0000-00","0","no battery","V","","µV","","µV"
"03/05/2026","15:05:05","2","default","813736599","OXY_06","109.100","min","323.873","μmol/L","Humid","17.242","deg","51686","µV","24.055","°C","1017.000","hPa","34.9","pmil","0","55.710","deg","20.000","°C","100.000","%a.s.","22.780","deg","20.000","°C","969.000","hPa","0.82","-0.015","0.00036","-0.00014","0","10","Humid","58.27","1","2500.00","296906.19","SADF0001000082","ABF0.1.0.10","4.0.0.2393","PSt7-10","250224-007","7/27/2025 6:28:56 PM","0000-00","0","no battery","V","","µV","","µV"
"03/05/2026","15:05:07","2","default","813736599","OXY_06","109.134","min","324.168","μmol/L","Humid","17.229","deg","51680","µV","24.068","°C","1017.000","hPa","34.9","pmil","0","55.710","deg","20.000","°C","100.000","%a.s.","22.780","deg","20.000","°C","969.000","hPa","0.82","-0.015","0.00036","-0.00014","0","10","Humid","58.27","1","2500.00","296907.74","SADF0001000082","ABF0.1.0.10","4.0.0.2393","PSt7-10","250224-007","7/27/2025 6:28:56 PM","0000-00","0","no battery","V","","µV","","µV"
"03/05/2026","15:05:09","2","default","813736599","OXY_06","109.167","min","324.030","μmol/L","Humid","17.237","deg","51674","µV","24.055","°C","1017.000","hPa","34.9","pmil","0","55.710","deg","20.000","°C","100.000","%a.s.","22.780","deg","20.000","°C","969.000","hPa","0.82","-0.015","0.00036","-0.00014","0","10","Humid","58.27","1","2500.00","296893.83","SADF0001000082","ABF0.1.0.10","4.0.0.2393","PSt7-10","250224-007","7/27/2025 6:28:56 PM","0000-00","0","no battery","V","","µV","","µV"
"03/05/2026","15:05:11","2","default","813736599","OXY_06","109.200","min","323.973","μmol/L","Humid","17.237","deg","51683","µV","24.061","°C","1017.000","hPa","34.9","pmil","0","55.710","deg","20.000","°C","100.000","%a.s.","22.780","deg","20.000","°C","969.000","hPa","0.82","-0.015","0.00036","-0.00014","0","10","Humid","58.27","1","2500.00","296901.19","SADF0001000082","ABF0.1.0.10","4.0.0.2393","PSt7-10","250224-007","7/27/2025 6:28:56 PM","0000-00","0","no battery","V","","µV","","µV"
"03/05/2026","15:05:13","2","default","813736599","OXY_06","109.233","min","324.010","μmol/L","Humid","17.234","deg","51670","µV","24.068","°C","1017.000","hPa","34.9","pmil","0","55.710","deg","20.000","°C","100.000","%a.s.","22.780","deg","20.000","°C","969.000","hPa","0.82","-0.015","0.00036","-0.00014","0","10","Humid","58.27","1","2500.00","296903.82","SADF0001000082","ABF0.1.0.10","4.0.0.2393","PSt7-10","250224-007","7/27/2025 6:28:56 PM","0000-00","0","no battery","V","","µV","","µV"
"03/05/2026","15:05:15","2","default","813736599","OXY_06","109.267","min","324.193","μmol/L","Humid","17.230","deg","51662","µV","24.061","°C","1017.000","hPa","34.9","pmil","0","55.710","deg","20.000","°C","100.000","%a.s.","22.780","deg","20.000","°C","969.000","hPa","0.82","-0.015","0.00036","-0.00014","0","10","Humid","58.27","1","2500.00","296896.36","SADF0001000082","ABF0.1.0.10","4.0.0.2393","PSt7-10","250224-007","7/27/2025 6:28:56 PM","0000-00","0","no battery","V","","µV","","µV"
"03/05/2026","15:05:17","2","default","813736599","OXY_06","109.300","min","324.067","μmol/L","Humid","17.234","deg","51652","µV","24.061","°C","1017.000","hPa","34.9","pmil","0","55.710","deg","20.000","°C","100.000","%a.s.","22.780","deg","20.000","°C","969.000","hPa","0.82","-0.015","0.00036","-0.00014","0","10","Humid","58.27","1","2500.00","296895.81","SADF0001000082","ABF0.1.0.10","4.0.0.2393","PSt7-10","250224-007","7/27/2025 6:28:56 PM","0000-00","0","no battery","V","","µV","","µV"
"03/05/2026","15:05:19","2","default","813736599","OXY_06","109.333","min","324.085","μmol/L","Humid","17.228","deg","51654","µV","24.080","°C","1017.000","hPa","34.9","pmil","0","55.710","deg","20.000","°C","100.000","%a.s.","22.780","deg","20.000","°C","969.000","hPa","0.82","-0.015","0.00036","-0.00014","0","10","Humid","58.27","1","2500.00","296900.58","SADF0001000082","ABF0.1.0.10","4.0.0.2393","PSt7-10","250224-007","7/27/2025 6:28:56 PM","0000-00","0","no battery","V","","µV","","µV"
"03/05/2026","15:05:21","2","default","813736599","OXY_06","109.367","min","324.439","μmol/L","Humid","17.224","deg","51650","µV","24.055","°C","1017.000","hPa","34.9","pmil","0","55.710","deg","20.000","°C","100.000","%a.s.","22.780","deg","20.000","°C","969.000","hPa","0.82","-0.015","0.00036","-0.00014","0","10","Humid","58.27","1","2500.00","296900.70","SADF0001000082","ABF0.1.0.10","4.0.0.2393","PSt7-10","250224-007","7/27/2025 6:28:56 PM","0000-00","0","no battery","V","","µV","","µV"
"03/05/2026","15:05:23","2","default","813736599","OXY_06","109.400","min","324.439","μmol/L","Humid","17.224","deg","51637","µV","24.055","°C","1017.000","hPa","34.9","pmil","0","55.710","deg","20.000","°C","100.000","%a.s.","22.780","deg","20.000","°C","969.000","hPa","0.82","-0.015","0.00036","-0.00014","0","10","Humid","58.27","1","2500.00","296904.75","SADF0001000082","ABF0.1.0.10","4.0.0.2393","PSt7-10","250224-007","7/27/2025 6:28:56 PM","0000-00","0","no battery","V","","µV","","µV"
"03/05/2026","15:05:25","2","default","813736599","OXY_06","109.433","min","324.111","μmol/L","Humid","17.229","deg","51633","µV","24.074","°C","1017.000","hPa","34.9","pmil","0","55.710","deg","20.000","°C","100.000","%a.s.","22.780","deg","20.000","°C","969.000","hPa","0.82","-0.015","0.00036","-0.00014","0","10","Humid","58.27","1","2500.00","296910.29","SADF0001000082","ABF0.1.0.10","4.0.0.2393","PSt7-10","250224-007","7/27/2025 6:28:56 PM","0000-00","0","no battery","V","","µV","","µV"
"03/05/2026","15:05:27","2","default","813736599","OXY_06","109.466","min","324.331","μmol/L","Humid","17.222","deg","51620","µV","24.074","°C","1017.000","hPa","34.9","pmil","0","55.710","deg","20.000","°C","100.000","%a.s.","22.780","deg","20.000","°C","969.000","hPa","0.82","-0.015","0.00036","-0.00014","0","10","Humid","58.27","1","2500.00","296896.45","SADF0001000082","ABF0.1.0.10","4.0.0.2393","PSt7-10","250224-007","7/27/2025 6:28:56 PM","0000-00","0","no battery","V","","µV","","µV"
"03/05/2026","15:05:29","2","default","813736599","OXY_06","109.500","min","324.608","μmol/L","Humid","17.215","deg","51625","µV","24.068","°C","1017.000","hPa","34.9","pmil","0","55.710","deg","20.000","°C","100.000","%a.s.","22.780","deg","20.000","°C","969.000","hPa","0.82","-0.015","0.00036","-0.00014","0","10","Humid","58.27","1","2500.00","296902.33","SADF0001000082","ABF0.1.0.10","4.0.0.2393","PSt7-10","250224-007","7/27/2025 6:28:56 PM","0000-00","0","no battery","V","","µV","","µV"
"03/05/2026","15:05:31","2","default","813736599","OXY_06","109.533","min","324.413","μmol/L","Humid","17.223","deg","51612","µV","24.061","°C","1017.000","hPa","34.9","pmil","0","55.710","deg","20.000","°C","100.000","%a.s.","22.780","deg","20.000","°C","969.000","hPa","0.82","-0.015","0.00036","-0.00014","0","10","Humid","58.27","1","2500.00","296901.49","SADF0001000082","ABF0.1.0.10","4.0.0.2393","PSt7-10","250224-007","7/27/2025 6:28:56 PM","0000-00","0","no battery","V","","µV","","µV"
"03/05/2026","15:05:33","2","default","813736599","OXY_06","109.566","min","324.217","μmol/L","Humid","17.222","deg","51613","µV","24.086","°C","1017.000","hPa","34.9","pmil","0","55.710","deg","20.000","°C","100.000","%a.s.","22.780","deg","20.000","°C","969.000","hPa","0.82","-0.015","0.00036","-0.00014","0","10","Humid","58.27","1","2500.00","296891.32","SADF0001000082","ABF0.1.0.10","4.0.0.2393","PSt7-10","250224-007","7/27/2025 6:28:56 PM","0000-00","0","no battery","V","","µV","","µV"
"03/05/2026","15:05:35","2","default","813736599","OXY_06","109.600","min","324.716","μmol/L","Humid","17.217","deg","51606","µV","24.049","°C","1017.000","hPa","34.9","pmil","0","55.710","deg","20.000","°C","100.000","%a.s.","22.780","deg","20.000","°C","969.000","hPa","0.82","-0.015","0.00036","-0.00014","0","10","Humid","58.27","1","2500.00","296894.55","SADF0001000082","ABF0.1.0.10","4.0.0.2393","PSt7-10","250224-007","7/27/2025 6:28:56 PM","0000-00","0","no battery","V","","µV","","µV"
"03/05/2026","15:05:37","2","default","813736599","OXY_06","109.633","min","324.368","μmol/L","Humid","17.219","deg","51600","µV","24.080","°C","1017.000","hPa","34.9","pmil","0","55.710","deg","20.000","°C","100.000","%a.s.","22.780","deg","20.000","°C","969.000","hPa","0.82","-0.015","0.00036","-0.00014","0","10","Humid","58.27","1","2500.00","296897.70","SADF0001000082","ABF0.1.0.10","4.0.0.2393","PSt7-10","250224-007","7/27/2025 6:28:56 PM","0000-00","0","no battery","V","","µV","","µV"
"03/05/2026","15:05:39","2","default","813736599","OXY_06","109.667","min","324.677","μmol/L","Humid","17.211","deg","51594","µV","24.074","°C","1017.000","hPa","34.9","pmil","0","55.710","deg","20.000","°C","100.000","%a.s.","22.780","deg","20.000","°C","969.000","hPa","0.82","-0.015","0.00036","-0.00014","0","10","Humid","58.27","1","2500.00","296896.20","SADF0001000082","ABF0.1.0.10","4.0.0.2393","PSt7-10","250224-007","7/27/2025 6:28:56 PM","0000-00","0","no battery","V","","µV","","µV"
"03/05/2026","15:05:41","2","default","813736599","OXY_06","109.700","min","324.520","μmol/L","Humid","17.216","deg","51592","µV","24.074","°C","1017.000","hPa","34.9","pmil","0","55.710","deg","20.000","°C","100.000","%a.s.","22.780","deg","20.000","°C","969.000","hPa","0.82","-0.015","0.00036","-0.00014","0","10","Humid","58.27","1","2500.00","296894.19","SADF0001000082","ABF0.1.0.10","4.0.0.2393","PSt7-10","250224-007","7/27/2025 6:28:56 PM","0000-00","0","no battery","V","","µV","","µV"
"03/05/2026","15:05:43","2","default","813736599","OXY_06","109.733","min","324.571","μmol/L","Humid","17.218","deg","51585","µV","24.061","°C","1017.000","hPa","34.9","pmil","0","55.710","deg","20.000","°C","100.000","%a.s.","22.780","deg","20.000","°C","969.000","hPa","0.82","-0.015","0.00036","-0.00014","0","10","Humid","58.27","1","2500.00","296902.83","SADF0001000082","ABF0.1.0.10","4.0.0.2393","PSt7-10","250224-007","7/27/2025 6:28:56 PM","0000-00","0","no battery","V","","µV","","µV"
"03/05/2026","15:05:45","2","default","813736599","OXY_06","109.767","min","324.595","μmol/L","Humid","17.210","deg","51579","µV","24.086","°C","1017.000","hPa","34.9","pmil","0","55.710","deg","20.000","°C","100.000","%a.s.","22.780","deg","20.000","°C","969.000","hPa","0.82","-0.015","0.00036","-0.00014","0","10","Humid","58.27","1","2500.00","296892.36","SADF0001000082","ABF0.1.0.10","4.0.0.2393","PSt7-10","250224-007","7/27/2025 6:28:56 PM","0000-00","0","no battery","V","","µV","","µV"
"03/05/2026","15:05:47","2","default","813736599","OXY_06","109.800","min","324.557","μmol/L","Humid","17.213","deg","51571","µV","24.080","°C","1017.000","hPa","34.9","pmil","0","55.710","deg","20.000","°C","100.000","%a.s.","22.780","deg","20.000","°C","969.000","hPa","0.82","-0.015","0.00036","-0.00014","0","10","Humid","58.27","1","2500.00","296901.34","SADF0001000082","ABF0.1.0.10","4.0.0.2393","PSt7-10","250224-007","7/27/2025 6:28:56 PM","0000-00","0","no battery","V","","µV","","µV"
"03/05/2026","15:05:49","2","default","813736599","OXY_06","109.833","min","324.829","μmol/L","Humid","17.208","deg","51571","µV","24.068","°C","1017.000","hPa","34.9","pmil","0","55.710","deg","20.000","°C","100.000","%a.s.","22.780","deg","20.000","°C","969.000","hPa","0.82","-0.015","0.00036","-0.00014","0","10","Humid","58.27","1","2500.00","296911.17","SADF0001000082","ABF0.1.0.10","4.0.0.2393","PSt7-10","250224-007","7/27/2025 6:28:56 PM","0000-00","0","no battery","V","","µV","","µV"
"03/05/2026","15:05:51","2","default","813736599","OXY_06","109.867","min","324.860","μmol/L","Humid","17.207","deg","51569","µV","24.068","°C","1017.000","hPa","34.9","pmil","0","55.710","deg","20.000","°C","100.000","%a.s.","22.780","deg","20.000","°C","969.000","hPa","0.82","-0.015","0.00036","-0.00014","0","10","Humid","58.27","1","2500.00","296908.88","SADF0001000082","ABF0.1.0.10","4.0.0.2393","PSt7-10","250224-007","7/27/2025 6:28:56 PM","0000-00","0","no battery","V","","µV","","µV"
"03/05/2026","15:05:53","2","default","813736599","OXY_06","109.900","min","325.075","μmol/L","Humid","17.202","deg","51557","µV","24.061","°C","1017.000","hPa","34.9","pmil","0","55.710","deg","20.000","°C","100.000","%a.s.","22.780","deg","20.000","°C","969.000","hPa","0.82","-0.015","0.00036","-0.00014","0","10","Humid","58.27","1","2500.00","296911.18","SADF0001000082","ABF0.1.0.10","4.0.0.2393","PSt7-10","250224-007","7/27/2025 6:28:56 PM","0000-00","0","no battery","V","","µV","","µV"
"03/05/2026","15:05:55","2","default","813736599","OXY_06","109.933","min","324.961","μmol/L","Humid","17.202","deg","51555","µV","24.074","°C","1017.000","hPa","34.9","pmil","0","55.710","deg","20.000","°C","100.000","%a.s.","22.780","deg","20.000","°C","969.000","hPa","0.82","-0.015","0.00036","-0.00014","0","10","Humid","58.27","1","2500.00","296899.01","SADF0001000082","ABF0.1.0.10","4.0.0.2393","PSt7-10","250224-007","7/27/2025 6:28:56 PM","0000-00","0","no battery","V","","µV","","µV"
"03/05/2026","15:05:57","2","default","813736599","OXY_06","109.966","min","324.866","μmol/L","Humid","17.205","deg","51551","µV","24.074","°C","1017.000","hPa","34.9","pmil","0","55.710","deg","20.000","°C","100.000","%a.s.","22.780","deg","20.000","°C","969.000","hPa","0.82","-0.015","0.00036","-0.00014","0","10","Humid","58.27","1","2500.00","296896.03","SADF0001000082","ABF0.1.0.10","4.0.0.2393","PSt7-10","250224-007","7/27/2025 6:28:56 PM","0000-00","0","no battery","V","","µV","","µV"
"03/05/2026","15:05:59","2","default","813736599","OXY_06","110.000","min","325.055","μmol/L","Humid","17.199","deg","51546","µV","24.074","°C","1017.000","hPa","34.9","pmil","0","55.710","deg","20.000","°C","100.000","%a.s.","22.780","deg","20.000","°C","969.000","hPa","0.82","-0.015","0.00036","-0.00014","0","10","Humid","58.27","1","2500.00","296900.54","SADF0001000082","ABF0.1.0.10","4.0.0.2393","PSt7-10","250224-007","7/27/2025 6:28:56 PM","0000-00","0","no battery","V","","µV","","µV"
"03/05/2026","15:06:01","2","default","813736599","OXY_06","110.033","min","325.132","μmol/L","Humid","17.202","deg","51546","µV","24.055","°C","1017.000","hPa","34.9","pmil","0","55.710","deg","20.000","°C","100.000","%a.s.","22.780","deg","20.000","°C","969.000","hPa","0.82","-0.015","0.00036","-0.00014","0","10","Humid","58.27","1","2500.00","296903.21","SADF0001000082","ABF0.1.0.10","4.0.0.2393","PSt7-10","250224-007","7/27/2025 6:28:56 PM","0000-00","0","no battery","V","","µV","","µV"
"03/05/2026","15:06:03","2","default","813736599","OXY_06","110.067","min","325.258","μmol/L","Humid","17.198","deg","51543","µV","24.055","°C","1017.000","hPa","34.9","pmil","0","55.710","deg","20.000","°C","100.000","%a.s.","22.780","deg","20.000","°C","969.000","hPa","0.82","-0.015","0.00036","-0.00014","0","10","Humid","58.27","1","2500.00","296917.42","SADF0001000082","ABF0.1.0.10","4.0.0.2393","PSt7-10","250224-007","7/27/2025 6:28:56 PM","0000-00","0","no battery","V","","µV","","µV"
"03/05/2026","15:06:05","2","default","813736599","OXY_06","110.100","min","325.195","μmol/L","Humid","17.200","deg","51525","µV","24.055","°C","1017.000","hPa","34.9","pmil","0","55.710","deg","20.000","°C","100.000","%a.s.","22.780","deg","20.000","°C","969.000","hPa","0.82","-0.015","0.00036","-0.00014","0","10","Humid","58.27","1","2500.00","296896.95","SADF0001000082","ABF0.1.0.10","4.0.0.2393","PSt7-10","250224-007","7/27/2025 6:28:56 PM","0000-00","0","no battery","V","","µV","","µV"
"03/05/2026","15:06:07","2","default","813736599","OXY_06","110.133","min","325.353","μmol/L","Humid","17.195","deg","51522","µV","24.055","°C","1017.000","hPa","34.9","pmil","0","55.710","deg","20.000","°C","100.000","%a.s.","22.780","deg","20.000","°C","969.000","hPa","0.82","-0.015","0.00036","-0.00014","0","10","Humid","58.27","1","2500.00","296898.92","SADF0001000082","ABF0.1.0.10","4.0.0.2393","PSt7-10","250224-007","7/27/2025 6:28:56 PM","0000-00","0","no battery","V","","µV","","µV"
"03/05/2026","15:06:09","2","default","813736599","OXY_06","110.167","min","325.302","μmol/L","Humid","17.193","deg","51520","µV","24.068","°C","1017.000","hPa","34.9","pmil","0","55.710","deg","20.000","°C","100.000","%a.s.","22.780","deg","20.000","°C","969.000","hPa","0.82","-0.015","0.00036","-0.00014","0","10","Humid","58.27","1","2500.00","296909.90","SADF0001000082","ABF0.1.0.10","4.0.0.2393","PSt7-10","250224-007","7/27/2025 6:28:56 PM","0000-00","0","no battery","V","","µV","","µV"
"03/05/2026","15:06:11","2","default","813736599","OXY_06","110.200","min","325.308","μmol/L","Humid","17.191","deg","51521","µV","24.074","°C","1017.000","hPa","34.9","pmil","0","55.710","deg","20.000","°C","100.000","%a.s.","22.780","deg","20.000","°C","969.000","hPa","0.82","-0.015","0.00036","-0.00014","0","10","Humid","58.27","1","2500.00","296906.44","SADF0001000082","ABF0.1.0.10","4.0.0.2393","PSt7-10","250224-007","7/27/2025 6:28:56 PM","0000-00","0","no battery","V","","µV","","µV"
"03/05/2026","15:06:13","2","default","813736599","OXY_06","110.233","min","324.998","μmol/L","Humid","17.199","deg","51507","µV","24.080","°C","1017.000","hPa","34.9","pmil","0","55.710","deg","20.000","°C","100.000","%a.s.","22.780","deg","20.000","°C","969.000","hPa","0.82","-0.015","0.00036","-0.00014","0","10","Humid","58.27","1","2500.00","296902.19","SADF0001000082","ABF0.1.0.10","4.0.0.2393","PSt7-10","250224-007","7/27/2025 6:28:56 PM","0000-00","0","no battery","V","","µV","","µV"
"03/05/2026","15:06:15","2","default","813736599","OXY_06","110.267","min","325.694","μmol/L","Humid","17.186","deg","51504","µV","24.049","°C","1017.000","hPa","34.9","pmil","0","55.710","deg","20.000","°C","100.000","%a.s.","22.780","deg","20.000","°C","969.000","hPa","0.82","-0.015","0.00036","-0.00014","0","10","Humid","58.27","1","2500.00","296897.09","SADF0001000082","ABF0.1.0.10","4.0.0.2393","PSt7-10","250224-007","7/27/2025 6:28:56 PM","0000-00","0","no battery","V","","µV","","µV"
"03/05/2026","15:06:17","2","default","813736599","OXY_06","110.300","min","325.308","μmol/L","Humid","17.191","deg","51508","µV","24.074","°C","1017.000","hPa","34.9","pmil","0","55.710","deg","20.000","°C","100.000","%a.s.","22.780","deg","20.000","°C","969.000","hPa","0.82","-0.015","0.00036","-0.00014","0","10","Humid","58.27","1","2500.00","296888.15","SADF0001000082","ABF0.1.0.10","4.0.0.2393","PSt7-10","250224-007","7/27/2025 6:28:56 PM","0000-00","0","no battery","V","","µV","","µV"
"03/05/2026","15:06:19","2","default","813736599","OXY_06","110.333","min","325.434","μmol/L","Humid","17.187","deg","51504","µV","24.074","°C","1017.000","hPa","34.9","pmil","0","55.710","deg","20.000","°C","100.000","%a.s.","22.780","deg","20.000","°C","969.000","hPa","0.82","-0.015","0.00036","-0.00014","0","10","Humid","58.27","1","2500.00","296891.88","SADF0001000082","ABF0.1.0.10","4.0.0.2393","PSt7-10","250224-007","7/27/2025 6:28:56 PM","0000-00","0","no battery","V","","µV","","µV"
"03/05/2026","15:06:21","2","default","813736599","OXY_06","110.366","min","325.314","μmol/L","Humid","17.189","deg","51494","µV","24.080","°C","1017.000","hPa","34.9","pmil","0","55.710","deg","20.000","°C","100.000","%a.s.","22.780","deg","20.000","°C","969.000","hPa","0.82","-0.015","0.00036","-0.00014","0","10","Humid","58.27","1","2500.00","296890.08","SADF0001000082","ABF0.1.0.10","4.0.0.2393","PSt7-10","250224-007","7/27/2025 6:28:56 PM","0000-00","0","no battery","V","","µV","","µV"
"03/05/2026","15:06:23","2","default","813736599","OXY_06","110.400","min","325.726","μmol/L","Humid","17.185","deg","51487","µV","24.049","°C","1017.000","hPa","34.9","pmil","0","55.710","deg","20.000","°C","100.000","%a.s.","22.780","deg","20.000","°C","969.000","hPa","0.82","-0.015","0.00036","-0.00014","0","10","Humid","58.27","1","2500.00","296892.49","SADF0001000082","ABF0.1.0.10","4.0.0.2393","PSt7-10","250224-007","7/27/2025 6:28:56 PM","0000-00","0","no battery","V","","µV","","µV"
"03/05/2026","15:06:25","2","default","813736599","OXY_06","110.433","min","325.403","μmol/L","Humid","17.188","deg","51483","µV","24.074","°C","1017.000","hPa","34.9","pmil","0","55.710","deg","20.000","°C","100.000","%a.s.","22.780","deg","20.000","°C","969.000","hPa","0.82","-0.015","0.00036","-0.00014","0","10","Humid","58.27","1","2500.00","296897.04","SADF0001000082","ABF0.1.0.10","4.0.0.2393","PSt7-10","250224-007","7/27/2025 6:28:56 PM","0000-00","0","no battery","V","","µV","","µV"
"03/05/2026","15:06:27","2","default","813736599","OXY_06","110.466","min","325.599","μmol/L","Humid","17.180","deg","51478","µV","24.080","°C","1017.000","hPa","34.9","pmil","0","55.710","deg","20.000","°C","100.000","%a.s.","22.780","deg","20.000","°C","969.000","hPa","0.82","-0.015","0.00036","-0.00014","0","10","Humid","58.27","1","2500.00","296892.88","SADF0001000082","ABF0.1.0.10","4.0.0.2393","PSt7-10","250224-007","7/27/2025 6:28:56 PM","0000-00","0","no battery","V","","µV","","µV"
"03/05/2026","15:06:29","2","default","813736599","OXY_06","110.500","min","325.561","μmol/L","Humid","17.183","deg","51473","µV","24.074","°C","1017.000","hPa","34.9","pmil","0","55.710","deg","20.000","°C","100.000","%a.s.","22.780","deg","20.000","°C","969.000","hPa","0.82","-0.015","0.00036","-0.00014","0","10","Humid","58.27","1","2500.00","296889.44","SADF0001000082","ABF0.1.0.10","4.0.0.2393","PSt7-10","250224-007","7/27/2025 6:28:56 PM","0000-00","0","no battery","V","","µV","","µV"
"03/05/2026","15:06:31","2","default","813736599","OXY_06","110.533","min","325.934","μmol/L","Humid","17.173","deg","51467","µV","24.068","°C","1017.000","hPa","34.9","pmil","0","55.710","deg","20.000","°C","100.000","%a.s.","22.780","deg","20.000","°C","969.000","hPa","0.82","-0.015","0.00036","-0.00014","0","10","Humid","58.27","1","2500.00","296899.63","SADF0001000082","ABF0.1.0.10","4.0.0.2393","PSt7-10","250224-007","7/27/2025 6:28:56 PM","0000-00","0","no battery","V","","µV","","µV"
"03/05/2026","15:06:33","2","default","813736599","OXY_06","110.567","min","325.674","μmol/L","Humid","17.174","deg","51461","µV","24.092","°C","1017.000","hPa","34.9","pmil","0","55.710","deg","20.000","°C","100.000","%a.s.","22.780","deg","20.000","°C","969.000","hPa","0.82","-0.015","0.00036","-0.00014","0","10","Humid","58.27","1","2500.00","296898.06","SADF0001000082","ABF0.1.0.10","4.0.0.2393","PSt7-10","250224-007","7/27/2025 6:28:56 PM","0000-00","0","no battery","V","","µV","","µV"

"Date","Time","delta_t","Device_Serial","Channel","User","Annotation"
